22  ,4.48117,-13.3069  ,4.10305,-13.1522   ,3.75794,-12.9242 ,3.45176,-12.6273  ,3.24778,-12.2963  ,3.14944,-11.914   ,3.13327,-11.4808   ,3.19409,-11.0543  ,3.30091,-10.6683  ,3.43808,-10.3008    ,3.59954,-9.93504  ,3.72764,-9.58306  ,4.48117,-13.3069  ,3.97753,-13.4128   ,3.55908,-13.2129  ,3.17926,-12.8673  ,2.90857,-12.4952  ,2.77194,-12.0911   ,2.71843,-11.6074   ,2.76475,-11.1346  ,2.8897 ,-10.7303   ,3.06253,-10.3559  ,3.29888,-9.96982  ,3.72764,-9.58306  ,3.85592,-10.0028  ,3.7698 ,-10.3511  ,3.67801,-10.7121   ,3.59878,-11.0914  ,3.54254,-11.4798  ,3.54464,-11.8554   ,3.63052,-12.195   ,3.80222,-12.4789  ,4.05294,-12.7093  ,4.32874,-12.9447  ,3.43453,11.6878   ,1.43641    ,515,112790,54.8557,10.2426,126.225,0
23  ,4.39771,-13.2621  ,3.9963 ,-13.063    ,3.66878,-12.7978 ,3.41633,-12.5105  ,3.22518,-12.1509  ,3.14576,-11.7125  ,3.16027,-11.3139   ,3.23834,-10.911   ,3.37171,-10.5046  ,3.54364,-10.182     ,3.79808,-9.85581  ,4.09208,-9.5807   ,4.39771,-13.2621  ,3.82379,-13.309    ,3.45027,-13.1106  ,3.15646,-12.8331  ,2.90479,-12.4588  ,2.76243,-11.9564   ,2.72847,-11.4817   ,2.80023,-11.0217  ,2.95575,-10.5739   ,3.15934,-10.2144  ,3.51391,-9.82817  ,4.09208,-9.5807   ,4.00296,-9.97519  ,3.86809,-10.2423  ,3.74954,-10.5292   ,3.6492 ,-10.9125  ,3.57837,-11.2611  ,3.53681,-11.5812   ,3.58404,-11.9482  ,3.75121,-12.2877  ,3.97972,-12.5718  ,4.26303,-12.878   ,3.45383,11.5694   ,1.5195     ,521,113641,55.6321,10.7691,129.539,0
24  ,4.30775,-13.1545  ,3.89358,-12.9603   ,3.5753 ,-12.7164 ,3.31645,-12.3975  ,3.17573,-12.0264  ,3.14007,-11.6603  ,3.17183,-11.216    ,3.26392,-10.8073  ,3.40067,-10.4646  ,3.58696,-10.1169    ,3.82369,-9.74465  ,4.0192 ,-9.43203  ,4.30775,-13.1545  ,3.75749,-13.2327   ,3.38901,-13.0435  ,3.06997,-12.7262  ,2.84906,-12.3583  ,2.74711,-11.9811   ,2.71826,-11.4715   ,2.79064,-10.9859  ,2.93683,-10.5984   ,3.15476,-10.2012  ,3.4974 ,-9.76224  ,4.0192 ,-9.43203  ,4.08241,-9.83184  ,3.95754,-10.1365  ,3.82105,-10.4252   ,3.70471,-10.7371  ,3.60774,-11.0857  ,3.53609,-11.4656   ,3.5284 ,-11.8077  ,3.62298,-12.1667  ,3.84941,-12.4687  ,4.12351,-12.7465  ,3.4274 ,11.4803   ,1.56715    ,517,113854,54.9643,11.8912,126.468,0
25  ,4.14509,-13.0268  ,3.76893,-12.8514   ,3.45576,-12.6029 ,3.23541,-12.2783  ,3.13383,-11.8812  ,3.12369,-11.4854  ,3.16367,-11.0887   ,3.24593,-10.7389  ,3.38346,-10.3951  ,3.57486,-10.0296    ,3.76727,-9.694    ,3.95966,-9.37061  ,4.14509,-13.0268  ,3.63776,-13.089    ,3.24096,-12.917   ,2.94473,-12.6118  ,2.76651,-12.2299  ,2.70744,-11.8017   ,2.71274,-11.3198   ,2.77992,-10.8799  ,2.93356,-10.4693   ,3.16982,-10.0672  ,3.43947,-9.69714  ,3.95966,-9.37061  ,4.03895,-9.78681  ,3.92834,-10.0855  ,3.79064,-10.4131   ,3.67902,-10.7065  ,3.59513,-10.985   ,3.5355 ,-11.3046   ,3.51661,-11.6562  ,3.5745 ,-12.0456  ,3.75144,-12.3703  ,3.99629,-12.6707  ,3.37132,11.3626   ,-1.53015   ,510,113620,53.0667,11.8452,122.811,0
26  ,4.00796,-12.961   ,3.6721 ,-12.7313   ,3.36653,-12.4312 ,3.17393,-12.1323  ,3.07056,-11.7461  ,3.06853,-11.3788  ,3.14431,-10.953    ,3.25241,-10.6383  ,3.42289,-10.2609  ,3.61031,-9.90854    ,3.7804 ,-9.58712  ,3.9275 ,-9.24065  ,4.00796,-12.961   ,3.49822,-12.9657   ,3.0912 ,-12.7025  ,2.82805,-12.3824  ,2.67479,-11.9757  ,2.63155,-11.5621   ,2.67615,-11.0584   ,2.78036,-10.6954  ,2.9776 ,-10.3062   ,3.21883,-9.93744  ,3.47816,-9.59688  ,3.9275 ,-9.24065  ,4.03055,-9.68517  ,3.94352,-9.98401  ,3.82215,-10.3114   ,3.68451,-10.6786  ,3.58388,-10.9639  ,3.49584,-11.321    ,3.48267,-11.6325  ,3.56966,-11.9853  ,3.72329,-12.2547  ,3.93499,-12.5678  ,3.34017,11.252    ,-1.49103   ,515,113010,52.5334,11.1929,122.225,0
27  ,3.87502,-12.9135  ,3.59679,-12.6169   ,3.33603,-12.31   ,3.13891,-11.9623  ,3.05461,-11.6125  ,3.06643,-11.2195  ,3.14313,-10.844    ,3.28155,-10.4746  ,3.45309,-10.1112  ,3.64329,-9.78376    ,3.86336,-9.45887  ,4.0656 ,-9.18457  ,3.87502,-12.9135  ,3.39695,-12.8126   ,3.04246,-12.5578  ,2.78576,-12.2087  ,2.66235,-11.838   ,2.62717,-11.3753   ,2.67155,-10.9215   ,2.81088,-10.5153  ,3.01941,-10.137    ,3.27582,-9.78207  ,3.59453,-9.41728  ,4.0656 ,-9.18457  ,4.0603 ,-9.60458  ,3.94087,-9.8963   ,3.83207,-10.1915   ,3.70931,-10.5355  ,3.58282,-10.884   ,3.4905 ,-11.196    ,3.46211,-11.5114  ,3.53606,-11.8226  ,3.6999 ,-12.1537  ,3.87119,-12.5033  ,3.32681,11.1252   ,-1.45702   ,503,112371,52.2289,11.1855,120.811,0
28  ,3.70571,-12.9123  ,3.53261,-12.5288   ,3.35163,-12.2435 ,3.15237,-11.8995  ,3.05511,-11.534   ,3.04944,-11.12    ,3.11426,-10.8046   ,3.26297,-10.4351  ,3.44831,-10.0872  ,3.65441,-9.76312    ,3.84634,-9.49625  ,4.06846,-9.19833  ,3.70571,-12.9123  ,3.25619,-12.6645   ,2.9769 ,-12.4025  ,2.72498,-12.0378  ,2.62904,-11.615   ,2.62724,-11.1061   ,2.6849 ,-10.7304   ,2.84174,-10.3358  ,3.07353,-9.98112   ,3.34575,-9.66612  ,3.59147,-9.40781  ,4.06846,-9.19833  ,4.03733,-9.67468  ,3.90083,-9.94928  ,3.76843,-10.2916   ,3.63522,-10.6344  ,3.51039,-10.9966  ,3.45895,-11.2706   ,3.50202,-11.586   ,3.62753,-11.8661  ,3.78893,-12.1794  ,3.86352,-12.4898  ,3.31801,11.0813   ,-1.46054   ,502,111719,50.9259,11.2679,119.983,0
29  ,3.59394,-12.8988  ,3.4643 ,-12.5448   ,3.27334,-12.1798 ,3.09719,-11.8733  ,2.95409,-11.4958  ,2.92578,-11.1309  ,2.99511,-10.7794   ,3.15   ,-10.4222  ,3.34535,-10.1148  ,3.59649,-9.80088    ,3.85861,-9.51607  ,4.09114,-9.29787  ,3.59394,-12.8988  ,3.16933,-12.6664   ,2.89265,-12.3021  ,2.68709,-11.9793  ,2.52049,-11.5782  ,2.47059,-11.1873   ,2.51808,-10.7961   ,2.67328,-10.4107  ,2.91959,-10.0773   ,3.26018,-9.71519  ,3.62081,-9.4035   ,4.09114,-9.29787  ,4.01314,-9.71568  ,3.84418,-9.98974  ,3.69699,-10.2568   ,3.57421,-10.5337  ,3.43914,-10.8731  ,3.37511,-11.1986   ,3.41698,-11.5272  ,3.56157,-11.8697  ,3.7149 ,-12.1609  ,3.8002 ,-12.5245  ,3.23549,11.0798   ,-1.46501   ,505,112122,50.7476,11.3356,119.054,0
30  ,3.54581,-12.9022  ,3.38062,-12.5169   ,3.25678,-12.2162 ,3.07806,-11.8527  ,2.94721,-11.5106  ,2.8861 ,-11.1578  ,2.90501,-10.8041   ,3.05326,-10.4569  ,3.30257,-10.1334  ,3.54901,-9.87278    ,3.79388,-9.64002  ,4.07272,-9.41503  ,3.54581,-12.9022  ,3.07232,-12.6285   ,2.8821 ,-12.3184  ,2.6695 ,-11.9261  ,2.51768,-11.5694  ,2.46311,-11.1518   ,2.48601,-10.715    ,2.63241,-10.3196  ,2.93488,-9.96179   ,3.25345,-9.67944  ,3.56523,-9.47059  ,4.07272,-9.41503  ,3.94174,-9.88363  ,3.76195,-10.149   ,3.59116,-10.3966   ,3.41681,-10.6873  ,3.30315,-11.0045  ,3.32066,-11.2857   ,3.40785,-11.5596  ,3.52956,-11.8682  ,3.67582,-12.2114  ,3.72669,-12.5053  ,3.19798,11.0642   ,-1.46664   ,502,112318,49.9989,10.918 ,117.64 ,0
31  ,3.57946,-12.8982  ,3.42778,-12.5289   ,3.2899 ,-12.2045 ,3.11245,-11.8467  ,2.99771,-11.5268  ,2.92988,-11.1521  ,2.94276,-10.7628   ,3.0617 ,-10.4126  ,3.2822 ,-10.1072  ,3.55454,-9.84382    ,3.82125,-9.59803  ,4.061  ,-9.37819  ,3.57946,-12.8982  ,3.09919,-12.5931   ,2.86946,-12.2298  ,2.66758,-11.8184  ,2.53911,-11.4505  ,2.46975,-11.0133   ,2.50581,-10.5698   ,2.66771,-10.2047  ,2.94161,-9.88711   ,3.27144,-9.64012  ,3.59501,-9.46027  ,4.061  ,-9.37819  ,3.97515,-9.80581  ,3.75828,-10.1192  ,3.55026,-10.4089   ,3.40785,-10.715   ,3.36403,-11.0633  ,3.40105,-11.4032   ,3.48463,-11.7015  ,3.59532,-11.9577  ,3.74888,-12.2589  ,3.78381,-12.5434  ,3.21538,11.0373   ,-1.48749   ,504,112187,50.0846,12.3825,119.054,0
32  ,3.74272,-12.7279  ,3.5151 ,-12.4338   ,3.30633,-12.1122 ,3.15699,-11.7795  ,3.06697,-11.3785  ,3.03848,-10.9947  ,3.06708,-10.6365   ,3.16004,-10.3235  ,3.37379,-9.99473  ,3.6164 ,-9.75063    ,3.91464,-9.53068  ,4.24476,-9.36792  ,3.74272,-12.7279  ,3.24172,-12.5861   ,2.92849,-12.2428  ,2.7438 ,-11.8775  ,2.64701,-11.4284  ,2.62321,-10.9491   ,2.65574,-10.4863   ,2.76678,-10.1274  ,3.04101,-9.77643   ,3.34597,-9.52106  ,3.69671,-9.33347  ,4.24476,-9.36792  ,4.04565,-9.78368  ,3.80331,-10.0539  ,3.63288,-10.3033   ,3.51138,-10.6184  ,3.4609 ,-10.8999  ,3.45582,-11.1672   ,3.50567,-11.4532  ,3.60481,-11.7825  ,3.73824,-12.0732  ,3.85109,-12.3708  ,3.30354,10.957    ,-1.46924   ,508,112838,50.108 ,11.1017,119.64 ,0
33  ,3.90667,-12.7204  ,3.61197,-12.4232   ,3.40081,-12.1123 ,3.2209 ,-11.7452  ,3.1378 ,-11.3755  ,3.12615,-11.0214  ,3.17731,-10.6235   ,3.30008,-10.2351  ,3.48011,-9.90879  ,3.74023,-9.60884    ,4.01801,-9.36756  ,4.31101,-9.17086  ,3.90667,-12.7204  ,3.3672 ,-12.5974   ,3.05839,-12.2838  ,2.83299,-11.8669  ,2.73318,-11.4339  ,2.71116,-11.001    ,2.75879,-10.5173   ,2.90602,-10.0891  ,3.12791,-9.73466   ,3.4498 ,-9.40634  ,3.78249,-9.19733  ,4.31101,-9.17086  ,4.17563,-9.60101  ,3.95151,-9.88964  ,3.76906,-10.1756   ,3.65623,-10.4739  ,3.57452,-10.837   ,3.53707,-11.1612   ,3.55747,-11.43    ,3.64437,-11.7194  ,3.79829,-12.0307  ,3.92251,-12.3328  ,3.39991,10.8893   ,-1.45955   ,516,113499,52.0786,10.7453,120.811,0
34  ,3.98842,-12.6076  ,3.62967,-12.3544   ,3.3903 ,-12.0492 ,3.24197,-11.6952  ,3.18133,-11.2907  ,3.18727,-10.9335  ,3.25526,-10.5397   ,3.37999,-10.1529  ,3.53371,-9.80809  ,3.74797,-9.47628    ,4.05432,-9.18653  ,4.3472 ,-9.01094  ,3.98842,-12.6076  ,3.40359,-12.5372   ,3.04771,-12.2064  ,2.84551,-11.8115  ,2.75919,-11.3723  ,2.74833,-10.9832   ,2.81543,-10.5331   ,2.96162,-10.0892  ,3.15065,-9.71095   ,3.40653,-9.34634  ,3.80714,-9.06598  ,4.3472 ,-9.01094  ,4.21929,-9.37349  ,4.02516,-9.68496  ,3.87426,-9.99075   ,3.76337,-10.3059  ,3.66966,-10.6531  ,3.61644,-11.0019   ,3.61216,-11.3287  ,3.66797,-11.6868  ,3.79228,-11.9852  ,3.93335,-12.2492  ,3.44498,10.822    ,-1.45383   ,519,114003,53.1561,10.6494,123.397,0
35  ,3.93843,-12.6284  ,3.63403,-12.3638   ,3.37354,-12.0003 ,3.24163,-11.616   ,3.20677,-11.215   ,3.22167,-10.8638  ,3.28546,-10.4829   ,3.43004,-10.0796  ,3.61143,-9.70784  ,3.8074 ,-9.36525    ,4.07193,-9.04407  ,4.32429,-8.81331  ,3.93843,-12.6284  ,3.4192 ,-12.5702   ,3.06537,-12.2075  ,2.88201,-11.8352  ,2.8069 ,-11.424   ,2.79198,-11.0205   ,2.82938,-10.5527   ,2.96946,-10.0743  ,3.18734,-9.67474   ,3.44561,-9.3112   ,3.80615,-8.98026  ,4.32429,-8.81331  ,4.25616,-9.1937   ,4.10564,-9.51712  ,3.98622,-9.83635   ,3.84981,-10.1775  ,3.71379,-10.5298  ,3.63976,-10.8455   ,3.60978,-11.1459  ,3.62567,-11.5186  ,3.73685,-11.8908  ,3.92162,-12.2368  ,3.4644 ,10.747    ,-1.43171   ,524,115383,53.9699,10.8709,125.64 ,0
36  ,3.8858 ,-12.52    ,3.56089,-12.2105   ,3.34798,-11.8984 ,3.2332 ,-11.5401  ,3.20822,-11.1448  ,3.24652,-10.7549  ,3.35036,-10.3666   ,3.4882 ,-10.046   ,3.6785 ,-9.67826  ,3.87735,-9.37871    ,4.15979,-9.03815  ,4.4129 ,-8.81698  ,3.8858 ,-12.52    ,3.35082,-12.4162   ,3.04382,-12.1334  ,2.86338,-11.7936  ,2.79484,-11.3853  ,2.795  ,-10.9305   ,2.86849,-10.452    ,2.99874,-10.0806  ,3.21624,-9.68812   ,3.48747,-9.35417  ,3.90418,-8.96896  ,4.4129 ,-8.81698  ,4.33181,-9.19766  ,4.19385,-9.50439  ,4.08485,-9.76534   ,3.93637,-10.0992  ,3.79665,-10.3816  ,3.67778,-10.7038   ,3.62015,-11.0381  ,3.62684,-11.4128  ,3.71142,-11.7736  ,3.85292,-12.0992  ,3.50007,10.6889   ,-1.39206   ,528,116230,52.7679,11.5017,124.468,0
37  ,3.91757,-12.5003  ,3.59097,-12.2297   ,3.34757,-11.9046 ,3.19565,-11.5263  ,3.17955,-11.088   ,3.23549,-10.7021  ,3.35911,-10.3177   ,3.54061,-9.94447  ,3.72954,-9.57434  ,3.90619,-9.14907    ,3.98469,-8.78861  ,4.08931,-8.4054   ,3.91757,-12.5003  ,3.39984,-12.4738   ,3.07859,-12.1743  ,2.86378,-11.7685  ,2.78906,-11.2542  ,2.80625,-10.7743   ,2.91105,-10.3126   ,3.09422,-9.90448  ,3.31448,-9.51052   ,3.5731 ,-9.09726  ,3.71969,-8.77005  ,4.08931,-8.4054   ,4.2283 ,-8.92891  ,4.20372,-9.31543  ,4.09471,-9.73445   ,3.94163,-10.0748  ,3.76561,-10.4237  ,3.63901,-10.7529   ,3.56206,-11.0533  ,3.5535 ,-11.399   ,3.67953,-11.735   ,3.8574 ,-12.0651  ,3.49393,10.5594   ,-1.39652   ,536,117670,55.6544,10.6009,128.811,0
38  ,3.79001,-12.2961  ,3.47026,-12.0224   ,3.27014,-11.7177 ,3.17391,-11.3451  ,3.18396,-10.9303  ,3.25783,-10.5377  ,3.396  ,-10.1667   ,3.5539 ,-9.83578  ,3.72743,-9.49539  ,3.91188,-9.1279     ,4.04372,-8.7825   ,4.13008,-8.41553  ,3.79001,-12.2961  ,3.25266,-12.2795   ,2.98258,-11.9906  ,2.82762,-11.5842  ,2.7812 ,-11.0965  ,2.81418,-10.6105   ,2.93304,-10.1679   ,3.09885,-9.8174   ,3.30247,-9.4685    ,3.54093,-9.09957  ,3.75726,-8.77456  ,4.13008,-8.41553  ,4.29432,-8.90667  ,4.23026,-9.26683  ,4.10075,-9.62116   ,3.96309,-9.94943  ,3.8155 ,-10.2627  ,3.66998,-10.5866   ,3.57293,-10.9036  ,3.53549,-11.2385  ,3.61267,-11.556   ,3.7675 ,-11.8522  ,3.48869,10.4723   ,-1.36264   ,520,116374,52.6674,10.8849,124.569,0
39  ,3.81546,-12.2333  ,3.47006,-11.9453   ,3.24465,-11.5853 ,3.17359,-11.1952  ,3.20924,-10.7716  ,3.30662,-10.3915  ,3.46228,-10.0252   ,3.62918,-9.67381  ,3.84461,-9.26332  ,4.03836,-8.93747    ,4.25045,-8.60503  ,4.47159,-8.26238  ,3.81546,-12.2333  ,3.25972,-12.1824   ,2.94603,-11.8444  ,2.81183,-11.4185  ,2.78544,-10.9217  ,2.84275,-10.4602   ,2.9841 ,-10.0481   ,3.16515,-9.6965   ,3.41624,-9.27872   ,3.66029,-8.93206  ,3.95785,-8.56832  ,4.47159,-8.26238  ,4.4747 ,-8.75126  ,4.34692,-9.05292  ,4.21609,-9.3538    ,4.04301,-9.75192  ,3.89393,-10.1023  ,3.73132,-10.4387   ,3.61123,-10.7609  ,3.54089,-11.1096  ,3.59217,-11.4433  ,3.76211,-11.7926  ,3.54019,10.3317   ,-1.30942   ,531,117594,55.5311,11.1782,129.296,0
40  ,3.75381,-12.1718  ,3.43387,-11.8599   ,3.21751,-11.5002 ,3.13566,-11.0469  ,3.17282,-10.6473  ,3.30379,-10.2492  ,3.45867,-9.89072   ,3.6641 ,-9.49549  ,3.86973,-9.13795  ,4.06818,-8.73051    ,4.16196,-8.33582  ,4.23876,-7.95919  ,3.75381,-12.1718  ,3.22964,-12.0659   ,2.91259,-11.737   ,2.74545,-11.2955  ,2.71205,-10.835   ,2.79621,-10.3338   ,2.95686,-9.9365    ,3.19075,-9.51563  ,3.44448,-9.12999   ,3.73764,-8.72005  ,3.9138 ,-8.34743  ,4.23876,-7.95919  ,4.38863,-8.45694  ,4.35036,-8.86533  ,4.23328,-9.25308   ,4.0818 ,-9.57373  ,3.91507,-9.94546  ,3.76836,-10.2704   ,3.60876,-10.587   ,3.53228,-10.9349  ,3.56993,-11.3783  ,3.71451,-11.7416  ,3.51148,10.1682   ,-1.29814   ,545,118857,57.0084,11.9481,130.225,0
41  ,3.51389,-12.0823  ,3.33347,-11.6956   ,3.18904,-11.3062 ,3.13418,-10.9282  ,3.15966,-10.5414  ,3.27534,-10.1513  ,3.46571,-9.75808   ,3.64119,-9.42085  ,3.81844,-9.076    ,3.97883,-8.68902    ,4.06072,-8.32518  ,4.11241,-7.93877  ,3.51389,-12.0823  ,3.07738,-11.8589   ,2.84327,-11.5254  ,2.73612,-11.1516  ,2.70906,-10.71    ,2.78031,-10.2259   ,2.97632,-9.76772   ,3.18447,-9.39474  ,3.40619,-9.04231   ,3.64183,-8.68219  ,3.79861,-8.3496   ,4.11241,-7.93877  ,4.30475,-8.42329  ,4.27583,-8.81213  ,4.1797 ,-9.21209   ,4.04878,-9.54293  ,3.90489,-9.84569  ,3.72917,-10.1792   ,3.59103,-10.4975  ,3.53955,-10.8352  ,3.56829,-11.2046  ,3.63577,-11.6359  ,3.47493,10.0719   ,-1.30554   ,531,117041,54.0801,11.6513,125.154,0
42  ,3.47966,-12.0137  ,3.32877,-11.6192   ,3.21216,-11.2636 ,3.13645,-10.8566  ,3.14421,-10.4803  ,3.22483,-10.14    ,3.40839,-9.75904   ,3.59059,-9.43814  ,3.7575 ,-9.10545  ,3.91319,-8.73602    ,4.02167,-8.39751  ,4.15768,-8.04357  ,3.47966,-12.0137  ,3.05124,-11.7453   ,2.86682,-11.4267  ,2.74709,-11.0274  ,2.71132,-10.605   ,2.74985,-10.1908   ,2.91448,-9.75365   ,3.13104,-9.39081  ,3.35173,-9.04434   ,3.57465,-8.69157  ,3.74215,-8.37212  ,4.15768,-8.04357  ,4.26886,-8.53423  ,4.20997,-8.89101  ,4.11635,-9.2653    ,3.99932,-9.57736  ,3.85194,-9.85603  ,3.66438,-10.1948   ,3.56383,-10.4789  ,3.53771,-10.8096  ,3.58901,-11.2061  ,3.64058,-11.5906  ,3.44498,10.0476   ,-1.31643   ,511,114128,52.0214,11.5657,121.74 ,0
43  ,3.33043,-12.0041  ,3.27562,-11.581    ,3.16873,-11.1973 ,3.07977,-10.844   ,3.05471,-10.4879  ,3.14504,-10.0895  ,3.30858,-9.73967   ,3.51548,-9.40398  ,3.67948,-9.10352  ,3.85376,-8.73087    ,3.95969,-8.38548  ,4.01657,-8.02038  ,3.33043,-12.0041  ,2.94991,-11.6594   ,2.804  ,-11.2904  ,2.69797,-10.9458  ,2.63898,-10.5728  ,2.68574,-10.1133   ,2.82708,-9.70795   ,3.05151,-9.35781  ,3.26072,-9.05365   ,3.50082,-8.69374  ,3.67865,-8.3775   ,4.01657,-8.02038  ,4.21517,-8.51035  ,4.16107,-8.87888  ,4.04516,-9.25524   ,3.9213 ,-9.54771  ,3.73547,-9.8665   ,3.56855,-10.175    ,3.46328,-10.5206  ,3.48629,-10.8617  ,3.56712,-11.2176  ,3.6222 ,-11.6071  ,3.38777,10.0165   ,-1.32199   ,512,113714,51.8113,11.3092,121.983,0
44  ,3.42527,-11.9786  ,3.28523,-11.6041   ,3.19101,-11.2069 ,3.13711,-10.8153  ,3.13414,-10.4009  ,3.20423,-10.0283  ,3.36697,-9.6853    ,3.59311,-9.31285  ,3.78782,-8.96711  ,3.93329,-8.65452    ,4.05909,-8.27396  ,4.17787,-7.90606  ,3.42527,-11.9786  ,2.9652 ,-11.7117   ,2.82111,-11.3155  ,2.74827,-10.9206  ,2.71402,-10.4851  ,2.74446,-10.0609   ,2.87829,-9.67346   ,3.12898,-9.28566  ,3.38708,-8.92728   ,3.59825,-8.61821  ,3.79189,-8.2611   ,4.17787,-7.90606  ,4.29431,-8.39719  ,4.22445,-8.79659  ,4.13476,-9.10873   ,4.00064,-9.43575  ,3.80264,-9.78814  ,3.62955,-10.109    ,3.54588,-10.4529  ,3.53796,-10.8463  ,3.58539,-11.2194  ,3.63433,-11.599   ,3.43893,9.97705   ,-1.3083    ,522,115745,53.3057,11.4235,123.983,0
45  ,3.51609,-11.9357  ,3.3417 ,-11.5296   ,3.25658,-11.1847 ,3.21988,-10.7911  ,3.23995,-10.3817  ,3.31718,-10.0159  ,3.45821,-9.66725   ,3.66422,-9.30159  ,3.86941,-8.95368  ,4.02972,-8.61583    ,4.15893,-8.25283  ,4.2817 ,-7.90687  ,3.51609,-11.9357  ,3.01671,-11.6922   ,2.89156,-11.358   ,2.81854,-10.9603  ,2.79885,-10.5158  ,2.84407,-10.0905   ,2.96433,-9.68202   ,3.18682,-9.28442  ,3.4528 ,-8.91741   ,3.68702,-8.58307  ,3.90022,-8.23478  ,4.2817 ,-7.90687  ,4.3786 ,-8.39195  ,4.32313,-8.76623  ,4.22829,-9.09518   ,4.08483,-9.41195  ,3.90743,-9.74534  ,3.7574 ,-10.0534   ,3.66643,-10.3818  ,3.62579,-10.7574  ,3.64414,-11.1344  ,3.70238,-11.4691  ,3.52231,9.96637   ,-1.30139   ,528,115556,52.8142,11.5925,123.74 ,0
46  ,3.71784,-11.9186  ,3.49238,-11.5376   ,3.40644,-11.1793 ,3.37723,-10.7694  ,3.3909 ,-10.4228  ,3.46787,-9.99607  ,3.60132,-9.66179   ,3.7718 ,-9.32032  ,3.94647,-8.95467  ,4.11926,-8.5918     ,4.2642 ,-8.20947  ,4.38304,-7.88907  ,3.71784,-11.9186  ,3.19859,-11.7221   ,3.03431,-11.4189  ,2.96523,-11.0192  ,2.95143,-10.6299  ,2.99371,-10.1014   ,3.11351,-9.69438   ,3.30043,-9.33055  ,3.50355,-8.95664   ,3.74513,-8.59159  ,3.98266,-8.20778  ,4.38304,-7.88907  ,4.51027,-8.3172   ,4.4453 ,-8.70034  ,4.34165,-9.04896   ,4.20205,-9.39725  ,4.04632,-9.71602  ,3.91253,-10.001    ,3.81939,-10.351   ,3.79226,-10.6599  ,3.79806,-11.068   ,3.82836,-11.4594  ,3.65401,9.95078   ,-1.31544   ,527,114733,52.8413,11.4434,123.74 ,0
47  ,3.93381,-11.8371  ,3.62594,-11.547    ,3.52264,-11.2095 ,3.49563,-10.7825  ,3.52111,-10.4093  ,3.60092,-10.0092  ,3.71899,-9.68591   ,3.88413,-9.34998  ,4.05976,-9.00436  ,4.23939,-8.63381    ,4.39472,-8.29633  ,4.56388,-7.96252  ,3.93381,-11.8371  ,3.35198,-11.7841   ,3.18898,-11.479   ,3.12467,-11.0276  ,3.11179,-10.5804  ,3.14425,-10.0616   ,3.24462,-9.66994   ,3.43236,-9.32842  ,3.64749,-8.97613   ,3.87768,-8.605    ,4.09641,-8.26696  ,4.56388,-7.96252  ,4.64191,-8.43722  ,4.54933,-8.77297  ,4.42167,-9.13281   ,4.28666,-9.46869  ,4.15016,-9.80119  ,4.0246 ,-10.0789   ,3.91409,-10.385   ,3.86643,-10.6868  ,3.87904,-11.0675  ,3.9532 ,-11.3995  ,3.78577,9.96498   ,-1.31754   ,514,113072,52.2412,11.222 ,123.74 ,0
48  ,3.90795,-11.8793  ,3.6896 ,-11.5692   ,3.59789,-11.2096 ,3.56487,-10.8064  ,3.5774 ,-10.4215  ,3.64412,-10.087   ,3.79175,-9.69532   ,3.94786,-9.37006  ,4.15973,-9.0295   ,4.38094,-8.72489    ,4.57385,-8.46998  ,4.79563,-8.16985  ,3.90795,-11.8793  ,3.41047,-11.7783   ,3.24713,-11.4698  ,3.17362,-11.0646  ,3.13701,-10.6378  ,3.158  ,-10.2538   ,3.27958,-9.79713   ,3.43201,-9.43709  ,3.66312,-9.0576    ,3.94438,-8.70654  ,4.22513,-8.41649  ,4.79563,-8.16985  ,4.84738,-8.62364  ,4.74051,-8.84597  ,4.58824,-9.10093   ,4.41413,-9.39748  ,4.26333,-9.68663  ,4.10068,-10.026    ,4.00708,-10.3263  ,3.96071,-10.6834  ,3.96908,-11.0789  ,4.01588,-11.4618  ,3.87325,9.99045   ,-1.27747   ,511,111998,50.7354,12.1409,120.811,0
49  ,4.05142,-11.8507  ,3.76086,-11.6091   ,3.62636,-11.2437 ,3.58813,-10.864   ,3.60925,-10.507   ,3.66766,-10.1708  ,3.78718,-9.78788   ,3.9387 ,-9.48112  ,4.18215,-9.15439  ,4.44775,-8.95038    ,4.80226,-8.75842  ,5.10907,-8.65306  ,4.05142,-11.8507  ,3.50994,-11.8344   ,3.30025,-11.4686  ,3.2184 ,-11.0239  ,3.20549,-10.5823  ,3.24613,-10.1571   ,3.36838,-9.68758   ,3.54529,-9.32263  ,3.8397 ,-8.9186    ,4.13827,-8.69451  ,4.55156,-8.54101  ,5.10907,-8.65306  ,4.96093,-9.01882  ,4.67537,-9.25821  ,4.45755,-9.46221   ,4.28161,-9.72763  ,4.17096,-9.97703  ,4.06581,-10.291    ,4.00017,-10.5504  ,3.95952,-10.8194  ,3.97524,-11.1192  ,4.06394,-11.4553  ,3.93876,10.059    ,-1.2264    ,506,110670,49.9899,10.4636,119.154,0
50  ,4.04216,-11.8519  ,3.75663,-11.606    ,3.61467,-11.2312 ,3.57767,-10.8946  ,3.60051,-10.4764  ,3.66606,-10.1405  ,3.78255,-9.8008    ,3.95733,-9.46334  ,4.18115,-9.19849  ,4.52074,-8.97877    ,4.86349,-8.86352  ,5.20247,-8.84363  ,4.04216,-11.8519  ,3.52305,-11.7946   ,3.28677,-11.3995  ,3.21121,-11.0109  ,3.20653,-10.4941  ,3.26615,-10.0648   ,3.39912,-9.63272   ,3.60262,-9.2302   ,3.85316,-8.92125   ,4.24149,-8.68632  ,4.66934,-8.58533  ,5.20247,-8.84363  ,4.95993,-9.16441  ,4.70699,-9.31551  ,4.43659,-9.54391   ,4.25983,-9.77818  ,4.12962,-10.0593  ,4.03908,-10.3229   ,3.98033,-10.5769  ,3.94876,-10.8954  ,3.96601,-11.1672  ,4.04192,-11.4922  ,3.9583 ,10.0462   ,-1.19325   ,500,110242,50.1407,10.4945,120.811,0
51  ,4.03461,-11.8651  ,3.73956,-11.5948   ,3.61583,-11.2246 ,3.57679,-10.8403  ,3.58618,-10.4976  ,3.65347,-10.0908  ,3.77587,-9.7731    ,3.9721 ,-9.44767  ,4.27629,-9.15892  ,4.5881 ,-9.00362    ,4.98673,-8.91138  ,5.31651,-8.95314  ,4.03461,-11.8651  ,3.48668,-11.7558   ,3.27645,-11.3617  ,3.20568,-10.909   ,3.20426,-10.4768  ,3.27543,-9.95024   ,3.42408,-9.55063   ,3.66074,-9.14942  ,4.00571,-8.79256   ,4.35909,-8.63276  ,4.83677,-8.59288  ,5.31651,-8.95314  ,5.03849,-9.23933  ,4.72217,-9.41071  ,4.46744,-9.58066   ,4.23009,-9.818    ,4.09268,-10.0684  ,4.00807,-10.3233   ,3.95979,-10.6302  ,3.95216,-10.8861  ,3.97599,-11.1894  ,4.03851,-11.5094  ,3.99612,10.0005   ,-1.14503   ,510,112016,51.3404,11.2023,123.983,0
52  ,3.95603,-11.8277  ,3.67785,-11.4815   ,3.59286,-11.0777 ,3.57315,-10.6711  ,3.59705,-10.2704  ,3.68457,-9.88505  ,3.89117,-9.49267   ,4.14744,-9.16865  ,4.47601,-8.95015  ,4.90266,-8.88006    ,5.28452,-8.96411  ,5.61482,-9.16042  ,3.95603,-11.8277  ,3.38624,-11.6498   ,3.23733,-11.23    ,3.19614,-10.756   ,3.21019,-10.2519  ,3.29589,-9.76205   ,3.52756,-9.30228   ,3.8345 ,-8.9128   ,4.21991,-8.66189   ,4.7498 ,-8.57896  ,5.23848,-8.68707  ,5.61482,-9.16042  ,5.22856,-9.20245  ,4.94115,-9.17922  ,4.63952,-9.27745   ,4.38926,-9.49784  ,4.19945,-9.7684   ,4.0398 ,-10.1053   ,3.96951,-10.4155  ,3.95068,-10.7251  ,3.96383,-11.0522  ,4.00849,-11.4112  ,4.03015,9.9466    ,-1.09119   ,522,113921,55.7708,10.048 ,129.397,0
53  ,3.96486,-11.7775  ,3.65286,-11.4304   ,3.52163,-11.0252 ,3.49358,-10.6074  ,3.54142,-10.1968  ,3.66801,-9.80547  ,3.87522,-9.4337    ,4.12916,-9.14004  ,4.51783,-8.93319  ,4.95165,-8.87334    ,5.36663,-8.91701  ,5.72526,-9.03741  ,3.96486,-11.7775  ,3.36815,-11.5496   ,3.16921,-11.104   ,3.11993,-10.6042  ,3.16341,-10.0874  ,3.31219,-9.61191   ,3.5594 ,-9.1714    ,3.84101,-8.82772  ,4.26014,-8.62911   ,4.77789,-8.5788   ,5.28587,-8.65227  ,5.72526,-9.03741  ,5.33962,-9.15956  ,4.99694,-9.17062  ,4.66274,-9.27214   ,4.3372 ,-9.5249   ,4.12783,-9.78934  ,3.98467,-10.0902   ,3.89814,-10.4169  ,3.86512,-10.7336  ,3.89541,-11.0565  ,3.98803,-11.4005  ,4.01972,9.8853    ,-1.04726   ,528,114860,56.9597,10.4949,129.983,0
54  ,3.98491,-11.7399  ,3.67492,-11.4278   ,3.52469,-11.0108 ,3.48978,-10.634   ,3.52058,-10.1845  ,3.63133,-9.80968  ,3.87336,-9.44089   ,4.17953,-9.1332   ,4.51632,-8.9315   ,4.92609,-8.85735    ,5.36549,-8.85009  ,5.73959,-8.8876   ,3.98491,-11.7399  ,3.42328,-11.6009   ,3.18537,-11.1759  ,3.12363,-10.7483  ,3.1283 ,-10.1876  ,3.21936,-9.72159   ,3.45539,-9.30851   ,3.79535,-8.94002  ,4.17205,-8.68001   ,4.64688,-8.58689  ,5.20822,-8.59176  ,5.73959,-8.8876   ,5.40408,-9.10483  ,5.07805,-9.13947  ,4.75822,-9.22303   ,4.47121,-9.40579  ,4.21574,-9.66606  ,4.00103,-9.99431   ,3.8947 ,-10.3034  ,3.85957,-10.6509  ,3.88715,-10.9612  ,3.98486,-11.3436  ,4.02465,9.87459   ,-1.02598   ,531,114646,56.6844,10.3048,129.983,0
55  ,3.88628,-11.6595  ,3.63315,-11.3124   ,3.53182,-10.9368 ,3.49873,-10.505   ,3.5553 ,-10.1268  ,3.70466,-9.72183  ,3.93498,-9.38698   ,4.20218,-9.12699  ,4.57467,-8.89691  ,4.95615,-8.79285    ,5.33289,-8.73413  ,5.7214 ,-8.70562  ,3.88628,-11.6595  ,3.35772,-11.4367   ,3.19125,-11.0191  ,3.11911,-10.5444  ,3.15268,-10.13    ,3.29098,-9.64572   ,3.5231 ,-9.2459    ,3.81973,-8.9268   ,4.23913,-8.64629   ,4.67423,-8.53217  ,5.13744,-8.49577  ,5.7214 ,-8.70562  ,5.40354,-8.98762  ,5.11915,-9.07559  ,4.81425,-9.18992   ,4.49195,-9.40566  ,4.26744,-9.62219  ,4.07021,-9.89474   ,3.93297,-10.2318  ,3.87438,-10.5718  ,3.89404,-10.9649  ,3.95049,-11.2858  ,4.05913,9.79665   ,-1.00659   ,515,112475,54.7584,10.229 ,128.811,0
56  ,3.65577,-11.5929  ,3.58421,-11.1562   ,3.56919,-10.7746 ,3.58154,-10.3809  ,3.62656,-10.0204  ,3.73619,-9.67517  ,3.95836,-9.35217   ,4.26615,-9.07481  ,4.57232,-8.89693  ,4.93092,-8.78917    ,5.33604,-8.73909  ,5.69828,-8.74282  ,3.65577,-11.5929  ,3.30255,-11.2086   ,3.21626,-10.8156  ,3.19465,-10.3874  ,3.22575,-9.97829  ,3.32537,-9.58403   ,3.5406 ,-9.2142    ,3.87426,-8.86612  ,4.22425,-8.64407   ,4.6629 ,-8.53327  ,5.18644,-8.52765  ,5.69828,-8.74282  ,5.37135,-8.96039  ,5.09004,-9.06773  ,4.82737,-9.19266   ,4.57611,-9.34475  ,4.30909,-9.56701  ,4.10639,-9.85495   ,4.00716,-10.1751  ,3.96014,-10.5033  ,3.92351,-10.865   ,3.87594,-11.222   ,4.11376,9.71678   ,-0.96363   ,506,111935,52.2325,10.4188,124.083,0
57  ,3.58671,-11.4433  ,3.53405,-11.0268   ,3.54497,-10.6007 ,3.58454,-10.1742  ,3.66537,-9.81906  ,3.86289,-9.46485  ,4.13086,-9.18223   ,4.4659 ,-8.93154  ,4.80559,-8.76835  ,5.2321 ,-8.64459    ,5.59941,-8.56763  ,5.98052,-8.5083   ,3.58671,-11.4433  ,3.23223,-11.0472   ,3.17782,-10.5564  ,3.20011,-10.0522  ,3.28286,-9.63972  ,3.50454,-9.24561   ,3.81508,-8.91965   ,4.19201,-8.63449  ,4.56589,-8.48409   ,5.073  ,-8.3846   ,5.49215,-8.3449   ,5.98052,-8.5083   ,5.604  ,-8.81028  ,5.28235,-8.9294   ,4.94393,-9.09202   ,4.64566,-9.28719  ,4.35068,-9.53336  ,4.14666,-9.78277   ,4.01285,-10.1067  ,3.95098,-10.4305  ,3.90489,-10.7926  ,3.83838,-11.1343  ,4.15999,9.60156   ,-0.897136  ,510,111641,54.4948,10.628 ,125.397,0
58  ,3.48435,-11.3676  ,3.49987,-10.9698   ,3.56056,-10.5328 ,3.62813,-10.1671  ,3.7416 ,-9.7959   ,3.93212,-9.45877  ,4.18101,-9.18324   ,4.50662,-8.9283   ,4.84743,-8.75986  ,5.25167,-8.65393    ,5.62552,-8.57504  ,5.95575,-8.49252  ,3.48435,-11.3676  ,3.23084,-10.9458   ,3.21098,-10.4234  ,3.26407,-9.99267  ,3.37854,-9.57817  ,3.55516,-9.23849   ,3.79606,-8.95129   ,4.13495,-8.6731   ,4.50124,-8.50241   ,4.98108,-8.41361  ,5.45036,-8.37848  ,5.95575,-8.49252  ,5.67988,-8.79948  ,5.39867,-8.92046  ,5.08995,-9.05586   ,4.78502,-9.24538  ,4.47552,-9.50197  ,4.24078,-9.77465   ,4.06539,-10.1129  ,3.96683,-10.4582  ,3.89065,-10.7689  ,3.75612,-11.11    ,4.20178,9.55966   ,-0.869694  ,498,110523,52.7031,10.7264,121.983,0
59  ,3.42096,-11.2699  ,3.45793,-10.8831   ,3.55706,-10.5074 ,3.66862,-10.1433  ,3.82504,-9.75655  ,4.00823,-9.45851  ,4.26731,-9.17224   ,4.59463,-8.92131  ,4.92354,-8.76154  ,5.3024 ,-8.65369    ,5.69219,-8.55672  ,6.02346,-8.46736  ,3.42096,-11.2699  ,3.13338,-10.8616   ,3.17969,-10.4345  ,3.29397,-10.0131  ,3.44893,-9.57874  ,3.62388,-9.25283   ,3.89294,-8.93216   ,4.24987,-8.64761  ,4.60939,-8.48911   ,5.05923,-8.39402  ,5.52999,-8.33244  ,6.02346,-8.46736  ,5.74751,-8.80845  ,5.43191,-8.93967  ,5.13867,-9.07254   ,4.84777,-9.25224  ,4.54843,-9.50236  ,4.31966,-9.76357   ,4.15491,-10.0319  ,4.00966,-10.373   ,3.90415,-10.6887  ,3.76117,-11.007   ,4.27023,9.52824   ,-0.828156  ,506,111077,51.93  ,10.6552,121.882,0
60  ,3.37164,-11.1851  ,3.47316,-10.7548   ,3.56264,-10.3905 ,3.67426,-10.0592  ,3.85893,-9.71516  ,4.06582,-9.41748  ,4.3704 ,-9.10309   ,4.6671 ,-8.89465  ,5.02124,-8.73466  ,5.36991,-8.63939    ,5.74379,-8.55539  ,6.08522,-8.43817  ,3.37164,-11.1851  ,3.1253 ,-10.6848   ,3.19914,-10.2816  ,3.3086 ,-9.90917  ,3.48022,-9.54445  ,3.68304,-9.22897   ,3.98408,-8.87453   ,4.28834,-8.63785  ,4.66883,-8.46578   ,5.06647,-8.38109  ,5.51586,-8.3297   ,6.08522,-8.43817  ,5.8502 ,-8.80872  ,5.55062,-8.92523  ,5.26739,-9.04182   ,4.94691,-9.21037  ,4.66151,-9.4131   ,4.37313,-9.70449   ,4.17748,-9.98409  ,3.99699,-10.3124  ,3.89457,-10.6185  ,3.79188,-10.944   ,4.30767,9.50486   ,-0.806411  ,508,111400,51.7457,10.7024,122.468,0
61  ,3.55348,-11.2348  ,3.52545,-10.8399   ,3.55996,-10.4708 ,3.65919,-10.0846  ,3.83481,-9.76124  ,4.0812 ,-9.44557  ,4.37327,-9.16648   ,4.63733,-8.96477  ,4.99089,-8.77161  ,5.34574,-8.65972    ,5.74005,-8.56013  ,6.06372,-8.44629  ,3.55348,-11.2348  ,3.23124,-10.8332   ,3.21101,-10.3902  ,3.29776,-9.92724  ,3.46022,-9.57297  ,3.68368,-9.24542   ,3.96239,-8.96278   ,4.22973,-8.74091  ,4.61551,-8.50524   ,5.02293,-8.38771  ,5.51455,-8.3324   ,6.06372,-8.44629  ,5.85574,-8.81717  ,5.55916,-8.95872  ,5.27571,-9.07784   ,4.95579,-9.2501   ,4.6989 ,-9.44413  ,4.40078,-9.73362   ,4.15017,-10.0401  ,3.98296,-10.3422  ,3.89123,-10.6725  ,3.8168 ,-10.9662  ,4.33144,9.508     ,-0.803503  ,507,111353,51.5333,10.8761,120.811,0
62  ,3.65453,-11.2163  ,3.56919,-10.8376   ,3.59011,-10.4259 ,3.691  ,-10.0549  ,3.86342,-9.72897  ,4.11566,-9.42278  ,4.41912,-9.15804   ,4.73183,-8.94594  ,5.07842,-8.77519  ,5.42531,-8.67385    ,5.81552,-8.61246  ,6.17769,-8.59833  ,3.65453,-11.2163  ,3.27824,-10.8619   ,3.22281,-10.3802  ,3.31298,-9.9427   ,3.47393,-9.57258  ,3.73187,-9.21464   ,4.05779,-8.90641   ,4.40455,-8.66412  ,4.79553,-8.46675   ,5.20678,-8.36779  ,5.67171,-8.35265  ,6.17769,-8.59833  ,5.84618,-8.88384  ,5.53865,-9.00466  ,5.27101,-9.11977   ,4.97209,-9.28039  ,4.69005,-9.47994  ,4.41961,-9.71419   ,4.19364,-9.97627  ,4.03125,-10.2653  ,3.94088,-10.5872  ,3.86915,-10.9266  ,4.38648,9.50456   ,-0.772804  ,513,112139,52.0812,10.4692,121.64 ,0
63  ,3.73849,-11.1935  ,3.62792,-10.7528   ,3.65673,-10.3868 ,3.76724,-9.99953  ,3.99622,-9.63154  ,4.28226,-9.33063  ,4.6027 ,-9.09263   ,4.91558,-8.91072  ,5.28658,-8.7397   ,5.71089,-8.64316    ,6.10336,-8.62166  ,6.48236,-8.61486  ,3.73849,-11.1935  ,3.29991,-10.7993   ,3.28909,-10.3792  ,3.38579,-9.91784  ,3.5725 ,-9.50683  ,3.83701,-9.15832   ,4.19419,-8.86074   ,4.55792,-8.64666  ,4.9966 ,-8.45283   ,5.49863,-8.35209  ,5.95751,-8.37752  ,6.48236,-8.61486  ,6.13926,-8.86967  ,5.81165,-8.94864  ,5.47899,-9.06242   ,5.18359,-9.22468  ,4.92048,-9.38271  ,4.63754,-9.58375   ,4.3518 ,-9.8455   ,4.10609,-10.1821  ,4.00627,-10.5156  ,3.95925,-10.8231  ,4.52212,9.46673   ,-0.720034  ,523,114179,54.7669,11.1183,127.054,0
64  ,3.77683,-11.1588  ,3.69142,-10.7149   ,3.72612,-10.338  ,3.85677,-9.94656  ,4.08351,-9.60986  ,4.37968,-9.32266  ,4.69823,-9.1162    ,5.06931,-8.95414  ,5.44748,-8.8171   ,5.88333,-8.71948    ,6.29935,-8.69778  ,6.6463 ,-8.72745  ,3.77683,-11.1588  ,3.38689,-10.7564   ,3.36794,-10.3135  ,3.46213,-9.85614  ,3.64252,-9.48353  ,3.92735,-9.14796   ,4.28241,-8.87954   ,4.71738,-8.66708  ,5.16863,-8.51897   ,5.68978,-8.42525  ,6.1869 ,-8.44885  ,6.6463 ,-8.72745  ,6.29654,-8.94795  ,5.95904,-9.02898  ,5.62789,-9.14734   ,5.32817,-9.27682  ,5.02242,-9.40266  ,4.74257,-9.57014   ,4.44902,-9.82761  ,4.20176,-10.1406  ,4.06328,-10.4854  ,3.99765,-10.7968  ,4.64156,9.47368   ,-0.663639  ,525,114174,54.8809,11.2593,127.397,0
65  ,3.91744,-11.1573  ,3.77487,-10.7573   ,3.77819,-10.3636 ,3.88873,-9.99105  ,4.13754,-9.63169  ,4.39769,-9.38523  ,4.75768,-9.1589    ,5.13063,-9.00047  ,5.49913,-8.89468  ,5.91046,-8.81447    ,6.32815,-8.76391  ,6.67823,-8.73751  ,3.91744,-11.1573  ,3.5267 ,-10.801    ,3.45038,-10.3386  ,3.50252,-9.8928   ,3.70487,-9.48424  ,3.95233,-9.20044   ,4.33815,-8.91358   ,4.74978,-8.70958  ,5.16817,-8.5915    ,5.65767,-8.52483  ,6.16541,-8.51238  ,6.67823,-8.73751  ,6.37549,-9.02681  ,6.04193,-9.12943  ,5.71797,-9.22433   ,5.41435,-9.32613  ,5.08715,-9.4514   ,4.75356,-9.64318   ,4.48921,-9.87251  ,4.22261,-10.2054  ,4.09082,-10.5211  ,4.04146,-10.8359  ,4.7064 ,9.49766   ,-0.636849  ,516,113038,54.2004,11.3089,126.569,0
66  ,3.92977,-11.1245  ,3.77074,-10.7247   ,3.78511,-10.3146 ,3.93027,-9.94682  ,4.18527,-9.60834  ,4.51847,-9.30791  ,4.88405,-9.12205   ,5.25198,-8.9819   ,5.65589,-8.87255  ,6.09621,-8.80404    ,6.50471,-8.76923  ,6.86839,-8.77823  ,3.92977,-11.1245  ,3.50845,-10.785    ,3.4347 ,-10.3139  ,3.5158 ,-9.89296  ,3.72019,-9.51176  ,4.03794,-9.13601   ,4.41257,-8.89162   ,4.82187,-8.70567  ,5.27755,-8.56871   ,5.79697,-8.50573  ,6.32431,-8.55098  ,6.86839,-8.77823  ,6.57895,-8.99635  ,6.26853,-9.11633  ,5.91143,-9.20184   ,5.57427,-9.29563  ,5.2562 ,-9.39474  ,4.91654,-9.53924   ,4.56847,-9.79755  ,4.28744,-10.1017  ,4.11673,-10.4272  ,4.05158,-10.7808  ,4.78606,9.46595   ,-0.594831  ,523,112775,55.9895,12.0468,133.054,0
67  ,3.89787,-10.9783  ,3.81968,-10.5457   ,3.86077,-10.1994 ,4.00339,-9.84732  ,4.26787,-9.53234  ,4.59116,-9.27075  ,4.9084 ,-9.10755   ,5.28605,-8.97354  ,5.67328,-8.88704  ,6.04611,-8.84425    ,6.47549,-8.84344  ,6.81632,-8.87352  ,3.89787,-10.9783  ,3.54238,-10.5491   ,3.52805,-10.1127  ,3.64344,-9.67888  ,3.91402,-9.31203  ,4.27916,-8.98691   ,4.62815,-8.78681   ,5.03864,-8.62843  ,5.48474,-8.53324   ,5.91782,-8.50108  ,6.39529,-8.56177  ,6.81632,-8.87352  ,6.44094,-9.12081  ,6.04636,-9.1951   ,5.74314,-9.26027   ,5.43373,-9.34971  ,5.09831,-9.4661   ,4.81064,-9.6172    ,4.53411,-9.83965  ,4.3076 ,-10.1093  ,4.17059,-10.3977  ,4.09629,-10.6574  ,4.87097,9.41338   ,-0.554848  ,510,111073,52.8551,10.1319,123.983,0
68  ,3.86805,-10.86    ,3.84429,-10.4564   ,3.95383,-10.068  ,4.17599,-9.70005  ,4.44218,-9.40854  ,4.73368,-9.18965  ,5.11528,-9.01639   ,5.49627,-8.90682  ,5.90292,-8.84869  ,6.2847 ,-8.83559    ,6.69609,-8.85168  ,7.06051,-8.90135  ,3.86805,-10.86    ,3.54126,-10.4194   ,3.58892,-9.95386  ,3.78133,-9.52969  ,4.04415,-9.19714  ,4.3599 ,-8.93823   ,4.78903,-8.72018   ,5.2141 ,-8.57391  ,5.69018,-8.50475   ,6.14196,-8.50911  ,6.60935,-8.5847   ,7.06051,-8.90135  ,6.67427,-9.11132  ,6.30088,-9.16226  ,5.99126,-9.20319   ,5.67363,-9.26232  ,5.35457,-9.34433  ,5.02344,-9.49298   ,4.75985,-9.69626  ,4.5029 ,-9.95968  ,4.27969,-10.2788  ,4.13556,-10.5872  ,4.99427,9.35468   ,-0.500338  ,513,112417,53.9393,10.7013,124.569,0
69  ,3.77623,-10.6647  ,3.88942,-10.2444   ,4.05682,-9.90151 ,4.28943,-9.58196  ,4.57107,-9.29266  ,4.87431,-9.08389  ,5.2778 ,-8.9207    ,5.63152,-8.83076  ,6.02985,-8.7781   ,6.45272,-8.77341    ,6.80171,-8.79409  ,7.18566,-8.8527   ,3.77623,-10.6647  ,3.62196,-10.1178   ,3.71383,-9.7136   ,3.9166 ,-9.36522  ,4.20168,-9.03668  ,4.54149,-8.78117   ,5.00566,-8.58307   ,5.40272,-8.47596  ,5.85742,-8.42533   ,6.33376,-8.45675  ,6.71696,-8.53341  ,7.18566,-8.8527   ,6.77535,-9.04561  ,6.45062,-9.087    ,6.08348,-9.13934   ,5.75251,-9.20681  ,5.45724,-9.28914  ,5.11928,-9.43466   ,4.85626,-9.6235   ,4.58821,-9.88825  ,4.34415,-10.1836  ,4.11947,-10.4725  ,5.09846,9.25192   ,-0.462445  ,512,112148,53.3949,10.7818,124.225,0
70  ,3.74047,-10.5089  ,3.92937,-10.1331   ,4.15658,-9.83458 ,4.38295,-9.56968  ,4.67234,-9.28116  ,4.96773,-9.06969  ,5.31855,-8.92826   ,5.71159,-8.83258  ,6.08583,-8.78455  ,6.48122,-8.78816    ,6.85854,-8.83     ,7.19549,-8.91976  ,3.74047,-10.5089  ,3.64331,-9.97153   ,3.8096 ,-9.62838  ,4.01072,-9.34344  ,4.30174,-9.01888  ,4.63202,-8.75999   ,5.02985,-8.58272   ,5.47785,-8.47205  ,5.90802,-8.42796   ,6.36244,-8.46348  ,6.79472,-8.55877  ,7.19549,-8.91976  ,6.82085,-9.08549  ,6.48663,-9.10687  ,6.15289,-9.1478    ,5.84215,-9.21319  ,5.51556,-9.30235  ,5.21908,-9.42809   ,4.95832,-9.61883  ,4.67662,-9.88404  ,4.43286,-10.128   ,4.15971,-10.3775  ,5.16542,9.23598   ,-0.436583  ,505,111192,51.6291,10.9079,120.811,0
71  ,3.71726,-10.357   ,3.94734,-10.0217   ,4.20284,-9.73553 ,4.43723,-9.49332  ,4.7092 ,-9.24475  ,5.01333,-9.035    ,5.37353,-8.89565   ,5.75153,-8.8309   ,6.11563,-8.80241  ,6.4865 ,-8.80019    ,6.8768 ,-8.81285  ,7.2075 ,-8.83415  ,3.71726,-10.357   ,3.70809,-9.82686   ,3.92346,-9.46256  ,4.14516,-9.18226  ,4.4133 ,-8.91202  ,4.73016,-8.69222   ,5.12252,-8.53408   ,5.54933,-8.45352  ,5.95896,-8.4279    ,6.36756,-8.46055  ,6.78627,-8.55401  ,7.2075 ,-8.83415  ,6.87692,-9.06825  ,6.50114,-9.13827  ,6.16565,-9.18125   ,5.85307,-9.21997  ,5.53853,-9.27996  ,5.22092,-9.42067   ,4.9279 ,-9.64191  ,4.65087,-9.88277  ,4.40565,-10.0912  ,4.12106,-10.2947  ,5.21482,9.20173   ,-0.406287  ,504,111849,50.2986,10.9527,117.397,0
72  ,3.71784,-10.3582  ,3.95124,-10.0353   ,4.18481,-9.76003 ,4.44556,-9.48603  ,4.76149,-9.21059  ,5.0746 ,-9.01155  ,5.41619,-8.89204   ,5.80833,-8.83157  ,6.17499,-8.81788  ,6.53903,-8.83386    ,6.92427,-8.87493  ,7.24918,-8.91619  ,3.71784,-10.3582  ,3.70545,-9.83604   ,3.928  ,-9.48485  ,4.22101,-9.15387  ,4.58536,-8.82791  ,4.92894,-8.60634   ,5.29835,-8.48175   ,5.73347,-8.42665  ,6.14113,-8.42797   ,6.52428,-8.475    ,6.90214,-8.58365  ,7.24918,-8.91619  ,6.84451,-9.15378  ,6.43497,-9.18402  ,6.08567,-9.20778   ,5.76451,-9.2479   ,5.43027,-9.32786  ,5.12933,-9.46387   ,4.84796,-9.66321  ,4.5806 ,-9.9065   ,4.35944,-10.1286  ,4.12707,-10.3212  ,5.25122,9.1925    ,-0.398974  ,504,112105,50.7435,10.8004,118.811,0
73  ,3.74042,-10.342   ,3.95296,-10.0094   ,4.1921 ,-9.7254  ,4.45419,-9.44889  ,4.75337,-9.1935   ,5.06738,-9.00729  ,5.43825,-8.8777    ,5.83717,-8.81668  ,6.21398,-8.80685  ,6.57596,-8.8325     ,6.94826,-8.89253  ,7.31435,-8.97486  ,3.74042,-10.342   ,3.69025,-9.78698   ,3.90592,-9.44859  ,4.17506,-9.14399  ,4.49157,-8.86135  ,4.8315 ,-8.64368   ,5.23171,-8.49628   ,5.68274,-8.42757  ,6.11847,-8.42511   ,6.51657,-8.47483  ,6.89602,-8.59536  ,7.31435,-8.97486  ,6.90106,-9.17031  ,6.51982,-9.17735  ,6.18362,-9.18669   ,5.86951,-9.21627  ,5.54216,-9.28447  ,5.22106,-9.41146   ,4.94009,-9.58115  ,4.6569 ,-9.82833  ,4.40675,-10.0843  ,4.15346,-10.3096  ,5.26042,9.18312   ,-0.379249  ,512,113487,51.5484,10.559 ,121.397,0
74  ,3.77397,-10.3453  ,4.01992,-9.98715   ,4.23808,-9.68545 ,4.5272 ,-9.36558  ,4.79722,-9.14414  ,5.15769,-8.97478  ,5.5721 ,-8.87296   ,5.93163,-8.8261   ,6.3047 ,-8.81971  ,6.70526,-8.86512    ,7.12687,-8.96864  ,7.45032,-9.07385  ,3.77397,-10.3453  ,3.74179,-9.73398   ,3.96921,-9.392    ,4.28437,-9.03233  ,4.59062,-8.7781   ,4.99328,-8.59205   ,5.45219,-8.47343   ,5.86482,-8.42326  ,6.29864,-8.43752   ,6.72562,-8.53432  ,7.13187,-8.72931  ,7.45032,-9.07385  ,7.01985,-9.17962  ,6.5751 ,-9.17663  ,6.1892 ,-9.1982    ,5.87377,-9.23892  ,5.57885,-9.29268  ,5.22878,-9.38947   ,4.91467,-9.57167  ,4.68069,-9.78666  ,4.43721,-10.0699  ,4.24119,-10.3181  ,5.31613,9.18688   ,-0.352085  ,523,114648,53.1897,10.5127,124.225,0
75  ,3.83315,-10.399   ,4.03699,-10.0269   ,4.29313,-9.70517 ,4.56542,-9.4128   ,4.85995,-9.16714  ,5.2092 ,-9.00683  ,5.61989,-8.93027   ,6.02475,-8.89514  ,6.3803 ,-8.89368  ,6.80933,-8.94201    ,7.18072,-9.02709  ,7.52888,-9.14736  ,3.83315,-10.399   ,3.76471,-9.84324   ,3.97312,-9.47877  ,4.25026,-9.14473  ,4.58244,-8.84381  ,4.97524,-8.64073   ,5.44753,-8.54497   ,5.92964,-8.50515  ,6.35172,-8.51322   ,6.82285,-8.60515  ,7.18072,-8.77069  ,7.52888,-9.14736  ,7.09141,-9.26128  ,6.69638,-9.2608   ,6.29255,-9.27048   ,6.00071,-9.29107  ,5.68174,-9.32933  ,5.3514 ,-9.40123   ,5.05286,-9.54919  ,4.79838,-9.76223  ,4.54252,-10.015   ,4.25345,-10.2869  ,5.39517,9.22633   ,-0.324392  ,523,114944,53.6763,10.4056,123.397,0
76  ,4.03714,-10.4972  ,4.09617,-10.0726   ,4.28107,-9.76019 ,4.54615,-9.45733  ,4.85185,-9.21541  ,5.23519,-9.07415  ,5.64316,-9.02005   ,6.03765,-9.00444  ,6.45963,-9.01351  ,6.81355,-9.03303    ,7.22617,-9.07338  ,7.58926,-9.14143  ,4.03714,-10.4972  ,3.78648,-9.95462   ,3.95319,-9.57847  ,4.25861,-9.21059  ,4.62389,-8.88853  ,5.05021,-8.68785   ,5.4961 ,-8.61093   ,5.9203 ,-8.59411  ,6.37405,-8.62721   ,6.75213,-8.6829   ,7.17147,-8.80483  ,7.58926,-9.14143  ,7.18625,-9.33073  ,6.76117,-9.37518  ,6.42356,-9.39543   ,6.03784,-9.41541  ,5.68233,-9.43823  ,5.32728,-9.48108   ,5.00135,-9.59064  ,4.761  ,-9.77663  ,4.55273,-10.0193  ,4.37369,-10.2702  ,5.46864,9.28738   ,-0.285004  ,519,114510,53.692 ,10.4003,123.154,0
77  ,4.0435 ,-10.5163  ,4.09457,-10.1088   ,4.31213,-9.72639 ,4.56524,-9.44264  ,4.90957,-9.21717  ,5.34836,-9.11275  ,5.77168,-9.07877   ,6.16905,-9.0721   ,6.56171,-9.08474  ,6.98506,-9.11951    ,7.40774,-9.18246  ,7.7621 ,-9.2836   ,4.0435 ,-10.5163  ,3.81461,-9.98351   ,4.00983,-9.52938  ,4.29643,-9.18326  ,4.69825,-8.87722  ,5.17351,-8.72368   ,5.63191,-8.6747    ,6.06628,-8.66745  ,6.48696,-8.6962    ,6.92043,-8.77119  ,7.343  ,-8.91497  ,7.7621 ,-9.2836   ,7.37432,-9.4317   ,6.93495,-9.4553   ,6.5085 ,-9.46675   ,6.1383 ,-9.47609  ,5.78282,-9.48942  ,5.41299,-9.51682   ,5.03775,-9.59381  ,4.76411,-9.7673   ,4.56148,-9.99812  ,4.34464,-10.3141  ,5.55027,9.31543   ,-0.241068  ,525,113979,55.7489,10.162 ,127.154,0
78  ,4.08927,-10.5114  ,4.15142,-10.0956   ,4.31801,-9.73754 ,4.60573,-9.42495  ,4.97797,-9.22236  ,5.38392,-9.12468  ,5.74838,-9.08542   ,6.2078 ,-9.06468  ,6.60624,-9.06699  ,6.98556,-9.07865    ,7.38339,-9.09715  ,7.76424,-9.1381   ,4.08927,-10.5114  ,3.88939,-9.99171   ,4.02251,-9.53936  ,4.3376 ,-9.15266  ,4.74453,-8.88835  ,5.16303,-8.75027   ,5.54556,-8.69472   ,6.03287,-8.67033  ,6.46035,-8.69044   ,6.86762,-8.73821  ,7.29756,-8.82305  ,7.76424,-9.1381   ,7.36337,-9.36552  ,6.98111,-9.41439  ,6.62113,-9.44109   ,6.2486 ,-9.46135  ,5.82371,-9.48602  ,5.49278,-9.51716   ,5.12211,-9.59051  ,4.79958,-9.75574  ,4.56286,-10.019   ,4.38418,-10.2929  ,5.58899,9.3056    ,-0.251533  ,519,113843,54.9489,10.2868,127.497,0
79  ,4.07413,-10.4271  ,4.19738,-10.0009   ,4.42795,-9.68281 ,4.74959,-9.37844  ,5.11496,-9.19537  ,5.51852,-9.11259  ,5.91754,-9.07629   ,6.32173,-9.07592  ,6.73406,-9.10823  ,7.18528,-9.17713    ,7.56442,-9.28011  ,7.92467,-9.41015  ,4.07413,-10.4271  ,3.9033 ,-9.85513   ,4.12481,-9.4728   ,4.49145,-9.09766  ,4.91438,-8.85233  ,5.36396,-8.73108   ,5.79568,-8.67137   ,6.2018 ,-8.66511  ,6.61032,-8.71055   ,7.08494,-8.81289  ,7.49275,-8.98037  ,7.92467,-9.41015  ,7.54819,-9.5518   ,7.17999,-9.52039  ,6.73885,-9.49341   ,6.32627,-9.48328  ,5.92318,-9.4868   ,5.56277,-9.50899   ,5.22756,-9.56791  ,4.93154,-9.71576  ,4.668  ,-9.97006  ,4.4433 ,-10.2276  ,5.69752,9.32019   ,-0.199692  ,526,115709,56.0847,10.1497,129.983,0
80  ,4.17056,-10.3712  ,4.28222,-9.92251   ,4.52069,-9.61412 ,4.85643,-9.32551  ,5.22748,-9.16414  ,5.65071,-9.09633  ,6.07571,-9.07184   ,6.51625,-9.08341  ,6.92747,-9.12696  ,7.38061,-9.23586    ,7.76038,-9.38621  ,8.09421,-9.58123  ,4.17056,-10.3712  ,3.99013,-9.81004   ,4.22842,-9.41419  ,4.6473 ,-9.0076   ,5.07938,-8.7836   ,5.54235,-8.69916   ,6.00103,-8.66704   ,6.47158,-8.68486  ,6.89646,-8.74911   ,7.344  ,-8.90258  ,7.73853,-9.11205  ,8.09421,-9.58123  ,7.69159,-9.62025  ,7.31526,-9.53638  ,6.82878,-9.48566   ,6.41637,-9.47333  ,6.00344,-9.47973  ,5.62649,-9.50732   ,5.27182,-9.57286  ,4.97975,-9.70208  ,4.73537,-9.89928  ,4.52334,-10.124   ,5.85198,9.30045   ,-0.139775  ,532,116486,57.5121,9.96708,131.983,0
81  ,4.16475,-10.1337  ,4.40881,-9.77397   ,4.68537,-9.49649 ,5.03555,-9.27446  ,5.37295,-9.15549  ,5.7584 ,-9.09105  ,6.16922,-9.07712   ,6.58289,-9.11494  ,6.98204,-9.18836  ,7.34105,-9.28901    ,7.72823,-9.3967   ,8.10131,-9.47829  ,4.16475,-10.1337  ,4.20627,-9.55882   ,4.45429,-9.19271  ,4.81094,-8.93332  ,5.15715,-8.79174  ,5.58129,-8.70355   ,6.06838,-8.66893   ,6.56008,-8.7048   ,6.99092,-8.79743   ,7.33438,-8.93991  ,7.69678,-9.11772  ,8.10131,-9.47829  ,7.66423,-9.65298  ,7.24904,-9.60797  ,6.8636 ,-9.5544    ,6.4879 ,-9.50954  ,6.15126,-9.48185  ,5.82079,-9.49091   ,5.48631,-9.54609  ,5.16994,-9.66     ,4.83312,-9.87091  ,4.54018,-10.0748  ,5.9458 ,9.29164   ,-0.0979207 ,521,114279,53.7907,10.094 ,126.569,0
82  ,4.21319,-10.0153  ,4.48485,-9.73643   ,4.80362,-9.50041 ,5.15663,-9.30228  ,5.51889,-9.19142  ,5.90499,-9.13959  ,6.29644,-9.12679   ,6.65187,-9.14912  ,7.05826,-9.20842  ,7.42088,-9.29001    ,7.79329,-9.38732  ,8.14715,-9.46864  ,4.21319,-10.0153  ,4.31237,-9.51086   ,4.66345,-9.1512   ,5.09554,-8.89091  ,5.51833,-8.77014  ,5.93741,-8.7091    ,6.30467,-8.69039   ,6.62956,-8.72117  ,7.01968,-8.80651   ,7.36717,-8.92661  ,7.72909,-9.09571  ,8.14715,-9.46864  ,7.76701,-9.65651  ,7.37647,-9.62854  ,6.98568,-9.58982   ,6.55371,-9.56578  ,6.17391,-9.56172  ,5.75858,-9.58014   ,5.41827,-9.63432  ,5.13776,-9.74903  ,4.86385,-9.90434  ,4.58327,-10.0227  ,6.05649,9.30108   ,-0.0884921 ,502,111610,52.0594,10.9056,122.912,0
83  ,4.21186,-9.86884  ,4.55708,-9.65361   ,4.89683,-9.49587 ,5.24766,-9.3292   ,5.58333,-9.209    ,5.99487,-9.13799  ,6.33626,-9.12292   ,6.74735,-9.15185  ,7.13573,-9.21296  ,7.48587,-9.29287    ,7.85346,-9.39207  ,8.19059,-9.47727  ,4.21186,-9.86884  ,4.43309,-9.38832   ,4.77255,-9.14067  ,5.15886,-8.93091  ,5.5378 ,-8.79188  ,5.98257,-8.70137   ,6.33066,-8.67589   ,6.74125,-8.71868  ,7.12229,-8.80911   ,7.45594,-8.92885  ,7.81464,-9.10378  ,8.19059,-9.47727  ,7.80339,-9.65695  ,7.41991,-9.6324   ,7.04306,-9.59641   ,6.63692,-9.57235  ,6.22516,-9.56877  ,5.897  ,-9.58634   ,5.53674,-9.65114  ,5.25996,-9.76251  ,4.93843,-9.88992  ,4.59709,-9.96076  ,6.13425,9.29491   ,-0.0849314 ,503,111707,51.3385,11.0267,121.497,0
84  ,4.23695,-9.68801  ,4.59436,-9.52107   ,4.98088,-9.39119 ,5.33745,-9.22433  ,5.68422,-9.10367  ,6.05503,-9.04817  ,6.47016,-9.04222   ,6.87962,-9.07913  ,7.25062,-9.14948  ,7.6329 ,-9.25449    ,7.96136,-9.34657  ,8.33334,-9.44677  ,4.23695,-9.68801  ,4.4848 ,-9.22879   ,4.87444,-9.02618  ,5.25991,-8.81165  ,5.65392,-8.6659   ,6.06643,-8.60148   ,6.5069 ,-8.59448   ,6.92451,-8.65151  ,7.27873,-8.75809   ,7.62086,-8.92471  ,7.9299 ,-9.09269  ,8.33334,-9.44677  ,7.89968,-9.57651  ,7.55097,-9.55683  ,7.12217,-9.51733   ,6.72142,-9.49169  ,6.31343,-9.4858   ,5.93258,-9.50599   ,5.61912,-9.56509  ,5.33583,-9.67391  ,5.00536,-9.78907  ,4.61661,-9.8413   ,6.19447,9.2137    ,-0.063766  ,520,114568,52.4006,11.2139,123.012,0
85  ,4.27741,-9.6771   ,4.63657,-9.4699    ,5.0017 ,-9.31499 ,5.35201,-9.15189  ,5.73441,-9.0278   ,6.1347 ,-8.96489  ,6.50853,-8.95595   ,6.93756,-9.00111  ,7.31889,-9.09064  ,7.66169,-9.22055    ,8.04043,-9.38     ,8.35993,-9.53307  ,4.27741,-9.6771   ,4.5048 ,-9.13143   ,4.9007 ,-8.94358  ,5.28812,-8.75837  ,5.70633,-8.61345  ,6.13276,-8.53092   ,6.51788,-8.51199   ,6.95478,-8.57454  ,7.33023,-8.69848   ,7.66097,-8.87983  ,8.04452,-9.11812  ,8.35993,-9.53307  ,7.94347,-9.60485  ,7.56651,-9.52033  ,7.20495,-9.45209   ,6.80242,-9.40891  ,6.373  ,-9.39561  ,6.01607,-9.41117   ,5.65882,-9.46793  ,5.32772,-9.58251  ,5.01288,-9.72951  ,4.67919,-9.84197  ,6.21499,9.15887   ,-0.0560023 ,525,115202,53.3066,10.9817,126.326,0
86  ,4.43156,-9.84283  ,4.70223,-9.54316   ,5.05845,-9.34677 ,5.44761,-9.18822  ,5.83335,-9.10407  ,6.2275 ,-9.06195  ,6.57399,-9.04825   ,7.02842,-9.06557  ,7.37263,-9.12728  ,7.76594,-9.26566    ,8.13971,-9.43631  ,8.45924,-9.56174  ,4.43156,-9.84283  ,4.51478,-9.25508   ,4.91353,-9.00396  ,5.33361,-8.81911  ,5.73602,-8.70827  ,6.15526,-8.6479    ,6.52495,-8.62339   ,6.98811,-8.63411  ,7.32833,-8.71216   ,7.71636,-8.89485  ,8.1132 ,-9.14997  ,8.45924,-9.56174  ,8.07345,-9.68269  ,7.72147,-9.59562  ,7.30922,-9.51664   ,6.94468,-9.48433  ,6.48541,-9.4754   ,6.16252,-9.48608   ,5.80968,-9.51911  ,5.46544,-9.58763  ,5.12341,-9.72852  ,4.81526,-9.88593  ,6.29921,9.22677   ,-0.0514835 ,524,115439,53.4194,10.4606,126.326,0
87  ,4.5004 ,-9.98152  ,4.76769,-9.63265   ,5.08416,-9.45257 ,5.48847,-9.28916  ,5.83271,-9.2063   ,6.27748,-9.16202  ,6.67011,-9.166     ,7.06084,-9.19361  ,7.44549,-9.25413  ,7.799  ,-9.35495    ,8.16804,-9.52237  ,8.47998,-9.71898  ,4.5004 ,-9.98152  ,4.51588,-9.39342   ,4.83223,-9.15602  ,5.26003,-8.95487  ,5.61297,-8.83793  ,6.09207,-8.76104   ,6.55204,-8.75474   ,7.02065,-8.79355  ,7.45   ,-8.86869   ,7.81088,-8.99843  ,8.19533,-9.23017  ,8.47998,-9.71898  ,8.04217,-9.76351  ,7.67399,-9.67126  ,7.31636,-9.61465   ,6.97015,-9.58012  ,6.65826,-9.5726   ,6.33257,-9.56881   ,5.93209,-9.59665  ,5.60946,-9.65847  ,5.24205,-9.79438  ,4.93839,-9.93832  ,6.35739,9.32794   ,-0.0455042 ,521,114260,53.574 ,10.3365,128.912,0
88  ,4.50715,-9.93972  ,4.83871,-9.65115   ,5.18982,-9.46948 ,5.57713,-9.33101  ,5.97123,-9.26239  ,6.3466 ,-9.24256  ,6.74011,-9.25925   ,7.1275 ,-9.30051  ,7.55081,-9.36781  ,7.92678,-9.45773    ,8.32204,-9.59304  ,8.6597 ,-9.74092  ,4.50715,-9.93972  ,4.62923,-9.37323   ,4.9973 ,-9.15373  ,5.40881,-8.97941  ,5.82302,-8.87963  ,6.22281,-8.83802   ,6.64812,-8.84505   ,7.05772,-8.89112  ,7.49398,-8.974     ,7.87403,-9.09344  ,8.28214,-9.32212  ,8.6597 ,-9.74092  ,8.26611,-9.82837  ,7.87721,-9.79275  ,7.49227,-9.73998   ,7.07038,-9.69364  ,6.7011 ,-9.66357  ,6.34081,-9.64833   ,5.99962,-9.65857  ,5.64241,-9.71046  ,5.29189,-9.82753  ,4.9646 ,-9.97948  ,6.43345,9.40275   ,-0.0256937 ,521,113529,54.1772,10.0596,128.669,0
89  ,4.55451,-10.0847  ,4.79538,-9.76013   ,5.15847,-9.53401 ,5.52149,-9.40193  ,5.92229,-9.33724  ,6.32739,-9.31587  ,6.67783,-9.32271   ,7.12755,-9.36807  ,7.50442,-9.44937  ,7.84785,-9.5459     ,8.2247 ,-9.68898  ,8.55701,-9.88385  ,4.55451,-10.0847  ,4.59431,-9.54448   ,4.96916,-9.22166  ,5.34542,-9.04661  ,5.75538,-8.95141  ,6.19735,-8.91171   ,6.59606,-8.91171   ,7.10707,-8.95967  ,7.50544,-9.06111   ,7.85227,-9.18215  ,8.24663,-9.37857  ,8.55701,-9.88385  ,8.1118 ,-9.95839  ,7.74647,-9.88046  ,7.40226,-9.81166   ,7.02904,-9.75829  ,6.62106,-9.72765  ,6.31727,-9.72225   ,5.96285,-9.73555  ,5.59828,-9.78365  ,5.26317,-9.88793  ,4.9276 ,-10.0386  ,6.47292,9.46382   ,-0.00381761,518,113657,53.6424,10.049 ,125.497,0
90  ,4.62836,-10.0793  ,4.89129,-9.7375    ,5.25063,-9.55107 ,5.67313,-9.40998  ,6.04068,-9.34837  ,6.50954,-9.32553  ,6.90717,-9.35473   ,7.26154,-9.42431  ,7.67576,-9.55158  ,8.06139,-9.70552    ,8.41399,-9.86895  ,8.772  ,-10.0638  ,4.62836,-10.0793  ,4.66151,-9.51864   ,5.02125,-9.26664  ,5.45823,-9.07264  ,5.83986,-8.9757   ,6.35516,-8.91639   ,6.81798,-8.92489   ,7.22365,-8.99554  ,7.667  ,-9.14988   ,8.05544,-9.34574  ,8.42619,-9.57544  ,8.772  ,-10.0638  ,8.3004 ,-10.1137  ,7.96927,-10.0232  ,7.5871 ,-9.91798   ,7.1873 ,-9.82592  ,6.86889,-9.76853  ,6.52731,-9.73361   ,6.11241,-9.73592  ,5.77466,-9.77538  ,5.38368,-9.87804  ,5.04479,-10.0154  ,6.61756,9.52173   ,0.0471033  ,531,115734,55.6729,10.3655,129.74 ,0
91  ,4.71193,-9.92433  ,5.04244,-9.64841   ,5.42664,-9.48559 ,5.81044,-9.38416  ,6.25374,-9.33524  ,6.6281 ,-9.3348   ,7.01415,-9.38503   ,7.43708,-9.49048  ,7.83798,-9.62228  ,8.16651,-9.76995    ,8.55804,-9.99463  ,8.85336,-10.2017  ,4.71193,-9.92433  ,4.86761,-9.38848   ,5.23979,-9.16543  ,5.62158,-9.02984  ,6.09925,-8.9484   ,6.51371,-8.91618   ,6.92849,-8.9429    ,7.37292,-9.05321  ,7.80052,-9.21356   ,8.14445,-9.39429  ,8.57917,-9.701    ,8.85336,-10.2017  ,8.43913,-10.2286  ,8.09328,-10.0976  ,7.78081,-9.99468   ,7.39428,-9.89899  ,6.99572,-9.80712  ,6.62172,-9.7463    ,6.27861,-9.72919  ,5.88095,-9.76157  ,5.51405,-9.84152  ,5.12688,-9.95934  ,6.76219,9.54123   ,0.101586   ,529,115672,55.1071,10.6311,130.569,0
92  ,4.82925,-9.79161  ,5.19571,-9.58677   ,5.58918,-9.45086 ,6.01969,-9.36237  ,6.41324,-9.33484  ,6.85543,-9.3754   ,7.21335,-9.45437   ,7.64596,-9.58734  ,8.00105,-9.72371  ,8.40516,-9.92708    ,8.7746 ,-10.1257  ,9.08711,-10.3018  ,4.82925,-9.79161  ,5.04899,-9.34399   ,5.39448,-9.13165  ,5.79768,-9.00003  ,6.20623,-8.93502  ,6.69141,-8.93296   ,7.10242,-8.99977   ,7.58183,-9.14088  ,7.94993,-9.30148   ,8.37542,-9.56403  ,8.77643,-9.86719  ,9.08711,-10.3018  ,8.66864,-10.3314  ,8.33122,-10.2338  ,7.95231,-10.1023   ,7.60644,-9.99851  ,7.20881,-9.87928  ,6.89596,-9.79716   ,6.49185,-9.7384   ,6.1128 ,-9.74327  ,5.66825,-9.80318  ,5.23554,-9.87681  ,6.91004,9.56582   ,0.153783   ,518,114318,55.7874,10.8917,131.397,0
93  ,4.94627,-9.66687  ,5.34852,-9.52766   ,5.74831,-9.43796 ,6.11698,-9.37996  ,6.491  ,-9.35768  ,6.86077,-9.38561  ,7.26731,-9.46886   ,7.6216 ,-9.58382  ,8.0029 ,-9.72973  ,8.33883,-9.88793    ,8.67811,-10.0709  ,8.99719,-10.2665  ,4.94627,-9.66687  ,5.24921,-9.25287   ,5.6192 ,-9.09068  ,5.9659 ,-8.9979   ,6.3508 ,-8.95029  ,6.75189,-8.95646   ,7.2189 ,-9.03026   ,7.61224,-9.15188  ,8.00451,-9.32234   ,8.34759,-9.52219  ,8.70794,-9.76707  ,8.99719,-10.2665  ,8.55198,-10.3216  ,8.23343,-10.2045  ,7.90618,-10.0977   ,7.53434,-9.98097  ,7.20604,-9.87882  ,6.84679,-9.79866   ,6.50877,-9.76714  ,6.14317,-9.77775  ,5.75825,-9.80839  ,5.34231,-9.8314   ,6.99861,9.57576   ,0.166812   ,504,112276,52.5466,10.4083,123.74 ,0
94  ,5.07134,-9.58078  ,5.50597,-9.49434   ,5.89462,-9.44507 ,6.23968,-9.41755  ,6.6698 ,-9.40797  ,7.01616,-9.4304   ,7.38297,-9.49569   ,7.7472 ,-9.61237  ,8.1408 ,-9.78107  ,8.49045,-9.95512    ,8.79132,-10.1069  ,9.13569,-10.2661  ,5.07134,-9.58078  ,5.44874,-9.2117    ,5.84972,-9.07559  ,6.20846,-9.01538  ,6.65763,-8.98616  ,7.02904,-9.00029   ,7.42464,-9.06086   ,7.79608,-9.18645  ,8.17796,-9.3895    ,8.52402,-9.61573  ,8.82858,-9.82764  ,9.13569,-10.2661  ,8.65524,-10.3379  ,8.35618,-10.2429  ,8.00472,-10.1262   ,7.59904,-10.0014  ,7.22727,-9.90345  ,6.86959,-9.84686   ,6.53851,-9.82746  ,6.12966,-9.82816  ,5.80621,-9.82891  ,5.44058,-9.79654  ,7.10016,9.59002   ,0.18045    ,507,111566,52.1233,10.6136,121.497,0
95  ,5.15429,-9.51983  ,5.56525,-9.4476    ,5.93093,-9.45485 ,6.3392 ,-9.45536  ,6.75319,-9.45201  ,7.14355,-9.47024  ,7.49073,-9.52772   ,7.89413,-9.64929  ,8.22922,-9.78652  ,8.55624,-9.96047    ,8.92997,-10.1617  ,9.22928,-10.3366  ,5.15429,-9.51983  ,5.503  ,-9.1216    ,5.85793,-9.08015  ,6.2532 ,-9.05299  ,6.65343,-9.0188   ,7.03729,-9.00845   ,7.4    ,-9.05897   ,7.83104,-9.19605  ,8.18787,-9.36554   ,8.54133,-9.59563  ,8.95199,-9.89965  ,9.22928,-10.3366  ,8.81746,-10.3775  ,8.47688,-10.2724  ,8.17711,-10.1636   ,7.85911,-10.0689  ,7.47244,-9.97235  ,7.12483,-9.92038   ,6.71836,-9.88588  ,6.28647,-9.85908  ,5.87375,-9.82678  ,5.52001,-9.77573  ,7.1804 ,9.61385   ,0.187421   ,509,111324,52.4871,11.2371,122.912,0
96  ,5.20062,-9.49268  ,5.64518,-9.46175   ,6.01818,-9.50175 ,6.40647,-9.51591  ,6.80804,-9.49988  ,7.14729,-9.503    ,7.53604,-9.55026   ,7.94091,-9.65282  ,8.304  ,-9.79768  ,8.61258,-9.95774    ,8.97136,-10.1612  ,9.28627,-10.3238  ,5.20062,-9.49268  ,5.57348,-9.11103   ,5.93485,-9.11762  ,6.32029,-9.12819  ,6.74464,-9.09921  ,7.11095,-9.08711   ,7.53094,-9.11885   ,7.95026,-9.21987  ,8.2984 ,-9.38934   ,8.60571,-9.59339  ,8.98726,-9.87762  ,9.28627,-10.3238  ,8.85472,-10.3893  ,8.51596,-10.2651  ,8.20749,-10.1588   ,7.82274,-10.0514  ,7.41601,-9.96007  ,7.0488 ,-9.91247   ,6.736  ,-9.9056   ,6.36111,-9.90508  ,5.97468,-9.87276  ,5.598  ,-9.80549  ,7.20622,9.63287   ,0.175919   ,511,111853,52.3462,10.4129,124.912,0
97  ,5.22849,-9.51595  ,5.62151,-9.44756   ,6.02793,-9.45478 ,6.38209,-9.47055  ,6.81288,-9.48779  ,7.17944,-9.50244  ,7.5822 ,-9.54424   ,7.9431 ,-9.61886  ,8.29571,-9.74454  ,8.63728,-9.9338     ,8.93077,-10.1566  ,9.18795,-10.4212  ,5.22849,-9.51595  ,5.56939,-9.1312    ,5.96783,-9.07883  ,6.29828,-9.08045  ,6.70967,-9.08776  ,7.08198,-9.0853    ,7.51126,-9.1125    ,7.91175,-9.18686  ,8.29357,-9.32823   ,8.66797,-9.56406  ,9.00048,-9.87365  ,9.18795,-10.4212  ,8.78045,-10.3723  ,8.52045,-10.2471  ,8.21348,-10.124    ,7.87812,-10.0255  ,7.54217,-9.95991  ,7.15696,-9.913     ,6.79169,-9.88382  ,6.34629,-9.85511  ,5.97075,-9.8255   ,5.56483,-9.76899  ,7.27822,9.62598   ,0.187374   ,514,112692,52.0068,10.3999,123.497,0
98  ,5.23377,-9.49758  ,5.65818,-9.46297   ,6.07856,-9.45266 ,6.44545,-9.4603   ,6.80688,-9.47884  ,7.218  ,-9.51389  ,7.59713,-9.56162   ,7.99083,-9.63661  ,8.33906,-9.75058  ,8.71177,-9.95301    ,9.02417,-10.1714  ,9.30161,-10.3947  ,5.23377,-9.49758  ,5.58011,-9.19274   ,6.01698,-9.09808  ,6.40519,-9.07393  ,6.79609,-9.07606  ,7.24213,-9.10239   ,7.64761,-9.14802   ,8.05458,-9.22515  ,8.40214,-9.35329   ,8.78629,-9.6078   ,9.11657,-9.90735  ,9.30161,-10.3947  ,8.84645,-10.3721  ,8.54525,-10.2401  ,8.18024,-10.1084   ,7.8209 ,-10.0233  ,7.4255 ,-9.95745  ,7.06088,-9.91191   ,6.6753 ,-9.87261  ,6.3388 ,-9.84176  ,5.99538,-9.8071   ,5.6022 ,-9.74382  ,7.3057 ,9.62607   ,0.194604   ,522,114026,52.7412,10.2941,123.841,0
99  ,5.24362,-9.6914   ,5.67389,-9.59481   ,6.09841,-9.55064 ,6.46418,-9.53794  ,6.88656,-9.5631   ,7.27749,-9.6211   ,7.63483,-9.69911   ,8.02561,-9.79995  ,8.4002 ,-9.92112  ,8.75632,-10.0868    ,9.09216,-10.2724  ,9.43813,-10.4421  ,5.24362,-9.6914   ,5.57059,-9.30214   ,6.00663,-9.19042  ,6.40242,-9.14908  ,6.86932,-9.15724  ,7.30139,-9.2081    ,7.67928,-9.28902   ,8.07273,-9.39965  ,8.44892,-9.53491   ,8.81329,-9.73832  ,9.15006,-9.99945  ,9.43813,-10.4421  ,8.94041,-10.4951  ,8.60033,-10.3827  ,8.2462 ,-10.268    ,7.86899,-10.1702  ,7.47514,-10.0817  ,7.12806,-10.0114   ,6.76692,-9.95521  ,6.38136,-9.92626  ,6.04441,-9.92124  ,5.64606,-9.9082   ,7.30604,9.74102   ,0.183652   ,520,114652,53.7066,10.0789,127.255,0
100 ,5.28967,-9.8165   ,5.7344 ,-9.67992   ,6.09999,-9.63348 ,6.49693,-9.61671  ,6.89258,-9.62262  ,7.32383,-9.67251  ,7.6866 ,-9.76107   ,8.05803,-9.88624  ,8.46507,-10.0368  ,8.82084,-10.1983    ,9.19294,-10.3864  ,9.5328 ,-10.5418  ,5.28967,-9.8165   ,5.58446,-9.34404   ,5.93704,-9.26518  ,6.34929,-9.23982  ,6.78663,-9.23019  ,7.29523,-9.25493   ,7.71312,-9.3293    ,8.08482,-9.46849  ,8.47665,-9.63706   ,8.82527,-9.82323  ,9.20516,-10.096   ,9.5328 ,-10.5418  ,9.07468,-10.6247  ,8.71237,-10.522   ,8.35338,-10.3965   ,7.9277 ,-10.2675  ,7.54712,-10.1597  ,7.21821,-10.0672   ,6.84347,-10.0076  ,6.48435,-9.99763  ,6.10981,-10.0157  ,5.75144,-10.0419  ,7.36377,9.82492   ,0.190189   ,526,114973,54.5052,10.3858,128.669,0
101 ,5.31464,-10.0487  ,5.65128,-9.8164    ,6.09225,-9.71751 ,6.44783,-9.68653  ,6.87013,-9.68118  ,7.25145,-9.71677  ,7.64716,-9.81469   ,7.9912 ,-9.95357  ,8.35833,-10.1567  ,8.69396,-10.3984    ,8.9757 ,-10.6372  ,9.25816,-10.9119  ,5.31464,-10.0487  ,5.43037,-9.55723   ,5.81749,-9.37707  ,6.16916,-9.3181   ,6.61515,-9.27796  ,7.04844,-9.2739    ,7.53484,-9.33933   ,7.94741,-9.47436  ,8.36279,-9.70091   ,8.74242,-9.98976  ,9.05983,-10.314   ,9.25816,-10.9119  ,8.80205,-10.8811  ,8.54821,-10.7305  ,8.26111,-10.5551   ,7.94117,-10.3885  ,7.65341,-10.2566  ,7.33256,-10.1402   ,6.98858,-10.0807  ,6.58288,-10.064   ,6.22929,-10.0762  ,5.76835,-10.1203  ,7.35764,9.94286   ,0.242244   ,524,115128,54.0414,11.3432,127.397,0
102 ,5.33234,-10.14    ,5.63506,-9.85333   ,6.02033,-9.74056 ,6.46976,-9.69908  ,6.87128,-9.70395  ,7.25076,-9.73975  ,7.67099,-9.84097   ,8.03296,-10.0266  ,8.35777,-10.2868  ,8.67594,-10.5981    ,8.91121,-10.8699  ,9.12728,-11.2105  ,5.33234,-10.14    ,5.43344,-9.61362   ,5.80266,-9.41616  ,6.29197,-9.33758  ,6.76253,-9.31967  ,7.22795,-9.33484   ,7.73667,-9.42877   ,8.16429,-9.63353  ,8.54325,-9.94358   ,8.88864,-10.3176  ,9.09926,-10.6431  ,9.12728,-11.2105  ,8.65162,-11.007   ,8.37659,-10.7877  ,8.07821,-10.5464   ,7.81141,-10.3601  ,7.51049,-10.2207  ,7.15385,-10.1278   ,6.84699,-10.0828  ,6.51425,-10.0655  ,6.11751,-10.0865  ,5.74784,-10.1431  ,7.36619,10.0136   ,0.303037   ,527,116526,55.5291,10.1007,128.811,0
103 ,5.36047,-10.1422  ,5.68958,-9.83132   ,6.06842,-9.72709 ,6.4904 ,-9.67832  ,6.9187 ,-9.67005  ,7.32379,-9.71148  ,7.71999,-9.81752   ,8.10309,-10.0251  ,8.3951 ,-10.273   ,8.68984,-10.6205    ,8.88116,-10.9598  ,8.98059,-11.3337  ,5.36047,-10.1422  ,5.52017,-9.55882   ,5.90702,-9.38004  ,6.35909,-9.29974  ,6.83848,-9.26876  ,7.31513,-9.29918   ,7.8037 ,-9.4129    ,8.26965,-9.65085  ,8.61241,-9.93709   ,8.92525,-10.3374  ,9.08339,-10.7452  ,8.98059,-11.3337  ,8.6344 ,-11.0751  ,8.38809,-10.8118  ,8.09593,-10.5294   ,7.85299,-10.3417  ,7.54557,-10.1887  ,7.22185,-10.106    ,6.87942,-10.0687  ,6.49762,-10.0657  ,6.11503,-10.0953  ,5.76491,-10.15    ,7.3908 ,10.0029   ,0.30869    ,530,116885,56.2535,10.0274,130.569,0
104 ,5.43399,-10.1686  ,5.69516,-9.84212   ,6.07922,-9.68606 ,6.48709,-9.6183   ,6.95674,-9.60747  ,7.34453,-9.64481  ,7.7516 ,-9.75996   ,8.09821,-9.9611   ,8.40225,-10.2286  ,8.68438,-10.5863    ,8.85243,-10.9191  ,8.95781,-11.3076  ,5.43399,-10.1686  ,5.50627,-9.62027   ,5.90032,-9.3776   ,6.34631,-9.2711   ,6.9102 ,-9.2313   ,7.40583,-9.25848   ,7.90445,-9.38592   ,8.29642,-9.6024   ,8.64208,-9.89371   ,8.92936,-10.2883  ,9.06517,-10.6786  ,8.95781,-11.3076  ,8.60003,-11.0635  ,8.37996,-10.7925  ,8.07859,-10.4786   ,7.81246,-10.2568  ,7.50901,-10.0975  ,7.16244,-10.0128   ,6.86633,-9.97912  ,6.4999 ,-9.97682  ,6.15395,-10.0234  ,5.80796,-10.1223  ,7.42543,9.96233   ,0.31619    ,529,117239,56.1794,9.98384,130.225,0
105 ,5.53002,-10.1401  ,5.78713,-9.8054    ,6.18579,-9.65702 ,6.59402,-9.5844   ,6.96876,-9.56617  ,7.38725,-9.61525  ,7.79024,-9.74679   ,8.14686,-9.96206  ,8.45143,-10.2332  ,8.69647,-10.5425    ,8.85955,-10.928   ,8.87687,-11.3005  ,5.53002,-10.1401  ,5.61478,-9.5426    ,6.03796,-9.32709  ,6.46145,-9.21344  ,6.86854,-9.16269  ,7.34888,-9.20048   ,7.83297,-9.33179   ,8.2579 ,-9.5518   ,8.62544,-9.86998   ,8.91649,-10.2406  ,9.09839,-10.717   ,8.87687,-11.3005  ,8.59495,-11.0394  ,8.41707,-10.7536  ,8.19432,-10.5119   ,7.94696,-10.3068  ,7.6555 ,-10.121   ,7.31159,-10.0083   ,6.9441 ,-9.96765  ,6.60271,-9.96929  ,6.22755,-10.0157  ,5.87408,-10.1248  ,7.43573,9.94415   ,0.317268   ,530,116177,55.4237,10.0137,129.983,0
106 ,5.58026,-10.2144  ,5.79265,-9.84472   ,6.19599,-9.65429 ,6.61012,-9.56513  ,6.98345,-9.5455   ,7.4078 ,-9.60176  ,7.82715,-9.7495    ,8.18029,-9.9808   ,8.47479,-10.251   ,8.73658,-10.5949    ,8.86744,-10.9646  ,8.88878,-11.3673  ,5.58026,-10.2144  ,5.55078,-9.62017   ,5.98641,-9.35739  ,6.45455,-9.22268  ,6.88745,-9.15979  ,7.39757,-9.1906    ,7.90406,-9.33919   ,8.3301 ,-9.6009   ,8.68374,-9.92064   ,8.98738,-10.3216  ,9.10971,-10.7641  ,8.88878,-11.3673  ,8.60152,-11.0556  ,8.42762,-10.7685  ,8.17244,-10.4855   ,7.92929,-10.2817  ,7.64968,-10.1118  ,7.30365,-9.98797   ,6.95262,-9.92821  ,6.64311,-9.9244   ,6.29386,-9.98746  ,5.95746,-10.1396  ,7.463  ,9.96059   ,0.327957   ,537,117037,56.5833,9.97537,131.64 ,0
107 ,5.6199 ,-10.2706  ,5.81537,-9.89008   ,6.15751,-9.68854 ,6.5643 ,-9.56174  ,7.00031,-9.5255   ,7.37629,-9.56469  ,7.78284,-9.69635   ,8.14406,-9.91108  ,8.44148,-10.1922  ,8.68365,-10.5206    ,8.83721,-10.9255  ,8.84412,-11.2972  ,5.6199 ,-10.2706  ,5.6088 ,-9.67446   ,5.97405,-9.39264  ,6.42981,-9.22744  ,6.9567 ,-9.1545   ,7.4427 ,-9.17748   ,7.93995,-9.32435   ,8.35301,-9.55906  ,8.68649,-9.8725    ,8.94614,-10.2498  ,9.08251,-10.7326  ,8.84412,-11.2972  ,8.56979,-11.0145  ,8.36308,-10.6956  ,8.11592,-10.4225   ,7.84552,-10.197   ,7.53314,-10.0281  ,7.19211,-9.93041   ,6.91354,-9.89533  ,6.58528,-9.91905  ,6.24843,-10.0231  ,5.95773,-10.182   ,7.47191,9.93107   ,0.313494   ,525,116231,55.8869,9.99802,130.468,0
108 ,5.68228,-10.2319  ,5.86247,-9.85194   ,6.1909 ,-9.65637 ,6.5819 ,-9.53025  ,7.02583,-9.4824   ,7.41326,-9.52609  ,7.80647,-9.66286   ,8.12384,-9.87304  ,8.41541,-10.153   ,8.64881,-10.4694    ,8.80179,-10.8707  ,8.83298,-11.2369  ,5.68228,-10.2319  ,5.6273 ,-9.6289    ,5.99858,-9.35794  ,6.4403 ,-9.18146  ,6.9291 ,-9.08416  ,7.38423,-9.11351   ,7.86857,-9.24613   ,8.25971,-9.46224  ,8.60999,-9.77123   ,8.88306,-10.1372  ,9.02795,-10.6427  ,8.83298,-11.2369  ,8.5493 ,-10.9946  ,8.35878,-10.708   ,8.14292,-10.4488   ,7.89937,-10.2136  ,7.6511 ,-10.0343  ,7.33565,-9.91756   ,7.00837,-9.88146  ,6.61858,-9.9027   ,6.29323,-9.99553  ,6.03369,-10.1415  ,7.45972,9.8926    ,0.310793   ,524,115779,54.7819,10.2197,127.64 ,0
109 ,5.67273,-10.2046  ,5.88619,-9.82815   ,6.23904,-9.60418 ,6.60174,-9.48086  ,7.00766,-9.44638  ,7.41663,-9.49493  ,7.7997 ,-9.63748   ,8.10684,-9.85791  ,8.40118,-10.1609  ,8.64991,-10.492     ,8.84492,-10.8293  ,8.96188,-11.1762  ,5.67273,-10.2046  ,5.64197,-9.60253   ,6.03102,-9.31272  ,6.46273,-9.1434   ,6.96526,-9.0701   ,7.48325,-9.09813   ,7.9492 ,-9.24638   ,8.30668,-9.48661  ,8.63869,-9.82441   ,8.8941 ,-10.1956  ,9.06101,-10.596   ,8.96188,-11.1762  ,8.5803 ,-10.9671  ,8.34075,-10.6923  ,8.08439,-10.4055   ,7.81921,-10.154   ,7.56149,-9.98204  ,7.24058,-9.86881   ,6.92947,-9.82084  ,6.63072,-9.84196  ,6.35115,-9.94477  ,6.05873,-10.1221  ,7.4649 ,9.87187   ,0.31621    ,527,115683,54.6185,10.1987,127.296,0
110 ,5.66199,-10.1808  ,5.88508,-9.8268    ,6.21853,-9.60579 ,6.54276,-9.47449  ,6.96947,-9.3969   ,7.34529,-9.43879  ,7.70411,-9.56932   ,8.04868,-9.80709  ,8.30226,-10.0512  ,8.56636,-10.3532    ,8.81409,-10.6775  ,8.95493,-11.0034  ,5.66199,-10.1808  ,5.66743,-9.59818   ,6.03881,-9.29338  ,6.42687,-9.12225  ,6.91321,-8.999    ,7.33814,-9.02778   ,7.7738 ,-9.14938   ,8.1892 ,-9.38533  ,8.48727,-9.65511   ,8.77818,-10.0026  ,9.02192,-10.3956  ,8.95493,-11.0034  ,8.55213,-10.881   ,8.2844 ,-10.6187  ,8.03507,-10.3616   ,7.8221 ,-10.1566  ,7.54787,-9.94602  ,7.25858,-9.82985   ,6.93091,-9.79869  ,6.56353,-9.85668  ,6.30956,-9.96537  ,6.03152,-10.1224  ,7.43329,9.82593   ,0.294709   ,523,115579,52.9947,10.4757,125.539,0
111 ,5.65016,-10.1288  ,5.87296,-9.81535   ,6.18378,-9.60215 ,6.57782,-9.45094  ,6.93257,-9.40172  ,7.29847,-9.4214   ,7.66383,-9.54076   ,7.98529,-9.75929  ,8.27407,-10.0139  ,8.55913,-10.2916    ,8.81877,-10.5509  ,9.03868,-10.8227  ,5.65016,-10.1288  ,5.67236,-9.57902   ,5.983  ,-9.28467  ,6.39717,-9.09512  ,6.79754,-9.01666  ,7.24236,-8.99745   ,7.69788,-9.08079   ,8.06533,-9.28016  ,8.38794,-9.55298   ,8.69766,-9.88166  ,8.95581,-10.2242  ,9.03868,-10.8227  ,8.61259,-10.8082  ,8.34139,-10.6228  ,8.07689,-10.3969   ,7.82461,-10.1742  ,7.54614,-9.95951  ,7.2531 ,-9.83028   ,6.96505,-9.79664  ,6.66412,-9.83097  ,6.30229,-9.96445  ,6.00639,-10.1147  ,7.4059 ,9.78539   ,0.276049   ,525,115369,51.4911,11.3556,121.054,0
112 ,5.63288,-10.1459  ,5.87151,-9.80659   ,6.15843,-9.58579 ,6.50181,-9.45353  ,6.8957 ,-9.4064   ,7.28844,-9.44207  ,7.631  ,-9.57528   ,7.93952,-9.78727  ,8.26879,-10.066   ,8.55726,-10.3093    ,8.83222,-10.5079  ,9.12883,-10.7177  ,5.63288,-10.1459  ,5.67368,-9.59702   ,5.95154,-9.29141  ,6.30841,-9.11213  ,6.7256 ,-9.01909  ,7.17928,-8.99617   ,7.5879 ,-9.06737   ,7.92274,-9.23535  ,8.2843 ,-9.53204   ,8.61183,-9.84779  ,8.91164,-10.1538  ,9.12883,-10.7177  ,8.66422,-10.8038  ,8.40776,-10.6942  ,8.15664,-10.5157   ,7.86693,-10.2695  ,7.58313,-10.0346  ,7.28973,-9.86518   ,6.94972,-9.79706  ,6.58981,-9.82185  ,6.27658,-9.93221  ,5.99835,-10.0919  ,7.39391,9.78603   ,0.277621   ,518,114194,51.5344,12.7014,120.468,0
113 ,5.65984,-10.1314  ,5.88387,-9.80371   ,6.18079,-9.58919 ,6.53362,-9.45897  ,6.91242,-9.42492  ,7.27341,-9.49428  ,7.62235,-9.65417   ,7.94466,-9.87008  ,8.23286,-10.0809  ,8.55022,-10.2771    ,8.87727,-10.4182  ,9.22517,-10.5198  ,5.65984,-10.1314  ,5.63677,-9.62094   ,5.90845,-9.32724  ,6.26791,-9.13515  ,6.66803,-9.02895  ,7.07405,-9.00351   ,7.478  ,-9.07344   ,7.83465,-9.242    ,8.15346,-9.48081   ,8.50693,-9.77298  ,8.85677,-10.0538  ,9.22517,-10.5198  ,8.79148,-10.7458  ,8.48431,-10.7215  ,8.21226,-10.6106   ,7.963  ,-10.4307  ,7.67061,-10.1815  ,7.37069,-9.95158   ,7.04947,-9.81821  ,6.69341,-9.80869  ,6.36014,-9.90253  ,6.06035,-10.0595  ,7.40764,9.80941   ,0.278975   ,513,113941,50.5143,14.664 ,120.468,0
114 ,5.6654 ,-10.1219  ,5.92885,-9.77954   ,6.25057,-9.57372 ,6.57641,-9.46691  ,6.97818,-9.44712  ,7.31404,-9.53614  ,7.65776,-9.70101   ,7.97537,-9.90368  ,8.29374,-10.1044  ,8.64039,-10.2611    ,9.05273,-10.3197  ,9.38963,-10.2664  ,5.6654 ,-10.1219  ,5.66255,-9.57229   ,5.97155,-9.30911  ,6.28437,-9.15363  ,6.67932,-9.03478  ,7.03815,-9.00496   ,7.42507,-9.06848   ,7.77025,-9.22581  ,8.09592,-9.46643   ,8.4595 ,-9.73997  ,8.92   ,-9.99982  ,9.38963,-10.2664  ,9.07163,-10.6436  ,8.70271,-10.7401  ,8.38159,-10.6798   ,8.07727,-10.5114  ,7.77861,-10.2722  ,7.47551,-10.0233   ,7.16421,-9.84928  ,6.75455,-9.80499  ,6.42964,-9.88747  ,6.11614,-10.0602  ,7.44508,9.82124   ,0.254108   ,521,114518,51.3899,16.2101,125.296,0
115 ,5.69217,-10.222   ,5.88625,-9.85425   ,6.18234,-9.62681 ,6.57098,-9.48364  ,6.98113,-9.47426  ,7.32686,-9.56721  ,7.72726,-9.75328   ,8.03792,-9.93638  ,8.41481,-10.1398  ,8.76423,-10.2561    ,9.15688,-10.2172  ,9.4911 ,-10.0817  ,5.69217,-10.222   ,5.60156,-9.709     ,5.83051,-9.4231   ,6.20449,-9.19237  ,6.62193,-9.05316  ,7.01415,-9.02227   ,7.48852,-9.10765   ,7.83771,-9.27919  ,8.21622,-9.57333   ,8.56391,-9.84352  ,8.99627,-9.98445  ,9.4911 ,-10.0817  ,9.21049,-10.4855  ,8.8481 ,-10.6447  ,8.50009,-10.6532   ,8.13633,-10.5324  ,7.85638,-10.3398  ,7.52337,-10.07     ,7.22371,-9.88054  ,6.82104,-9.80086  ,6.43423,-9.8864   ,6.11455,-10.0792  ,7.48424,9.81554   ,0.225274   ,522,115191,53.2366,15.8005,128.953,0
116 ,5.73414,-10.1727  ,5.97383,-9.81824   ,6.28919,-9.57833 ,6.66506,-9.46464  ,7.00515,-9.46643  ,7.38948,-9.56968  ,7.76458,-9.7338    ,8.11098,-9.92143  ,8.44036,-10.0739  ,8.86836,-10.1385    ,9.23284,-10.0537  ,9.5456 ,-9.9112   ,5.73414,-10.1727  ,5.71716,-9.65885   ,5.98549,-9.34398  ,6.31185,-9.14206  ,6.65268,-9.04057  ,7.08133,-9.00654   ,7.51848,-9.09095   ,7.88615,-9.28586  ,8.20058,-9.5251    ,8.63454,-9.75619  ,9.06061,-9.81642  ,9.5456 ,-9.9112   ,9.28915,-10.3325  ,8.97756,-10.5252  ,8.56383,-10.5787   ,8.23462,-10.5015  ,7.9086 ,-10.3266  ,7.58733,-10.0916   ,7.246  ,-9.87989  ,6.90429,-9.80343  ,6.49647,-9.86723  ,6.15379,-10.0645  ,7.53676,9.78244   ,0.191949   ,526,115379,52.5443,15.8918,128.711,0
117 ,5.85048,-10.1909  ,6.03536,-9.82453   ,6.35601,-9.53776 ,6.70765,-9.41816  ,7.08991,-9.43692  ,7.5262 ,-9.56752  ,7.8593 ,-9.72211   ,8.21841,-9.91067  ,8.61583,-10.0506  ,8.98047,-10.0628    ,9.38849,-9.95209  ,9.72362,-9.8213   ,5.85048,-10.1909  ,5.76577,-9.72288   ,6.01192,-9.34342  ,6.36024,-9.11405  ,6.7778 ,-8.99761  ,7.28464,-8.98763   ,7.66467,-9.08691   ,8.02472,-9.31575  ,8.40289,-9.59077   ,8.78383,-9.72761  ,9.24784,-9.71785  ,9.72362,-9.8213   ,9.41929,-10.2289  ,9.05492,-10.4099  ,8.71013,-10.4842   ,8.30711,-10.4534  ,7.94882,-10.3034  ,7.64791,-10.1011   ,7.27408,-9.85599  ,6.93159,-9.74037  ,6.59399,-9.79916  ,6.23753,-10.0202  ,7.63027,9.73236   ,0.176871   ,529,115750,54.0247,15.321 ,128.468,0
118 ,5.90397,-10.0346  ,6.13076,-9.69991   ,6.48174,-9.4606  ,6.84678,-9.37428  ,7.21221,-9.40869  ,7.5693 ,-9.522    ,7.95568,-9.69141   ,8.2916 ,-9.84828  ,8.65981,-9.96473  ,9.042  ,-9.96844    ,9.40474,-9.86379  ,9.74174,-9.69499  ,5.90397,-10.0346  ,5.85595,-9.55065   ,6.13678,-9.21956  ,6.4733 ,-9.01967  ,6.8641 ,-8.92497  ,7.27753,-8.91013   ,7.71856,-9.02467   ,8.04415,-9.24411  ,8.38892,-9.50576   ,8.78545,-9.65742  ,9.20701,-9.64342  ,9.74174,-9.69499  ,9.48821,-10.1288  ,9.17117,-10.2968  ,8.80517,-10.3972   ,8.42214,-10.4021  ,8.08503,-10.3066  ,7.74482,-10.0897   ,7.44356,-9.87398  ,7.09652,-9.73928  ,6.71219,-9.7541   ,6.32857,-9.93357  ,7.70534,9.66732   ,0.176854   ,529,116171,52.4016,16.3524,126.225,0
119 ,6.0297 ,-9.89299  ,6.30583,-9.59063   ,6.62876,-9.36658 ,7.01851,-9.31235  ,7.43093,-9.41372  ,7.80885,-9.57335  ,8.14232,-9.74801   ,8.48791,-9.89667  ,8.92424,-9.9374   ,9.31867,-9.86944    ,9.69617,-9.75993  ,10.0309,-9.64244  ,6.0297 ,-9.89299  ,6.09021,-9.41524   ,6.36916,-9.09323  ,6.75808,-8.93069  ,7.20714,-8.89468  ,7.63064,-8.95394   ,7.96741,-9.12018   ,8.28249,-9.36176  ,8.71346,-9.56472   ,9.1565 ,-9.58341  ,9.59103,-9.53379  ,10.0309,-9.64244  ,9.69665,-10.0199  ,9.37012,-10.1822  ,9.02164,-10.3166   ,8.59103,-10.3992  ,8.22258,-10.3258  ,7.8864 ,-10.1445   ,7.53821,-9.8928   ,7.162  ,-9.68507  ,6.78715,-9.68796  ,6.44126,-9.84372  ,7.89102,9.63656   ,0.17292    ,532,117295,53.7393,15.1142,127.64 ,0
120 ,6.06172,-9.6199   ,6.44264,-9.45371   ,6.81407,-9.32615 ,7.19247,-9.31742  ,7.55762,-9.42606  ,7.91666,-9.58217  ,8.29084,-9.72167   ,8.71179,-9.80443  ,9.09926,-9.81493  ,9.49279,-9.79101    ,9.87027,-9.76578  ,10.2357,-9.76183  ,6.06172,-9.6199   ,6.23514,-9.21645   ,6.54176,-9.00712  ,6.89661,-8.88451  ,7.2757 ,-8.83781  ,7.65143,-8.91435   ,8.00823,-9.0896    ,8.42589,-9.28795  ,8.86987,-9.41543   ,9.35469,-9.48437  ,9.81131,-9.53495  ,10.2357,-9.76183  ,9.80932,-10.0036  ,9.49995,-10.1068  ,9.1982 ,-10.2181   ,8.87198,-10.3063  ,8.46196,-10.3192  ,8.07863,-10.2051   ,7.73674,-9.97399  ,7.38048,-9.73428  ,6.97933,-9.67148  ,6.54577,-9.73423  ,8.01207,9.60427   ,0.181953   ,529,116406,52.9641,16.675 ,127.154,0
121 ,6.09001,-9.57382  ,6.5032 ,-9.44581   ,6.86621,-9.32876 ,7.25418,-9.28383  ,7.58483,-9.34381  ,7.95671,-9.48226  ,8.31101,-9.63654   ,8.67955,-9.75324  ,9.04775,-9.77713  ,9.4522 ,-9.75989    ,9.85763,-9.74626  ,10.1927,-9.75416  ,6.09001,-9.57382  ,6.34045,-9.17693   ,6.63842,-9.00016  ,6.99982,-8.88605  ,7.34843,-8.83336  ,7.74903,-8.87122   ,8.09288,-9.02704   ,8.42832,-9.2483   ,8.80932,-9.38397   ,9.28117,-9.45339  ,9.76395,-9.51289  ,10.1927,-9.75416  ,9.82167,-9.982    ,9.48551,-10.073   ,9.15704,-10.1709   ,8.81847,-10.2364  ,8.42913,-10.2025  ,8.06013,-10.0504   ,7.71239,-9.8229   ,7.39551,-9.67784  ,6.98834,-9.68716  ,6.5644 ,-9.74902  ,8.07265,9.54831   ,0.161595   ,520,114919,51.8737,14.994 ,123.497,0
122 ,6.16351,-9.3744   ,6.56888,-9.37408   ,6.96068,-9.31171 ,7.31805,-9.27244  ,7.67851,-9.29192  ,8.05128,-9.40582  ,8.36747,-9.56182   ,8.71096,-9.68897  ,9.11942,-9.72494  ,9.49854,-9.71457    ,9.86096,-9.70298  ,10.1893,-9.69745  ,6.16351,-9.3744   ,6.48924,-9.05536   ,6.8468 ,-8.93931  ,7.17661,-8.8708   ,7.53027,-8.83168  ,7.93795,-8.86729   ,8.25733,-9.00482   ,8.56771,-9.19658  ,8.97518,-9.32892   ,9.38567,-9.38727  ,9.78512,-9.44643  ,10.1893,-9.69745  ,9.82214,-9.96215  ,9.48511,-10.0467  ,9.13989,-10.1199   ,8.74848,-10.1548  ,8.38765,-10.0744  ,8.06766,-9.90337   ,7.70884,-9.73398  ,7.33734,-9.68014  ,6.95992,-9.70383  ,6.54127,-9.7032   ,8.11629,9.49191   ,0.154297   ,512,114040,50.4853,13.2142,121.255,0
123 ,6.14682,-9.29438  ,6.53963,-9.30945   ,6.92098,-9.28701 ,7.32799,-9.26892  ,7.72658,-9.28622  ,8.07429,-9.3778   ,8.41929,-9.54336   ,8.81099,-9.67009  ,9.1387 ,-9.70804  ,9.54343,-9.71213    ,9.92231,-9.70421  ,10.2884,-9.71129  ,6.14682,-9.29438  ,6.51323,-8.983     ,6.8887 ,-8.91072  ,7.27914,-8.86077  ,7.67013,-8.83295  ,8.03563,-8.87648   ,8.37484,-9.03804   ,8.70889,-9.2329   ,9.00993,-9.32349   ,9.42919,-9.38617  ,9.84662,-9.44914  ,10.2884,-9.71129  ,9.87772,-9.96139  ,9.52487,-10.0402  ,9.13245,-10.0838   ,8.79027,-10.0815  ,8.3644 ,-10.0017  ,8.00709,-9.83842   ,7.65443,-9.72366  ,7.23956,-9.67918  ,6.82108,-9.67227  ,6.44991,-9.63888  ,8.14832,9.47005   ,0.164411   ,514,114719,51.7396,11.8195,122.184,0
124 ,6.25472,-9.09239  ,6.64259,-9.1905    ,7.02466,-9.25833 ,7.46403,-9.3182   ,7.80526,-9.35758  ,8.21815,-9.4643   ,8.54923,-9.60422   ,8.94924,-9.69846  ,9.35125,-9.72516  ,9.75884,-9.72179    ,10.0856,-9.71254  ,10.4732,-9.71919  ,6.25472,-9.09239  ,6.68362,-8.84313   ,7.09082,-8.86155  ,7.53589,-8.91389  ,7.85164,-8.93488  ,8.24412,-9.01256   ,8.55873,-9.15674   ,8.88913,-9.29855  ,9.25619,-9.37262   ,9.67648,-9.42413  ,10.0329,-9.47008  ,10.4732,-9.71919  ,10.0119,-9.95823  ,9.70664,-10.0228  ,9.30952,-10.0743   ,8.88338,-10.0805  ,8.44057,-10.014   ,8.09626,-9.87923   ,7.64913,-9.76529  ,7.27166,-9.70846  ,6.82884,-9.63483  ,6.48165,-9.51185  ,8.19695,9.47838   ,0.179341   ,528,116747,52.7347,10.7827,125.598,0
125 ,6.54521,-8.30393  ,6.70153,-8.66979   ,7.0117 ,-8.93503 ,7.38699,-9.1203   ,7.7515 ,-9.23472  ,8.16785,-9.3167   ,8.54279,-9.37829   ,8.9872 ,-9.44236  ,9.32452,-9.46939  ,9.73595,-9.47744    ,10.1274,-9.47304  ,10.5211,-9.45729  ,6.54521,-8.30393  ,6.93228,-8.45167   ,7.24394,-8.62236  ,7.57111,-8.76986  ,7.92452,-8.85958  ,8.32539,-8.92482   ,8.66372,-8.9816    ,9.05419,-9.0485   ,9.35253,-9.08971   ,9.73575,-9.13467  ,10.1106,-9.19845  ,10.5211,-9.45729  ,10.018 ,-9.74958  ,9.60082,-9.82012  ,9.15905,-9.84154   ,8.78978,-9.82093  ,8.29698,-9.75451  ,7.88644,-9.68745   ,7.46828,-9.58184  ,7.10477,-9.43134  ,6.69115,-9.19229  ,6.41487,-8.80757  ,8.31832,9.24297   ,0.20281    ,532,115702,54.0118,10.7918,126.426,0
126 ,6.62102,-8.22014  ,6.81042,-8.59548   ,7.09236,-8.8544  ,7.45386,-9.06881  ,7.83547,-9.23545  ,8.19735,-9.32835  ,8.64023,-9.38089   ,9.04501,-9.40508  ,9.45341,-9.41897  ,9.83789,-9.42876    ,10.2398,-9.44732  ,10.5816,-9.49858  ,6.62102,-8.22014  ,7.04215,-8.3946    ,7.34534,-8.5808   ,7.68293,-8.75635  ,8.0683 ,-8.88665  ,8.42592,-8.95278   ,8.83276,-8.99872   ,9.18604,-9.03166  ,9.54024,-9.06316   ,9.87858,-9.10202  ,10.2468,-9.17504  ,10.5816,-9.49858  ,10.1102,-9.71058  ,9.64939,-9.75168  ,9.20555,-9.77015   ,8.73958,-9.77096  ,8.29167,-9.74963  ,7.83544,-9.67938   ,7.49904,-9.54599  ,7.1338 ,-9.33435  ,6.75133,-9.06348  ,6.51468,-8.71261  ,8.37782,9.209     ,0.215423   ,521,115078,54.1177,11.4828,125.841,0
127 ,6.63959,-8.31709  ,6.88405,-8.68838   ,7.18247,-8.92276 ,7.53894,-9.11761  ,7.89887,-9.28532  ,8.28207,-9.39554  ,8.68867,-9.44752   ,9.06388,-9.46966  ,9.44374,-9.47897  ,9.8777 ,-9.47782    ,10.2651,-9.46701  ,10.6222,-9.43377  ,6.63959,-8.31709  ,7.07173,-8.44014   ,7.38161,-8.61031  ,7.71706,-8.7784   ,8.0623 ,-8.91504  ,8.43245,-8.9983    ,8.80784,-9.04695   ,9.14403,-9.07913  ,9.48469,-9.10997   ,9.88472,-9.14893  ,10.2457,-9.20498  ,10.6222,-9.43377  ,10.1636,-9.73424  ,9.73132,-9.80829  ,9.25215,-9.8461    ,8.8315 ,-9.85349  ,8.42495,-9.83546  ,8.01046,-9.76813   ,7.63939,-9.61595  ,7.27392,-9.41281  ,6.89271,-9.17786  ,6.62345,-8.8576   ,8.43255,9.26338   ,0.218528   ,517,114811,53.6884,10.767 ,124.426,0
128 ,6.63623,-8.46213  ,6.87818,-8.78208   ,7.21902,-8.99573 ,7.57171,-9.19454  ,7.93394,-9.3619   ,8.31124,-9.46246  ,8.71757,-9.5122    ,9.10006,-9.52679  ,9.55446,-9.52432  ,9.90788,-9.5188     ,10.3007,-9.52042  ,10.6783,-9.50142  ,6.63623,-8.46213  ,7.06709,-8.52502   ,7.3915 ,-8.68777  ,7.70349,-8.84237  ,8.04434,-8.97169  ,8.40677,-9.05592   ,8.79983,-9.10125   ,9.17123,-9.12643  ,9.62461,-9.15393   ,9.97147,-9.18534  ,10.3196,-9.24308  ,10.6783,-9.50142  ,10.1578,-9.79615  ,9.70634,-9.85391  ,9.33724,-9.89722   ,8.87374,-9.92425  ,8.48897,-9.91204  ,8.09664,-9.84507   ,7.72865,-9.7162   ,7.35153,-9.49854  ,6.95853,-9.2534   ,6.61404,-8.9753   ,8.49251,9.33363   ,0.198975   ,516,115067,53.683 ,10.6497,124.426,0
129 ,6.74701,-8.68062  ,7.05676,-8.93202   ,7.40183,-9.14717 ,7.7769 ,-9.34639  ,8.15288,-9.47343  ,8.54595,-9.54413  ,8.90932,-9.56933   ,9.34115,-9.54973  ,9.71402,-9.50833  ,10.1449,-9.46263    ,10.5014,-9.43874  ,10.8982,-9.41275  ,6.74701,-8.68062  ,7.16186,-8.62595   ,7.47475,-8.76183  ,7.79538,-8.93039  ,8.12248,-9.04637  ,8.47243,-9.11224   ,8.81746,-9.14125   ,9.24793,-9.15219  ,9.64249,-9.1504    ,10.1123,-9.15688  ,10.4843,-9.18742  ,10.8982,-9.41275  ,10.4035,-9.69617  ,10.0551,-9.77926  ,9.66182,-9.88113   ,9.30975,-9.95785  ,8.87903,-9.9945   ,8.50087,-9.96106   ,8.08122,-9.8737   ,7.67279,-9.72375  ,7.24474,-9.48282  ,6.8658 ,-9.18089  ,8.64557,9.37414   ,0.139824   ,527,116772,53.9092,10.4918,125.841,0
130 ,6.89202,-8.77183  ,7.20873,-9.04206   ,7.59263,-9.2639  ,7.94089,-9.42582  ,8.33751,-9.53602  ,8.74341,-9.58546  ,9.16817,-9.59286   ,9.57145,-9.55522  ,9.98743,-9.49323  ,10.4179,-9.44522    ,10.8467,-9.42646  ,11.2099,-9.41697  ,6.89202,-8.77183  ,7.32377,-8.71209   ,7.6615 ,-8.85982  ,7.93554,-9.00353  ,8.25557,-9.10989  ,8.60013,-9.16098   ,9.00376,-9.17708   ,9.45061,-9.17163  ,9.92541,-9.16394   ,10.4055,-9.17281  ,10.8452,-9.21682  ,11.2099,-9.41697  ,10.7299,-9.63763  ,10.3062,-9.72816  ,9.92804,-9.83935   ,9.57772,-9.95584  ,9.21354,-10.0111  ,8.76589,-10.0011   ,8.31134,-9.94127  ,7.85612,-9.81311  ,7.43892,-9.62139  ,7.01003,-9.31949  ,8.81807,9.41479   ,0.0955789  ,534,118758,55.817 ,10.5472,129.255,0
131 ,7.02217,-8.91434  ,7.35241,-9.13288   ,7.72154,-9.33853 ,8.0896 ,-9.50854  ,8.48566,-9.59806  ,8.88372,-9.62634  ,9.31034,-9.60397   ,9.68265,-9.56332  ,10.1014,-9.50434  ,10.5085,-9.45297    ,10.9003,-9.42517  ,11.2527,-9.41088  ,7.02217,-8.91434  ,7.43428,-8.79236   ,7.75654,-8.91317  ,8.04717,-9.0646   ,8.37733,-9.14947  ,8.74895,-9.17844   ,9.17503,-9.18026   ,9.56075,-9.17064  ,10.0209,-9.15787   ,10.4763,-9.15886  ,10.8912,-9.19166  ,11.2527,-9.41088  ,10.802 ,-9.66292  ,10.4251,-9.75931  ,10.065 ,-9.86825   ,9.68144,-9.97116  ,9.32109,-10.0381  ,8.90136,-10.073    ,8.48596,-10.0307  ,8.04498,-9.92179  ,7.60635,-9.71811  ,7.18932,-9.43123  ,8.96739,9.46477   ,0.063813   ,530,117214,54.2152,11.1295,126.426,0
132 ,7.25993,-8.92893  ,7.55642,-9.18187   ,7.86925,-9.38107 ,8.23517,-9.53762  ,8.58092,-9.60401  ,8.97309,-9.62996  ,9.38726,-9.61519   ,9.74153,-9.58189  ,10.1352,-9.53186  ,10.456 ,-9.49074    ,10.8508,-9.44471  ,11.1993,-9.37642  ,7.25993,-8.92893  ,7.65812,-8.85855   ,7.93797,-8.96369  ,8.24507,-9.09637  ,8.55315,-9.15551  ,8.92536,-9.18106   ,9.33571,-9.1844    ,9.69419,-9.17677  ,10.1017,-9.16248   ,10.4328,-9.15461  ,10.8253,-9.16576  ,11.1993,-9.37642  ,10.7839,-9.73457  ,10.3744,-9.83987  ,10.059 ,-9.91588   ,9.67265,-10.0001  ,9.3194 ,-10.054   ,8.90498,-10.0768   ,8.50279,-10.0386  ,8.13667,-9.95268  ,7.72312,-9.75319  ,7.3774 ,-9.45241  ,9.05469,9.48804   ,0.0676159  ,521,115201,51.0682,10.9882,121.012,0
133 ,7.2458 ,-9.09036  ,7.60042,-9.25387   ,7.96602,-9.43033 ,8.30731,-9.5879   ,8.66527,-9.66363  ,9.04696,-9.67891  ,9.45451,-9.65672   ,9.84736,-9.60968  ,10.2035,-9.54669  ,10.5886,-9.48041    ,10.9603,-9.42698  ,11.2913,-9.3592   ,7.2458 ,-9.09036  ,7.64149,-8.91674   ,7.99776,-8.99729  ,8.33006,-9.13861  ,8.65469,-9.23086  ,8.97631,-9.26278   ,9.33609,-9.25059   ,9.72325,-9.21963  ,10.108 ,-9.1854    ,10.5172,-9.15881  ,10.8946,-9.15992  ,11.2913,-9.3592   ,10.9242,-9.70991  ,10.5511,-9.81804  ,10.1854,-9.92988   ,9.84492,-10.0181  ,9.43751,-10.0745  ,8.98389,-10.0957   ,8.5608 ,-10.0831  ,8.19665,-10.0034  ,7.84657,-9.81968  ,7.46762,-9.55038  ,9.15382,9.53459   ,0.0400027  ,512,114941,51.429 ,10.7314,121.255,0
134 ,7.35257,-9.23072  ,7.68999,-9.39807   ,8.06999,-9.54681 ,8.42801,-9.6573   ,8.77908,-9.70131  ,9.17786,-9.71011  ,9.57928,-9.6924    ,9.95695,-9.65359  ,10.3086,-9.60235  ,10.6971,-9.54799    ,11.0699,-9.50487  ,11.4149,-9.46394  ,7.35257,-9.23072  ,7.7004 ,-9.07815   ,8.0876 ,-9.12215  ,8.42651,-9.19734  ,8.72671,-9.2367   ,9.07078,-9.25295   ,9.44323,-9.25477   ,9.82999,-9.24909  ,10.2227,-9.24256   ,10.6659,-9.24541  ,11.0741,-9.27357  ,11.4149,-9.46394  ,10.9763,-9.74602  ,10.632 ,-9.86287  ,10.2961,-9.97714   ,9.97961,-10.0714  ,9.60285,-10.1379  ,9.16877,-10.1682   ,8.7231 ,-10.1583  ,8.34095,-10.0979  ,7.97828,-9.94295  ,7.6037 ,-9.6869   ,9.27852,9.6017    ,0.00898472 ,522,115378,51.1264,11.3028,119.355,0
135 ,7.41329,-9.22914  ,7.72584,-9.46102   ,8.10431,-9.61432 ,8.42912,-9.7395   ,8.81803,-9.81474  ,9.18812,-9.83435  ,9.617  ,-9.79987   ,9.98472,-9.74068  ,10.3373,-9.67015  ,10.7242,-9.58903    ,11.0839,-9.50298  ,11.4324,-9.39016  ,7.41329,-9.22914  ,7.79941,-9.14768   ,8.15862,-9.21131  ,8.45314,-9.28119  ,8.78645,-9.33149  ,9.12197,-9.34904   ,9.53615,-9.3436    ,9.90791,-9.32186  ,10.2815,-9.29264   ,10.6978,-9.26119  ,11.0764,-9.24526  ,11.4324,-9.39016  ,11.0035,-9.78259  ,10.6576,-9.93793  ,10.2932,-10.0676   ,9.95848,-10.1785  ,9.59051,-10.2696  ,9.14823,-10.3202   ,8.7457 ,-10.2854  ,8.31839,-10.1709  ,7.97268,-9.98423  ,7.58157,-9.7427   ,9.30947,9.68296   ,-0.00305899,527,115452,51.7316,11.9154,121.012,0
136 ,7.52076,-9.47907  ,7.90572,-9.62323   ,8.23075,-9.72464 ,8.58652,-9.85466  ,9.00476,-9.94333  ,9.36016,-9.96203  ,9.71252,-9.93629   ,10.0817,-9.85799  ,10.4762,-9.73629  ,10.8205,-9.62234    ,11.189 ,-9.49525  ,11.4948,-9.35779  ,7.52076,-9.47907  ,7.90375,-9.25459   ,8.21982,-9.30465  ,8.56798,-9.4079   ,8.93925,-9.48866  ,9.24795,-9.51201   ,9.56777,-9.50052   ,9.93481,-9.4553   ,10.3582,-9.38739   ,10.7271,-9.3257   ,11.1103,-9.25864  ,11.4948,-9.35779  ,11.179 ,-9.76446  ,10.8179,-9.95131  ,10.4945,-10.1168   ,10.1287,-10.2882  ,9.74376,-10.3866  ,9.35174,-10.4121   ,8.95727,-10.3833  ,8.51212,-10.2706  ,8.15224,-10.1135  ,7.81276,-9.96404  ,9.38003,9.78306   ,-0.0134925 ,525,115983,50.9206,11.112 ,120.669,0
137 ,7.45427,-9.5287   ,7.85621,-9.62242   ,8.21551,-9.70035 ,8.61272,-9.819    ,8.99417,-9.90993  ,9.358  ,-9.95479  ,9.78758,-9.94916   ,10.1278,-9.89006  ,10.5256,-9.76234  ,10.868 ,-9.6358     ,11.2603,-9.50055  ,11.5905,-9.38182  ,7.45427,-9.5287   ,7.84588,-9.25898   ,8.18845,-9.27972  ,8.56108,-9.38269  ,8.90867,-9.46522  ,9.24015,-9.5072    ,9.65246,-9.51133   ,9.98965,-9.47554  ,10.4089,-9.39385   ,10.777 ,-9.31851  ,11.1907,-9.25164  ,11.5905,-9.38182  ,11.2347,-9.78045  ,10.8599,-9.99031  ,10.5457,-10.1653   ,10.1584,-10.3302  ,9.8026 ,-10.3977  ,9.35236,-10.3925   ,8.96359,-10.3333  ,8.56342,-10.2251  ,8.14177,-10.0947  ,7.76562,-9.96754  ,9.44567,9.77968   ,-0.00863359,529,117115,52.5209,11.0262,122.083,0
138 ,7.60138,-9.22438  ,7.93204,-9.43937   ,8.26713,-9.61056 ,8.65436,-9.72488  ,9.03719,-9.76157  ,9.39199,-9.76718  ,9.81604,-9.74918   ,10.1987,-9.70425  ,10.5688,-9.61541  ,10.8986,-9.51011    ,11.266 ,-9.38026  ,11.6093,-9.23553  ,7.60138,-9.22438  ,8.02221,-9.09212   ,8.34044,-9.20339  ,8.68477,-9.31318  ,9.00882,-9.35015  ,9.30664,-9.35564   ,9.66764,-9.33886   ,10.0167,-9.30375  ,10.4098,-9.24843   ,10.7916,-9.18743  ,11.1861,-9.1177   ,11.6093,-9.23553  ,11.2565,-9.67749  ,10.912 ,-9.86297  ,10.6304,-10.0117   ,10.2615,-10.1237  ,9.82693,-10.1692  ,9.33353,-10.1796   ,8.92894,-10.1657  ,8.51164,-10.1165  ,8.11089,-9.97931  ,7.75685,-9.73992  ,9.4935 ,9.63347   ,-0.0154228 ,526,117342,51.7429,10.4947,121.255,0
139 ,7.75726,-9.06668  ,7.99209,-9.38585   ,8.30791,-9.59075 ,8.63973,-9.71074  ,9.0486 ,-9.75912  ,9.42633,-9.74982  ,9.78101,-9.70417   ,10.1431,-9.61773  ,10.5213,-9.49848  ,10.8536,-9.39247    ,11.2435,-9.29264  ,11.5532,-9.19622  ,7.75726,-9.06668  ,8.17445,-9.08011   ,8.46023,-9.22279  ,8.74293,-9.31688  ,9.08054,-9.35053  ,9.38475,-9.33497   ,9.67779,-9.29071   ,10.0044,-9.21983  ,10.3779,-9.1313    ,10.7308,-9.06325  ,11.1559,-9.02626  ,11.5532,-9.19622  ,11.2358,-9.58163  ,10.8796,-9.75036  ,10.5712,-9.89653   ,10.1838,-10.0432  ,9.77173,-10.1372  ,9.34311,-10.1733   ,8.89262,-10.1624  ,8.43198,-10.0785  ,8.07151,-9.91532  ,7.7395 ,-9.62983  ,9.49064,9.57738   ,-0.0435639 ,517,116353,50.6432,10.4448,120.083,0
140 ,7.79201,-9.03275  ,8.02984,-9.34234   ,8.35479,-9.57543 ,8.7449 ,-9.72235  ,9.13613,-9.75961  ,9.54046,-9.73255  ,9.90501,-9.65327   ,10.2564,-9.5081   ,10.5772,-9.32535  ,10.9275,-9.14062    ,11.2833,-8.96874  ,11.6108,-8.80437  ,7.79201,-9.03275  ,8.20246,-9.04665   ,8.53243,-9.22541  ,8.90792,-9.34169  ,9.26873,-9.35629  ,9.60663,-9.30435   ,9.8997 ,-9.20171   ,10.2116,-9.05198  ,10.5086,-8.91333   ,10.8362,-8.80165  ,11.1814,-8.71443  ,11.6108,-8.80437  ,11.2872,-9.27102  ,10.9156,-9.53012  ,10.5516,-9.79171   ,10.2087,-10.0113  ,9.79696,-10.1377  ,9.34277,-10.1776   ,8.86812,-10.1602  ,8.46117,-10.0754  ,8.07665,-9.86704  ,7.77757,-9.56009  ,9.56605,9.49052   ,-0.136133  ,529,118278,52.6644,11.7652,123.397,0
141 ,7.72888,-9.12463  ,8.06404,-9.39395   ,8.42002,-9.60614 ,8.77255,-9.72454  ,9.17729,-9.75954  ,9.58515,-9.7285   ,9.98677,-9.62177   ,10.3134,-9.44316  ,10.6538,-9.22606  ,11.0359,-9.0362     ,11.3788,-8.92378  ,11.7498,-8.84765  ,7.72888,-9.12463  ,8.20793,-9.07363   ,8.57121,-9.23793  ,8.91413,-9.33516  ,9.28908,-9.35138  ,9.63144,-9.29583   ,9.94858,-9.16152   ,10.2323,-8.98822  ,10.5452,-8.82373   ,10.9227,-8.72061  ,11.2865,-8.68456  ,11.7498,-8.84765  ,11.3544,-9.19477  ,11.0365,-9.39873  ,10.6596,-9.68916   ,10.303 ,-9.95735  ,9.92252,-10.1211  ,9.40829,-10.1797   ,8.9265 ,-10.1659  ,8.50516,-10.0869  ,8.16143,-9.91898  ,7.82621,-9.65092  ,9.63144,9.46552   ,-0.168854  ,543,119942,53.9146,11.9173,125.983,0
142 ,7.76608,-9.10387  ,8.10252,-9.406     ,8.39506,-9.60247 ,8.81374,-9.73741  ,9.23136,-9.76234  ,9.64126,-9.72194  ,9.99094,-9.62412   ,10.3714,-9.41862  ,10.7143,-9.20265  ,11.0393,-9.04698    ,11.4434,-8.94982  ,11.8182,-8.93455  ,7.76608,-9.10387  ,8.24533,-9.08417   ,8.52095,-9.23115  ,8.92128,-9.34208  ,9.31346,-9.35201  ,9.67082,-9.29257   ,9.96439,-9.17196   ,10.3052,-8.96337  ,10.6251,-8.79521   ,10.9502,-8.70668  ,11.3893,-8.6902   ,11.8182,-8.93455  ,11.3823,-9.22419  ,11.0171,-9.43105  ,10.7002,-9.67064   ,10.3457,-9.93298  ,9.91061,-10.1164  ,9.482  ,-10.1733   ,9.00701,-10.1738  ,8.57516,-10.11    ,8.16433,-9.91491  ,7.87133,-9.65804  ,9.71448,9.45445   ,-0.184905  ,550,121505,54.3964,11.902 ,128.225,0
143 ,7.95283,-9.02812  ,8.20537,-9.39171   ,8.55192,-9.64664 ,8.92716,-9.74592  ,9.36001,-9.75734  ,9.77446,-9.69928  ,10.1198,-9.58543   ,10.4997,-9.38567  ,10.8892,-9.1657   ,11.278 ,-9.0055     ,11.6487,-8.9156   ,12.0353,-8.87522  ,7.95283,-9.02812  ,8.37142,-9.12743   ,8.72222,-9.29503  ,9.09959,-9.35608  ,9.50383,-9.34163  ,9.84047,-9.2568    ,10.0999,-9.12641   ,10.4268,-8.94853  ,10.7847,-8.78806   ,11.1785,-8.69506  ,11.5832,-8.66618  ,12.0353,-8.87522  ,11.59  ,-9.18667  ,11.2596,-9.3547   ,10.8902,-9.59748   ,10.4815,-9.87492  ,10.0337,-10.0885  ,9.57922,-10.1698   ,9.06961,-10.1793  ,8.61931,-10.1169  ,8.27113,-9.94309  ,7.95637,-9.56524  ,9.83025,9.4527    ,-0.196369  ,552,122080,55.8452,11.8275,129.983,0
144 ,8.00637,-9.15895  ,8.32645,-9.46502   ,8.67976,-9.67254 ,9.06155,-9.7541   ,9.49818,-9.75382  ,9.90034,-9.6825   ,10.2323,-9.54859   ,10.6247,-9.32862  ,10.9756,-9.14868  ,11.3378,-8.97186    ,11.7088,-8.7714   ,12.002 ,-8.54505  ,8.00637,-9.15895  ,8.46361,-9.15778   ,8.80058,-9.29575  ,9.16171,-9.35351  ,9.54867,-9.33695  ,9.87874,-9.24761   ,10.1602,-9.1072    ,10.531 ,-8.91665  ,10.8723,-8.77094   ,11.2172,-8.65026  ,11.5702,-8.53555  ,12.002 ,-8.54505  ,11.7445,-9.06826  ,11.3527,-9.34604  ,10.9778,-9.5753    ,10.6196,-9.79493  ,10.2024,-10.0423  ,9.79784,-10.1503   ,9.3024 ,-10.181   ,8.82269,-10.14    ,8.44814,-10.0032  ,8.09897,-9.70095  ,9.94649,9.43203   ,-0.237157  ,546,121141,55.1289,11.4804,129.054,0
145 ,8.16794,-9.19831  ,8.4689 ,-9.52667   ,8.79992,-9.72227 ,9.17956,-9.82049  ,9.58509,-9.80406  ,10.016 ,-9.68323  ,10.3778,-9.51014   ,10.7334,-9.30563  ,11.0548,-9.12705  ,11.4574,-8.93819    ,11.8115,-8.78912  ,12.1567,-8.63299  ,8.16794,-9.19831  ,8.61673,-9.22505   ,8.93081,-9.36512  ,9.28735,-9.43053  ,9.6456 ,-9.37315  ,9.99617,-9.21516   ,10.3235,-9.04565   ,10.652 ,-8.87871  ,10.9497,-8.74566   ,11.3504,-8.62127  ,11.7135,-8.53738  ,12.1567,-8.63299  ,11.7929,-9.08986  ,11.4467,-9.30661  ,11.0495,-9.566     ,10.7112,-9.7934   ,10.3325,-10.0279  ,9.92229,-10.194    ,9.38997,-10.2544  ,8.93973,-10.1942  ,8.55079,-10.0249  ,8.22373,-9.75132  ,10.0581,9.45158   ,-0.266836  ,545,120577,54.8242,12.0466,127.882,0
146 ,8.33482,-9.20873  ,8.5947 ,-9.55205   ,8.95643,-9.75695 ,9.33121,-9.82094  ,9.72865,-9.78855  ,10.0962,-9.69444  ,10.4557,-9.52615   ,10.7967,-9.32635  ,11.1646,-9.12645  ,11.4947,-8.97611    ,11.8899,-8.80427  ,12.2137,-8.64186  ,8.33482,-9.20873  ,8.77139,-9.27954   ,9.14736,-9.40806  ,9.51446,-9.4245   ,9.83967,-9.33829  ,10.107 ,-9.2011    ,10.4109,-9.04124   ,10.7224,-8.88808  ,11.066 ,-8.75641   ,11.3945,-8.65796  ,11.7974,-8.55664  ,12.2137,-8.64186  ,11.8707,-9.10481  ,11.4829,-9.34134  ,11.1557,-9.55093   ,10.7704,-9.82343  ,10.404 ,-10.0659  ,9.97068,-10.2256   ,9.48666,-10.2602  ,9.01714,-10.2107  ,8.6509 ,-10.0634  ,8.33268,-9.74707  ,10.1649,9.47043   ,-0.283288  ,538,119111,53.7316,12.6755,125.64 ,0
147 ,8.52929,-9.13153  ,8.75879,-9.44866   ,9.07777,-9.6647  ,9.44981,-9.76806  ,9.85612,-9.77409  ,10.1857,-9.70473  ,10.5587,-9.54185   ,10.874 ,-9.36781  ,11.2075,-9.18759  ,11.5531,-9.00548    ,11.8978,-8.82447  ,12.1842,-8.62705  ,8.52929,-9.13153  ,8.9161 ,-9.17629   ,9.22867,-9.3005   ,9.59949,-9.35155  ,9.97237,-9.31191  ,10.2378,-9.21951   ,10.5451,-9.05367   ,10.8341,-8.90391  ,11.1417,-8.78457   ,11.457 ,-8.6776   ,11.7791,-8.57538  ,12.1842,-8.62705  ,11.9212,-9.12705  ,11.5494,-9.38448  ,11.1763,-9.64253   ,10.8212,-9.88282  ,10.4842,-10.0765  ,10.0301,-10.221    ,9.62309,-10.2466  ,9.18839,-10.167   ,8.82785,-9.98153  ,8.5235 ,-9.64387  ,10.2725,9.45477   ,-0.257786  ,530,117458,51.4177,12.5663,123.054,0
148 ,8.44315,-9.25109  ,8.81395,-9.47472   ,9.18454,-9.60016 ,9.52922,-9.67959  ,9.90609,-9.70288  ,10.3305,-9.64037  ,10.6791,-9.50646   ,11.0265,-9.31112  ,11.3568,-9.12317  ,11.7157,-8.93411    ,12.0723,-8.76419  ,12.3763,-8.60424  ,8.44315,-9.25109  ,8.91453,-9.12139   ,9.29864,-9.22269  ,9.66771,-9.26917  ,10.0405,-9.2545   ,10.4081,-9.15154   ,10.6936,-8.993     ,10.9942,-8.83007  ,11.2876,-8.71194   ,11.6198,-8.61456  ,11.964 ,-8.53718  ,12.3763,-8.60424  ,12.0823,-9.03743  ,11.708 ,-9.30521  ,11.3269,-9.58931   ,10.9704,-9.84413  ,10.5743,-10.0634  ,10.1398,-10.1585   ,9.64445,-10.1529  ,9.27033,-10.0699  ,8.96172,-9.94467  ,8.61383,-9.78699  ,10.3322,9.41338   ,-0.232878  ,539,118658,52.608 ,13.2087,123.397,0
149 ,8.48964,-9.08504  ,8.77022,-9.34941   ,9.13886,-9.5128  ,9.52589,-9.58225  ,9.94425,-9.57415  ,10.2696,-9.52245  ,10.6487,-9.40003   ,10.9763,-9.23705  ,11.3099,-9.05422  ,11.6644,-8.87657    ,12.0403,-8.72886  ,12.3804,-8.637    ,8.48964,-9.08504  ,8.94428,-9.02118   ,9.33096,-9.14875  ,9.70755,-9.18578  ,10.0681,-9.14738  ,10.3248,-9.0725    ,10.6328,-8.93557   ,10.919 ,-8.78778  ,11.2227,-8.65005   ,11.5655,-8.5303   ,11.9456,-8.45487  ,12.3804,-8.637    ,12.0283,-9.03822  ,11.6588,-9.27163  ,11.2996,-9.5108    ,10.9403,-9.73657  ,10.5668,-9.90576  ,10.0909,-9.99846   ,9.68237,-10.0129  ,9.20759,-9.96675  ,8.82998,-9.83968  ,8.50847,-9.61739  ,10.3419,9.30547   ,-0.227708  ,534,118225,51.9363,11.9262,123.397,0
150 ,8.55313,-8.99862  ,8.81264,-9.30207   ,9.17369,-9.48238 ,9.59945,-9.56035  ,9.95751,-9.53135  ,10.3416,-9.41444  ,10.7175,-9.2624    ,11.0683,-9.09074  ,11.4167,-8.91566  ,11.7931,-8.76319    ,12.1902,-8.61847  ,12.5298,-8.48469  ,8.55313,-8.99862  ,8.97732,-8.98659   ,9.34851,-9.13602  ,9.7218 ,-9.17199  ,10.0165,-9.08339  ,10.3388,-8.94621   ,10.6604,-8.81394   ,10.9735,-8.67742  ,11.2973,-8.54555   ,11.6774,-8.44169  ,12.0949,-8.36891  ,12.5298,-8.48469  ,12.1739,-8.90892  ,11.7979,-9.12551  ,11.4331,-9.33408   ,11.0657,-9.55603  ,10.6689,-9.75631  ,10.2362,-9.92214   ,9.78409,-9.99999  ,9.35221,-9.9432   ,8.8865 ,-9.78742  ,8.56182,-9.54846  ,10.4173,9.21947   ,-0.252656  ,537,118621,53.7785,12.0351,127.397,0
151 ,8.57588,-9.03629  ,8.88243,-9.32352   ,9.22407,-9.5017  ,9.56728,-9.5652   ,9.97447,-9.52689  ,10.3622,-9.405    ,10.6812,-9.2703    ,11.0262,-9.08992  ,11.3685,-8.89261  ,11.7359,-8.72426    ,12.0713,-8.59676  ,12.3977,-8.4268   ,8.57588,-9.03629  ,9.03829,-8.98949   ,9.36153,-9.13686  ,9.66558,-9.17778  ,10.0152,-9.08257  ,10.3408,-8.94569   ,10.607 ,-8.82338   ,10.9035,-8.67258  ,11.208 ,-8.52613   ,11.5623,-8.4029   ,11.9078,-8.32223  ,12.3977,-8.4268   ,12.1227,-8.9156   ,11.801 ,-9.08827  ,11.4287,-9.31374   ,11.0526,-9.56287  ,10.6523,-9.76476  ,10.2738,-9.90415   ,9.82142,-9.99592  ,9.34913,-9.94553  ,8.98297,-9.82687  ,8.63626,-9.59351  ,10.4201,9.2044    ,-0.266016  ,535,118446,52.0244,11.7835,124.811,0
152 ,8.64251,-9.05399  ,8.99133,-9.34032   ,9.32204,-9.49968 ,9.76331,-9.55185  ,10.1297,-9.48857  ,10.5069,-9.34028  ,10.8588,-9.17413   ,11.2178,-8.99387  ,11.5949,-8.77988  ,11.9416,-8.62073    ,12.294 ,-8.48335  ,12.6756,-8.35939  ,8.64251,-9.05399  ,9.14422,-9.01404   ,9.47368,-9.15171  ,9.86696,-9.15323  ,10.1817,-9.04003  ,10.5053,-8.87535   ,10.8246,-8.71349   ,11.143 ,-8.55119  ,11.4852,-8.40293   ,11.8334,-8.30414  ,12.201 ,-8.22327  ,12.6756,-8.35939  ,12.2699,-8.78768  ,11.9326,-8.98533  ,11.5923,-9.21639   ,11.1896,-9.4948   ,10.7916,-9.68136  ,10.4056,-9.85192   ,9.96227,-9.96978  ,9.52942,-9.95487  ,9.05437,-9.80399  ,8.73671,-9.60467  ,10.5595,9.15051   ,-0.295713  ,542,120609,54.379 ,12.0393,129.054,0
153 ,8.83796,-8.95368  ,9.12646,-9.31855   ,9.48202,-9.47957 ,9.89455,-9.50113  ,10.28  ,-9.42216  ,10.6544,-9.27287  ,10.9984,-9.10247   ,11.3902,-8.89886  ,11.7477,-8.71098  ,12.0876,-8.54348    ,12.4911,-8.35497  ,12.8187,-8.19566  ,8.83796,-8.95368  ,9.30019,-9.03635   ,9.67397,-9.1011   ,10.0522,-9.07525  ,10.3529,-8.96287  ,10.6548,-8.80072   ,10.961 ,-8.64495   ,11.3109,-8.46714  ,11.6397,-8.32533   ,11.969 ,-8.22938  ,12.3746,-8.13509  ,12.8187,-8.19566  ,12.4946,-8.62772  ,12.0902,-8.91211  ,11.748 ,-9.15238   ,11.3727,-9.38099  ,10.9359,-9.61008  ,10.5553,-9.79201   ,10.0874,-9.91672  ,9.59867,-9.93695  ,9.15962,-9.82431  ,8.8542 ,-9.52234  ,10.693 ,9.10369   ,-0.32632   ,547,121127,55.1304,12.2186,128.225,0
154 ,8.87053,-9.19532  ,9.27754,-9.38013   ,9.65331,-9.47907 ,10.0407,-9.4769   ,10.4479,-9.34586  ,10.8217,-9.1736   ,11.1831,-9.00052   ,11.5314,-8.81859  ,11.8943,-8.62504  ,12.2876,-8.42047    ,12.6317,-8.23298  ,12.9444,-8.04937  ,8.87053,-9.19532  ,9.3495 ,-9.04113   ,9.7188 ,-9.09355  ,10.0748,-9.05079  ,10.4349,-8.88779  ,10.7901,-8.70555   ,11.1553,-8.53842   ,11.487 ,-8.38141  ,11.8229,-8.23557   ,12.1969,-8.10973  ,12.5252,-8.01089  ,12.9444,-8.04937  ,12.6272,-8.51841  ,12.263 ,-8.79091  ,11.8576,-9.07162   ,11.4764,-9.31061  ,11.1095,-9.51127  ,10.7484,-9.69158   ,10.3503,-9.85153  ,9.88182,-9.92021  ,9.4559 ,-9.8436   ,9.09282,-9.67638  ,10.8456,9.04085   ,-0.36063   ,542,120534,54.8205,12.1038,129.882,0
155 ,8.97551,-9.1221   ,9.31785,-9.31624   ,9.70072,-9.40124 ,10.1089,-9.40179  ,10.4753,-9.32032  ,10.8226,-9.16778  ,11.1896,-8.9794    ,11.5229,-8.80356  ,11.875 ,-8.61678  ,12.2471,-8.42695    ,12.5671,-8.26465  ,12.866 ,-8.04368  ,8.97551,-9.1221   ,9.40442,-9.00657   ,9.82939,-9.01123  ,10.2132,-8.96749  ,10.4927,-8.85185  ,10.7813,-8.6953    ,11.1208,-8.52353   ,11.4241,-8.37757  ,11.7496,-8.24774   ,12.1013,-8.13118  ,12.4104,-8.03191  ,12.866 ,-8.04368  ,12.6194,-8.55343  ,12.2851,-8.77534  ,11.8974,-9.0424    ,11.5243,-9.28118  ,11.1656,-9.48261  ,10.7718,-9.68762   ,10.3455,-9.82449  ,9.87056,-9.84874  ,9.43829,-9.77376  ,9.11844,-9.58206  ,10.907 ,9.01341   ,-0.367768  ,528,117439,52.6602,12.1707,125.054,0
156 ,9.11285,-9.24278  ,9.48764,-9.36443   ,9.89311,-9.41422 ,10.31  ,-9.38836  ,10.664 ,-9.29607  ,11.0025,-9.13663  ,11.3722,-8.92713   ,11.7026,-8.74368  ,12.06  ,-8.5563   ,12.3831,-8.40221    ,12.7525,-8.23079  ,13.0656,-8.07709  ,9.11285,-9.24278  ,9.52382,-9.05451   ,9.97921,-9.00875  ,10.3651,-8.93932  ,10.6401,-8.81726  ,10.9332,-8.65997   ,11.2787,-8.48535   ,11.5826,-8.33372  ,11.9208,-8.20513   ,12.2447,-8.11297  ,12.6182,-8.00638  ,13.0656,-8.07709  ,12.7852,-8.50288  ,12.4135,-8.74172  ,12.0932,-8.96104   ,11.7263,-9.20588  ,11.3729,-9.42083  ,10.9797,-9.66356   ,10.5801,-9.81259  ,10.1222,-9.85618  ,9.66554,-9.8135   ,9.32901,-9.64418  ,11.0555,9.00038   ,-0.383485  ,529,117220,52.5396,12.3216,123.397,0
157 ,9.16891,-9.31879  ,9.5932 ,-9.42658   ,9.97337,-9.45913 ,10.3511,-9.44319  ,10.6977,-9.36524  ,11.0853,-9.1999   ,11.4023,-9.02694   ,11.7828,-8.80963  ,12.0899,-8.64208  ,12.4643,-8.44715    ,12.7773,-8.30016  ,13.1151,-8.12644  ,9.16891,-9.31879  ,9.64428,-9.12983   ,10.0731,-9.07591  ,10.4448,-8.98875  ,10.7344,-8.85301  ,11.0675,-8.67383   ,11.3617,-8.52471   ,11.709 ,-8.36064  ,11.9972,-8.25639   ,12.3571,-8.14568  ,12.6657,-8.05961  ,13.1151,-8.12644  ,12.7869,-8.5887   ,12.4646,-8.80056  ,12.0776,-9.08514   ,11.7581,-9.313    ,11.351 ,-9.58187  ,11.0127,-9.77175   ,10.5526,-9.91069  ,10.1342,-9.91193  ,9.74572,-9.83721  ,9.42142,-9.70394  ,11.1335,9.06166   ,-0.386772  ,532,117050,52.4203,13.4819,122.225,0
158 ,9.2728 ,-9.41878  ,9.66765,-9.51996   ,10.0756,-9.57358 ,10.4909,-9.57524  ,10.8605,-9.50355  ,11.2158,-9.34068  ,11.5462,-9.13109   ,11.8406,-8.93364  ,12.204 ,-8.70698  ,12.5364,-8.53626    ,12.8725,-8.40059  ,13.2332,-8.28465  ,9.2728 ,-9.41878  ,9.67745,-9.16651   ,10.0793,-9.16748  ,10.4767,-9.14847  ,10.8083,-9.04823  ,11.1341,-8.85149   ,11.4531,-8.65143   ,11.7224,-8.5039   ,12.0536,-8.35722   ,12.385 ,-8.25513  ,12.7421,-8.17471  ,13.2332,-8.28465  ,12.8918,-8.66603  ,12.5758,-8.87051  ,12.2467,-9.11885   ,11.8591,-9.43003  ,11.5434,-9.67438  ,11.2028,-9.88285   ,10.7987,-9.99387  ,10.371 ,-10.0105  ,9.931  ,-9.96825  ,9.53337,-9.84794  ,11.1983,9.17945   ,-0.378632  ,538,117597,52.6616,12.677 ,123.64 ,0
159 ,9.25231,-9.50979  ,9.64839,-9.52135   ,10.0578,-9.5123  ,10.4902,-9.47789  ,10.8265,-9.4289   ,11.2155,-9.31589  ,11.5699,-9.13322   ,11.879 ,-8.93206  ,12.206 ,-8.71383  ,12.56  ,-8.50951    ,12.9341,-8.3561   ,13.2838,-8.25555  ,9.25231,-9.50979  ,9.6177 ,-9.18039   ,10.0515,-9.10831  ,10.4793,-9.06043  ,10.7795,-9.00431  ,11.103 ,-8.87164   ,11.4436,-8.67549   ,11.7497,-8.49579  ,12.0504,-8.3393    ,12.388 ,-8.20583  ,12.7891,-8.12486  ,13.2838,-8.25555  ,12.9732,-8.62409  ,12.6271,-8.86649  ,12.2657,-9.15088   ,11.9176,-9.42917  ,11.6108,-9.64286  ,11.2288,-9.79808   ,10.7458,-9.87726  ,10.3586,-9.90974  ,9.9213 ,-9.92332  ,9.55531,-9.86006  ,11.2587,9.11907   ,-0.362305  ,542,119892,53.0342,12.0401,123.397,0
160 ,9.20288,-9.26373  ,9.63243,-9.30193   ,10.032 ,-9.30321 ,10.4241,-9.27515  ,10.8265,-9.19781  ,11.207 ,-9.05508  ,11.5616,-8.88795   ,11.9058,-8.70128  ,12.2592,-8.50622  ,12.6481,-8.32328    ,12.9933,-8.19353  ,13.3453,-8.06708  ,9.20288,-9.26373  ,9.57432,-8.98194   ,9.94538,-8.92672  ,10.3021,-8.88164  ,10.6651,-8.79994  ,11.022 ,-8.65111   ,11.3753,-8.47208   ,11.711 ,-8.30788  ,12.0517,-8.15883   ,12.4517,-8.04084  ,12.8287,-7.9673   ,13.3453,-8.06708  ,13.0444,-8.4593   ,12.73  ,-8.65509  ,12.3616,-8.90827   ,12.0032,-9.15072  ,11.6469,-9.35233  ,11.2901,-9.50506   ,10.8658,-9.62818  ,10.3952,-9.6848   ,9.95608,-9.68366  ,9.54173,-9.61479  ,11.253 ,8.91364   ,-0.345174  ,550,120860,53.9825,11.2975,125.74 ,0
161 ,9.2539 ,-9.06272  ,9.65009,-9.16355   ,10.0697,-9.20934 ,10.4752,-9.18004  ,10.8419,-9.08342  ,11.2052,-8.91838  ,11.5701,-8.72545   ,11.9365,-8.53158  ,12.3076,-8.36138  ,12.6566,-8.22968    ,13.081 ,-8.10797  ,13.4157,-8.03757  ,9.2539 ,-9.06272  ,9.6456 ,-8.84321   ,10.0136,-8.83776  ,10.3799,-8.78807  ,10.7194,-8.68184  ,11.0602,-8.51716   ,11.4048,-8.33088   ,11.7701,-8.15437  ,12.1475,-8.01222   ,12.5254,-7.92106  ,13.0018,-7.86073  ,13.4157,-8.03757  ,13.0414,-8.38326  ,12.6676,-8.57806  ,12.3579,-8.75717   ,11.9993,-8.96234  ,11.6297,-9.17763  ,11.2493,-9.37034   ,10.8499,-9.52458  ,10.44  ,-9.593    ,9.98579,-9.57496  ,9.52125,-9.4597   ,11.2734,8.78311   ,-0.337675  ,534,118749,54.0948,10.7447,128.569,0
162 ,9.34934,-9.1879   ,9.79427,-9.23131   ,10.1805,-9.20665 ,10.5587,-9.16471  ,10.964 ,-9.05168  ,11.3326,-8.87865  ,11.6777,-8.69912   ,12.0126,-8.50355  ,12.3599,-8.30831  ,12.7431,-8.15103    ,13.0944,-8.05275  ,13.4541,-7.94896  ,9.34934,-9.1879   ,9.78031,-8.89981   ,10.205 ,-8.82631  ,10.5769,-8.75505  ,10.9247,-8.62655  ,11.2387,-8.44202   ,11.5499,-8.26807   ,11.8555,-8.11323  ,12.1795,-7.96862   ,12.5771,-7.8569   ,12.9786,-7.8142   ,13.4541,-7.94896  ,13.0954,-8.32037  ,12.7933,-8.48503  ,12.4383,-8.69977   ,12.0731,-8.95256  ,11.7093,-9.18255  ,11.3244,-9.36634   ,10.8927,-9.51874  ,10.4172,-9.59378  ,10.0277,-9.59784  ,9.68074,-9.56098  ,11.3379,8.77358   ,-0.368422  ,533,119461,53.6444,11.3848,128.225,0
163 ,9.3542 ,-9.09831  ,9.80847,-9.20492   ,10.1775,-9.22438 ,10.6138,-9.19096  ,10.9814,-9.09072  ,11.3486,-8.91508  ,11.7282,-8.71037   ,12.0569,-8.50961  ,12.3977,-8.29163  ,12.7709,-8.10912    ,13.1703,-7.99886  ,13.5318,-7.94032  ,9.3542 ,-9.09831  ,9.82282,-8.88772   ,10.1986,-8.84926  ,10.6009,-8.7915   ,10.9082,-8.68226  ,11.232 ,-8.49816   ,11.6098,-8.27953   ,11.9228,-8.08953  ,12.2299,-7.92212   ,12.5996,-7.79887  ,13.0458,-7.74247  ,13.5318,-7.94032  ,13.1807,-8.27804  ,12.8311,-8.46349  ,12.4652,-8.7217    ,12.0957,-8.99165  ,11.7539,-9.19249  ,11.3651,-9.38384   ,10.9416,-9.54166  ,10.4891,-9.61055  ,10.0052,-9.59869  ,9.6566 ,-9.50374  ,11.4452,8.75026   ,-0.387391  ,547,121663,54.9799,11.3352,128.225,0
164 ,9.43532,-9.03629  ,9.8566 ,-9.18969   ,10.2902,-9.23263 ,10.696 ,-9.20309  ,11.1275,-9.04762  ,11.4805,-8.87157  ,11.8918,-8.65095   ,12.254 ,-8.42018  ,12.627 ,-8.18568  ,12.985 ,-8.02633    ,13.4376,-7.91426  ,13.8065,-7.8592   ,9.43532,-9.03629  ,9.91936,-8.85585   ,10.3833,-8.83484  ,10.7782,-8.77534  ,11.152 ,-8.59501  ,11.4698,-8.40174   ,11.8398,-8.189     ,12.1662,-7.9735   ,12.5033,-7.79432   ,12.8616,-7.71208  ,13.3506,-7.68799  ,13.8065,-7.8592   ,13.396 ,-8.16161  ,12.9838,-8.38701  ,12.6388,-8.64039   ,12.2392,-8.93542  ,11.8393,-9.17364  ,11.3897,-9.39127   ,11.0014,-9.54789  ,10.4908,-9.65249  ,10.0494,-9.62572  ,9.66295,-9.49501  ,11.5695,8.71725   ,-0.399437  ,564,123910,57.8645,12.1757,134.468,0
165 ,9.51917,-9.09316  ,9.93835,-9.23078   ,10.3681,-9.25714 ,10.7963,-9.19152  ,11.1749,-9.05339  ,11.554 ,-8.85395  ,11.9122,-8.6471    ,12.2769,-8.41716  ,12.6411,-8.18983  ,13.0637,-8.00632    ,13.4923,-7.92069  ,13.8528,-7.89138  ,9.51917,-9.09316  ,10.0007,-8.92006   ,10.4025,-8.91185  ,10.7452,-8.82149  ,11.0605,-8.66486  ,11.4149,-8.4494    ,11.7701,-8.23388   ,12.1203,-8.02554  ,12.4551,-7.84292   ,12.8814,-7.71671  ,13.3713,-7.69686  ,13.8528,-7.89138  ,13.4704,-8.16206  ,13.1118,-8.34015  ,12.7205,-8.59848   ,12.3298,-8.87486  ,11.9509,-9.12276  ,11.59  ,-9.31586   ,11.1712,-9.49647  ,10.7098,-9.59408  ,10.1873,-9.60761  ,9.74282,-9.51534  ,11.656 ,8.69778   ,-0.404267  ,562,124604,57.3389,11.1249,134.468,0
166 ,9.63181,-9.25132  ,10.0989,-9.25492   ,10.4843,-9.24424 ,10.9159,-9.15446  ,11.2702,-8.998    ,11.6505,-8.79191  ,12.0335,-8.5804    ,12.3561,-8.39175  ,12.7422,-8.17454  ,13.1536,-7.98552    ,13.5413,-7.88165  ,13.9093,-7.87996  ,9.63181,-9.25132  ,10.0386,-8.93603   ,10.4031,-8.89505  ,10.8026,-8.78674  ,11.1562,-8.60513  ,11.5303,-8.37821   ,11.8924,-8.17912   ,12.2007,-8.01965  ,12.5913,-7.8187    ,13.0273,-7.67019  ,13.4572,-7.61166  ,13.9093,-7.87996  ,13.4934,-8.17204  ,13.1574,-8.34945  ,12.7808,-8.58845   ,12.4037,-8.8284   ,12.0663,-9.04223  ,11.6614,-9.26744   ,11.2739,-9.44689  ,10.8961,-9.5643   ,10.411 ,-9.60541  ,10.0111,-9.57012  ,11.7357,8.67187   ,-0.411144  ,558,123987,56.3404,11.0236,133.64 ,0
167 ,9.80057,-9.11187  ,10.2169,-9.24848   ,10.638 ,-9.24286 ,11.0412,-9.1356   ,11.3964,-8.96294  ,11.7749,-8.74044  ,12.1413,-8.53266   ,12.5102,-8.32073  ,12.8319,-8.13739  ,13.2357,-7.94635    ,13.6034,-7.81268  ,13.9935,-7.6865   ,9.80057,-9.11187  ,10.2476,-8.91429   ,10.594 ,-8.88421  ,10.9154,-8.75631  ,11.2257,-8.57985  ,11.5948,-8.35498   ,11.9603,-8.14564   ,12.3142,-7.96685  ,12.6209,-7.81673   ,13.0337,-7.67274  ,13.4376,-7.5755   ,13.9935,-7.6865   ,13.6462,-8.08882  ,13.3175,-8.2716   ,12.9341,-8.51586   ,12.6   ,-8.73813  ,12.2175,-8.97871  ,11.8497,-9.18754   ,11.4535,-9.40964  ,11.0401,-9.56066  ,10.539 ,-9.61975  ,10.0561,-9.56354  ,11.8604,8.64397   ,-0.436304  ,554,123010,56.1887,10.6929,132.468,0
168 ,9.91151,-9.18796  ,10.3994,-9.25248   ,10.7717,-9.22291 ,11.1613,-9.10469  ,11.5271,-8.90414  ,11.889 ,-8.6843   ,12.2528,-8.47168   ,12.6639,-8.24369  ,13.0427,-8.03907  ,13.3912,-7.88309    ,13.7739,-7.75778  ,14.1804,-7.64501  ,9.91151,-9.18796  ,10.3486,-8.92387   ,10.6876,-8.85523  ,11.0376,-8.7144   ,11.39  ,-8.49812  ,11.7434,-8.28178   ,12.0954,-8.07851   ,12.4852,-7.88111  ,12.8472,-7.72497   ,13.2041,-7.61307  ,13.6229,-7.54015  ,14.1804,-7.64501  ,13.7895,-8.01733  ,13.4578,-8.20109  ,13.1265,-8.4111    ,12.7389,-8.66377  ,12.3073,-8.92273  ,11.93  ,-9.15005   ,11.5629,-9.3711   ,11.1684,-9.54512  ,10.7091,-9.61221  ,10.3054,-9.57918  ,11.9956,8.59848   ,-0.450355  ,552,122380,56.9737,10.9145,131.882,0
169 ,10.0133,-9.09343  ,10.4195,-9.23999   ,10.8412,-9.21101 ,11.2272,-9.09104  ,11.6024,-8.88635  ,11.915 ,-8.69394  ,12.282 ,-8.47546   ,12.6478,-8.26503  ,13.0355,-8.05259  ,13.3824,-7.89314    ,13.7421,-7.74012  ,14.1109,-7.56922  ,10.0133,-9.09343  ,10.4375,-8.92762   ,10.8078,-8.83117  ,11.1323,-8.67342  ,11.4892,-8.45351  ,11.7981,-8.26533   ,12.1572,-8.05131   ,12.5057,-7.87061  ,12.879 ,-7.71738   ,13.2337,-7.60342  ,13.6125,-7.50551  ,14.1109,-7.56922  ,13.7512,-8.02742  ,13.4136,-8.23292  ,13.0782,-8.44681   ,12.6839,-8.72089  ,12.3027,-8.95924  ,11.9272,-9.18558   ,11.6121,-9.38282  ,11.2034,-9.55859  ,10.7337,-9.61444  ,10.273 ,-9.54072  ,12.027 ,8.5985    ,-0.465921  ,545,121177,55.5935,11.4968,130.953,0
170 ,10.128 ,-9.2303   ,10.574 ,-9.25492   ,10.9688,-9.21719 ,11.3167,-9.11293  ,11.7033,-8.89923  ,12.0357,-8.68147  ,12.368 ,-8.48093   ,12.7004,-8.2847   ,13.0504,-8.08476  ,13.4214,-7.89606    ,13.7434,-7.739    ,14.0915,-7.55164  ,10.128 ,-9.2303   ,10.5101,-8.94781   ,10.8464,-8.85118  ,11.1429,-8.71439  ,11.524 ,-8.48091  ,11.8648,-8.26214   ,12.1986,-8.06625   ,12.5207,-7.90358  ,12.8601,-7.7542    ,13.2385,-7.62653  ,13.5799,-7.52882  ,14.0915,-7.55164  ,13.8015,-8.00287  ,13.4968,-8.21754  ,13.1369,-8.47245   ,12.7845,-8.72161  ,12.4427,-8.95123  ,12.1111,-9.16279   ,11.7891,-9.37661  ,11.3833,-9.55515  ,10.9633,-9.60477  ,10.5073,-9.56294  ,12.0759,8.6247    ,-0.479415  ,541,120180,53.8997,11.4563,125.296,0
171 ,10.2009,-9.25602  ,10.6129,-9.30951   ,11.0205,-9.29562 ,11.3834,-9.20433  ,11.7229,-9.01774  ,12.0329,-8.80414  ,12.3453,-8.60229   ,12.705 ,-8.38311  ,13.0337,-8.172    ,13.3322,-7.97536    ,13.6758,-7.73191  ,13.9287,-7.50183  ,10.2009,-9.25602  ,10.5674,-8.98435   ,10.9419,-8.91748  ,11.2716,-8.79464  ,11.6034,-8.56578  ,11.9232,-8.33106   ,12.2357,-8.13309   ,12.5785,-7.95703  ,12.8761,-7.80918   ,13.1459,-7.68854  ,13.4839,-7.55952  ,13.9287,-7.50183  ,13.7762,-7.97434  ,13.4169,-8.32926  ,13.0949,-8.59794   ,12.7402,-8.86604  ,12.3657,-9.12625  ,12.0536,-9.33798   ,11.7526,-9.52903  ,11.3847,-9.65547  ,10.9652,-9.68803  ,10.5281,-9.62774  ,12.0678,8.7167    ,-0.505342  ,535,119196,52.3583,12.4523,121.296,0
172 ,10.1404,-9.18756  ,10.55  ,-9.26975   ,10.8949,-9.25865 ,11.276 ,-9.17285  ,11.6464,-8.99011  ,11.9326,-8.81216  ,12.2742,-8.58957   ,12.5761,-8.38669  ,12.9288,-8.15495  ,13.2197,-7.95467    ,13.4945,-7.73171  ,13.7742,-7.48118  ,10.1404,-9.18756  ,10.5256,-8.91247   ,10.8489,-8.85942  ,11.2005,-8.7645   ,11.5454,-8.54954  ,11.8292,-8.343     ,12.1562,-8.13003   ,12.4334,-7.96449  ,12.7499,-7.7914    ,13.0147,-7.65447  ,13.288 ,-7.50882  ,13.7742,-7.48118  ,13.6104,-8.03177  ,13.3307,-8.32336  ,13.0076,-8.58409   ,12.6176,-8.87693  ,12.2929,-9.11459  ,11.9407,-9.34174   ,11.6491,-9.48861  ,11.2333,-9.62074  ,10.8035,-9.67107  ,10.4424,-9.61814  ,11.9928,8.6768    ,-0.510684  ,537,119893,51.3178,12.325 ,120.711,0
173 ,10.0576,-9.25775  ,10.4729,-9.25696   ,10.89  ,-9.20472 ,11.2584,-9.10801  ,11.6038,-8.92853  ,11.9492,-8.71102  ,12.2953,-8.50638   ,12.6423,-8.30049  ,12.9792,-8.09646  ,13.2612,-7.89604    ,13.5518,-7.58061  ,13.7238,-7.27002  ,10.0576,-9.25775  ,10.3555,-8.92968   ,10.7201,-8.84769  ,11.0518,-8.75984  ,11.379 ,-8.58864  ,11.708 ,-8.36638   ,12.037 ,-8.15527   ,12.3554,-7.97845  ,12.689 ,-7.79427   ,12.989 ,-7.64403  ,13.307 ,-7.43132  ,13.7238,-7.27002  ,13.7249,-7.82866  ,13.4403,-8.2241   ,13.1765,-8.45655   ,12.8296,-8.68319  ,12.4552,-8.9138   ,12.0905,-9.1189    ,11.7326,-9.32598  ,11.3545,-9.49655  ,10.9238,-9.58483  ,10.4562,-9.5944   ,12.0216,8.59615   ,-0.498928  ,535,120090,53.3386,10.6227,125.296,0
174 ,10.0875,-9.20829  ,10.505 ,-9.24824   ,10.9074,-9.21714 ,11.2756,-9.12864  ,11.6291,-8.93867  ,11.9671,-8.70477  ,12.2988,-8.50048   ,12.6754,-8.30502  ,13.0296,-8.10849  ,13.359 ,-7.84873    ,13.5862,-7.58138  ,13.824 ,-7.2622   ,10.0875,-9.20829  ,10.4098,-8.9333    ,10.7566,-8.86151  ,11.0819,-8.77395  ,11.4182,-8.57683  ,11.7428,-8.33314   ,12.0503,-8.1378    ,12.3931,-7.97595  ,12.7256,-7.83309   ,13.062 ,-7.64421  ,13.3336,-7.41704  ,13.824 ,-7.2622   ,13.7687,-7.83626  ,13.5709,-8.13585  ,13.2309,-8.44899   ,12.8611,-8.68132  ,12.4541,-8.91559  ,12.0945,-9.14297   ,11.7441,-9.36319  ,11.3556,-9.5226   ,10.9255,-9.59063  ,10.4717,-9.56318  ,12.069 ,8.58717   ,-0.504293  ,541,121423,54.0538,10.8281,126.125,0
175 ,10.1168,-9.13923  ,10.5836,-9.23959   ,10.9598,-9.2269  ,11.3595,-9.12484  ,11.7279,-8.90442  ,12.0298,-8.69067  ,12.3805,-8.46407   ,12.7272,-8.28498  ,13.1256,-8.08217  ,13.4171,-7.851      ,13.6682,-7.50102  ,13.8013,-7.14221  ,10.1168,-9.13923  ,10.5351,-8.9236    ,10.8614,-8.86639  ,11.2157,-8.74342  ,11.5779,-8.48692  ,11.8753,-8.25097   ,12.1911,-8.0643    ,12.5099,-7.92682  ,12.8828,-7.77249   ,13.147 ,-7.63485  ,13.4163,-7.39076  ,13.8013,-7.14221  ,13.8653,-7.71867  ,13.5959,-8.15344  ,13.2677,-8.45482   ,12.8456,-8.6875   ,12.4704,-8.92368  ,12.0835,-9.2006    ,11.7778,-9.39177  ,11.3835,-9.55429  ,10.909 ,-9.60198  ,10.4876,-9.54707  ,12.1181,8.58105   ,-0.515681  ,556,122520,55.4049,11.9232,128.711,0
176 ,10.1977,-9.1724   ,10.6343,-9.24095   ,11.0627,-9.23014 ,11.4415,-9.15468  ,11.7847,-8.96727  ,12.1133,-8.7312   ,12.453 ,-8.48932   ,12.7841,-8.28231  ,13.1086,-8.05772  ,13.3965,-7.76468    ,13.6232,-7.43011  ,13.7803,-7.06505  ,10.1977,-9.1724   ,10.5378,-8.92294   ,10.8936,-8.86501  ,11.2214,-8.79258  ,11.5373,-8.62311  ,11.8498,-8.38239   ,12.1624,-8.1493    ,12.4545,-7.98177  ,12.7408,-7.8348    ,13.0435,-7.60866  ,13.347 ,-7.31512  ,13.7803,-7.06505  ,13.8427,-7.64363  ,13.6755,-8.01039  ,13.3852,-8.35395   ,13.0202,-8.63934  ,12.647 ,-8.89526  ,12.2807,-9.15038   ,11.9399,-9.37455  ,11.5484,-9.55286  ,11.0902,-9.60639  ,10.5952,-9.55244  ,12.1696,8.5823    ,-0.544579  ,554,122786,54.8876,10.9098,126.125,0
177 ,10.3029,-9.16841  ,10.7262,-9.23124   ,11.0914,-9.20922 ,11.5199,-9.08918  ,11.8643,-8.90153  ,12.2089,-8.68231  ,12.5279,-8.46151   ,12.8582,-8.20973  ,13.1331,-7.94957  ,13.383 ,-7.61847    ,13.5222,-7.25066  ,13.5709,-6.90718  ,10.3029,-9.16841  ,10.6374,-8.89945   ,10.9588,-8.82953  ,11.3436,-8.70989  ,11.6656,-8.52642  ,11.9803,-8.29841   ,12.2578,-8.10447   ,12.5345,-7.92105  ,12.7767,-7.72439   ,13.0483,-7.4399   ,13.2633,-7.14282  ,13.5709,-6.90718  ,13.7537,-7.46643  ,13.6596,-7.89546  ,13.4028,-8.26555   ,13.0866,-8.57765  ,12.7055,-8.88335  ,12.3487,-9.12544   ,11.9793,-9.32688  ,11.6012,-9.50872  ,11.1034,-9.60435  ,10.6976,-9.55925  ,12.2265,8.5046    ,-0.598319  ,557,123252,53.7964,11.104 ,126.125,0
178 ,10.3757,-9.03062  ,10.7996,-9.08086   ,11.2013,-9.05295 ,11.5479,-8.95747  ,11.9127,-8.75322  ,12.2342,-8.5405   ,12.5693,-8.3133    ,12.8833,-8.07492  ,13.1196,-7.78662  ,13.284 ,-7.36721    ,13.3542,-7.00405  ,13.4202,-6.64487  ,10.3757,-9.03062  ,10.6924,-8.76435   ,11.0279,-8.69138  ,11.3391,-8.59702  ,11.6868,-8.39279  ,11.9795,-8.187     ,12.2839,-7.97156   ,12.5779,-7.7576   ,12.8092,-7.51618   ,12.9688,-7.18144  ,13.0856,-6.89906  ,13.4202,-6.64487  ,13.6022,-7.22795  ,13.5692,-7.66943  ,13.3732,-8.14761   ,13.1068,-8.4639   ,12.7593,-8.72005  ,12.3941,-8.95873   ,12.0505,-9.16886  ,11.6532,-9.35965  ,11.2439,-9.43225  ,10.7769,-9.39619  ,12.23  ,8.33981   ,-0.650592  ,549,121908,53.4608,10.8748,125.397,0
179 ,10.4565,-8.98309  ,10.9143,-9.02919   ,11.2954,-8.97372 ,11.677 ,-8.82743  ,12.0506,-8.60436  ,12.3718,-8.4081   ,12.704 ,-8.16844   ,12.9961,-7.86858  ,13.2202,-7.49542  ,13.3453,-7.10745    ,13.4062,-6.68634  ,13.4346,-6.33229  ,10.4565,-8.98309  ,10.8227,-8.71177   ,11.1388,-8.62378  ,11.4659,-8.47486  ,11.7957,-8.26374  ,12.0772,-8.08959   ,12.3662,-7.88939   ,12.6452,-7.62699  ,12.8996,-7.29324   ,13.0535,-6.97494  ,13.1536,-6.62107  ,13.4346,-6.33229  ,13.6471,-6.8679   ,13.6102,-7.35938  ,13.4943,-7.79644   ,13.2751,-8.20001  ,12.9478,-8.52442  ,12.573 ,-8.78431   ,12.2148,-9.00111  ,11.7879,-9.23051  ,11.3297,-9.35145  ,10.8789,-9.35211  ,12.3223,8.19291   ,-0.707694  ,543,122052,55.5415,10.5612,128.468,0
180 ,10.6213,-8.97767  ,11.067 ,-9.00444   ,11.4683,-8.89537 ,11.8188,-8.72233  ,12.1985,-8.50276  ,12.5491,-8.27325  ,12.8386,-8.03839   ,13.0879,-7.72393  ,13.3054,-7.32674  ,13.4777,-6.96227    ,13.6381,-6.57391  ,13.7638,-6.22072  ,10.6213,-8.97767  ,10.9732,-8.66855   ,11.3109,-8.53486  ,11.6209,-8.35066  ,11.9669,-8.13607  ,12.2866,-7.91949   ,12.5542,-7.70418   ,12.7874,-7.43439  ,13.0266,-7.07898   ,13.2328,-6.75957  ,13.4308,-6.44437  ,13.7638,-6.22072  ,13.802 ,-6.81742  ,13.6741,-7.27093  ,13.5336,-7.67687   ,13.3276,-8.10846  ,13.0339,-8.45435  ,12.7099,-8.69895   ,12.3331,-8.92859  ,11.9213,-9.14627  ,11.5177,-9.2985   ,11.0417,-9.354    ,12.4421,8.09552   ,-0.73871   ,552,123098,55.7488,10.9204,130.368,0
181 ,10.7471,-8.92091  ,11.1984,-8.92688   ,11.5842,-8.81835 ,11.9203,-8.64171  ,12.2781,-8.43527  ,12.6068,-8.20969  ,12.8753,-7.96357   ,13.1252,-7.64171  ,13.3444,-7.27018  ,13.5105,-6.92498    ,13.6355,-6.54765  ,13.7058,-6.17148  ,10.7471,-8.92091  ,11.0417,-8.6103    ,11.3578,-8.46863  ,11.6502,-8.30274  ,11.9731,-8.10158  ,12.2694,-7.89057   ,12.5281,-7.664     ,12.8025,-7.36613  ,13.0605,-7.02166   ,13.2606,-6.72213  ,13.4238,-6.42923  ,13.7058,-6.17148  ,13.8185,-6.77688  ,13.7164,-7.22988  ,13.5771,-7.61354   ,13.3856,-8.00983  ,13.1389,-8.35109  ,12.8494,-8.60249   ,12.4926,-8.82166  ,12.099 ,-9.03463  ,11.7072,-9.20974  ,11.2396,-9.25937  ,12.5117,8.03178   ,-0.753708  ,543,121424,54.1902,11.275 ,126.711,0
182 ,10.8309,-8.84382  ,11.2563,-8.86168   ,11.6136,-8.75736 ,11.9819,-8.57195  ,12.2931,-8.38527  ,12.6316,-8.12798  ,12.8803,-7.88615   ,13.1282,-7.58891  ,13.355 ,-7.21165  ,13.5148,-6.87063    ,13.6489,-6.51975  ,13.7755,-6.17224  ,10.8309,-8.84382  ,11.1221,-8.57851   ,11.3848,-8.4143   ,11.7046,-8.20945  ,11.987 ,-8.03092  ,12.2852,-7.813     ,12.511 ,-7.60532   ,12.7685,-7.33073  ,13.0552,-6.97105   ,13.2582,-6.67253  ,13.4172,-6.39478  ,13.7755,-6.17224  ,13.8432,-6.74432  ,13.7293,-7.16771  ,13.6054,-7.54764   ,13.4169,-7.94352  ,13.153 ,-8.26739  ,12.8772,-8.53043   ,12.5081,-8.79772  ,12.1709,-8.98349  ,11.7441,-9.14085  ,11.287 ,-9.15817  ,12.572 ,7.95729   ,-0.772064  ,533,119647,52.7749,11.4073,122.368,0
183 ,10.9679,-8.92557  ,11.3597,-8.88257   ,11.7324,-8.75006 ,12.0688,-8.54909  ,12.3789,-8.33964  ,12.7015,-8.09041  ,12.9652,-7.83469   ,13.1991,-7.52403  ,13.372 ,-7.22302  ,13.5414,-6.85312    ,13.6655,-6.50886  ,13.7659,-6.16292  ,10.9679,-8.92557  ,11.1674,-8.60637   ,11.4446,-8.43593  ,11.7557,-8.2306   ,12.0426,-8.0161   ,12.3407,-7.76657   ,12.599 ,-7.51609   ,12.863 ,-7.21707  ,13.0665,-6.93596   ,13.2674,-6.62429  ,13.4187,-6.36256  ,13.7659,-6.16292  ,13.8796,-6.75324  ,13.7763,-7.17843  ,13.6308,-7.59735   ,13.4793,-7.91781  ,13.2493,-8.24259  ,12.9701,-8.49139   ,12.6242,-8.72839  ,12.2967,-8.92163  ,11.9338,-9.10711  ,11.4541,-9.1803   ,12.6555,7.91152   ,-0.800359  ,540,119439,51.6069,11.9579,120.711,0
184 ,11.0712,-8.8978   ,11.4466,-8.89222   ,11.8322,-8.73921 ,12.1557,-8.5537   ,12.4852,-8.33232  ,12.7602,-8.11285  ,13.0432,-7.8306    ,13.2624,-7.53333  ,13.4344,-7.19842  ,13.5722,-6.83429    ,13.6849,-6.44302  ,13.7269,-6.11073  ,11.0712,-8.8978   ,11.2914,-8.56951   ,11.6146,-8.38848  ,11.9172,-8.19911  ,12.2226,-7.95816  ,12.4792,-7.72277   ,12.7516,-7.43505   ,12.9611,-7.16366  ,13.1343,-6.88024   ,13.2869,-6.60228  ,13.4378,-6.32484  ,13.7269,-6.11073  ,13.9088,-6.65854  ,13.8242,-7.16154  ,13.6975,-7.60221   ,13.5099,-7.98702  ,13.2614,-8.31031  ,12.9523,-8.57875   ,12.6535,-8.7753   ,12.3016,-8.96476  ,11.9563,-9.13816  ,11.5036,-9.23546  ,12.7058,7.92652   ,-0.815279  ,543,119296,51.5403,12.4225,121.782,0
185 ,11.0961,-8.86835  ,11.5468,-8.86364   ,11.9265,-8.72548 ,12.2801,-8.53068  ,12.5978,-8.32413  ,12.9072,-8.08509  ,13.1697,-7.81238   ,13.4038,-7.44596  ,13.5609,-7.0697   ,13.6632,-6.72327    ,13.7832,-6.29235  ,13.8921,-5.95581  ,11.0961,-8.86835  ,11.4019,-8.52663   ,11.7205,-8.37916  ,12.0418,-8.18814  ,12.3376,-7.97231  ,12.6313,-7.7199    ,12.8796,-7.44957   ,13.0913,-7.1138   ,13.259 ,-6.79024   ,13.3825,-6.52721  ,13.5473,-6.20781  ,13.8921,-5.95581  ,13.9826,-6.49698  ,13.9109,-7.03952  ,13.8251,-7.45865   ,13.6596,-7.88527  ,13.3808,-8.27263  ,13.0844,-8.53394   ,12.7512,-8.74999  ,12.4159,-8.93479  ,12.0299,-9.12059  ,11.576 ,-9.22189  ,12.785 ,7.89439   ,-0.831522  ,554,122491,54.2029,11.8186,127.539,0
186 ,11.0867,-8.92901  ,11.5421,-8.88109   ,11.8903,-8.7467  ,12.2645,-8.54354  ,12.6251,-8.26822  ,12.9021,-8.01861  ,13.221 ,-7.69395   ,13.4693,-7.37798  ,13.6354,-7.03112  ,13.7549,-6.59762    ,13.84  ,-6.19151  ,13.8901,-5.83522  ,11.0867,-8.92901  ,11.373 ,-8.55001   ,11.6559,-8.41822  ,11.992 ,-8.22006  ,12.3347,-7.93615  ,12.5998,-7.6775    ,12.9044,-7.34726   ,13.1523,-7.0324   ,13.3457,-6.71929   ,13.4896,-6.40497  ,13.6074,-6.1113   ,13.8901,-5.83522  ,14.0512,-6.38528  ,13.9924,-6.90406  ,13.8893,-7.44378   ,13.7181,-7.82469  ,13.4376,-8.15011  ,13.0933,-8.464     ,12.807 ,-8.69155  ,12.4415,-8.92783  ,12.0299,-9.11807  ,11.6059,-9.23973  ,12.8273,7.849     ,-0.832878  ,563,123676,55.9083,11.9405,129.196,0
187 ,11.108 ,-8.79122  ,11.5439,-8.82387   ,11.9315,-8.68888 ,12.2621,-8.49098  ,12.6043,-8.21868  ,12.8858,-7.95309  ,13.1605,-7.63195   ,13.391 ,-7.31186  ,13.6219,-6.92419  ,13.7762,-6.53051    ,13.8638,-6.13608  ,13.8922,-5.77465  ,11.108 ,-8.79122  ,11.3942,-8.50462   ,11.7187,-8.35864  ,12.0252,-8.14906  ,12.3437,-7.86055  ,12.6063,-7.58734   ,12.8758,-7.27474   ,13.0971,-6.98533  ,13.3269,-6.64349   ,13.503 ,-6.33386  ,13.6316,-6.04363  ,13.8922,-5.77465  ,14.0764,-6.34188  ,14.0169,-6.83463  ,13.8716,-7.29248   ,13.6241,-7.72764  ,13.3734,-8.08192  ,13.0764,-8.40865   ,12.7668,-8.66181  ,12.4031,-8.89866  ,12.0512,-9.06518  ,11.5916,-9.157    ,12.8305,7.76103   ,-0.844378  ,560,123693,55.5556,11.6295,129.196,0
188 ,11.1574,-8.7603   ,11.596 ,-8.79955   ,11.9419,-8.66294 ,12.3053,-8.44877  ,12.6196,-8.1849   ,12.9167,-7.87457  ,13.1536,-7.57101   ,13.367 ,-7.2095   ,13.5541,-6.85511  ,13.7248,-6.45888    ,13.8418,-6.06488  ,13.9038,-5.69222  ,11.1574,-8.7603   ,11.4827,-8.46572   ,11.7973,-8.31225  ,12.1343,-8.05705  ,12.4228,-7.77911  ,12.6737,-7.49381   ,12.858 ,-7.23264   ,13.0441,-6.91546  ,13.2396,-6.5999    ,13.4303,-6.2707   ,13.5894,-5.96285  ,13.9038,-5.69222  ,14.0661,-6.28165  ,13.9801,-6.75296  ,13.8223,-7.20231   ,13.6435,-7.59039  ,13.3805,-8.00661  ,13.0669,-8.36033   ,12.7121,-8.68785  ,12.3714,-8.91346  ,11.9863,-9.06338  ,11.6097,-9.14983  ,12.8566,7.67354   ,-0.884585  ,559,124652,55.3455,11.6961,130.024,0
189 ,11.1654,-8.75017  ,11.599 ,-8.77139   ,11.9937,-8.66406 ,12.3612,-8.45262  ,12.7191,-8.14253  ,12.9852,-7.84901  ,13.2258,-7.49826   ,13.4195,-7.12984  ,13.5797,-6.74913  ,13.7303,-6.36022    ,13.8491,-5.92344  ,13.8777,-5.55842  ,11.1654,-8.75017  ,11.4898,-8.48184   ,11.8206,-8.33643  ,12.1451,-8.11619  ,12.4642,-7.80825  ,12.6983,-7.52222   ,12.9069,-7.19597   ,13.0796,-6.86268  ,13.2356,-6.52617   ,13.4031,-6.20304  ,13.6007,-5.86894  ,13.8777,-5.55842  ,14.073 ,-6.10559  ,14.0151,-6.63402  ,13.8807,-7.0804    ,13.7091,-7.50472  ,13.4814,-7.90258  ,13.1924,-8.27413   ,12.8747,-8.57298  ,12.4737,-8.86331  ,12.0589,-9.03488  ,11.59  ,-9.07273  ,12.9168,7.6028    ,-0.912149  ,563,125305,56.8627,11.1688,131.782,0
190 ,11.2097,-8.71338  ,11.6491,-8.75615   ,12.0796,-8.59129 ,12.4037,-8.3913   ,12.7245,-8.10962  ,13.023 ,-7.77206  ,13.2584,-7.42926   ,13.4513,-7.04261  ,13.6271,-6.61542  ,13.7759,-6.21687    ,13.9175,-5.86123  ,14.045 ,-5.45497  ,11.2097,-8.71338  ,11.5694,-8.43144   ,11.9685,-8.24978  ,12.2686,-8.01095  ,12.5503,-7.71244  ,12.7776,-7.41009   ,12.9497,-7.11785   ,13.1307,-6.75932  ,13.3095,-6.3635    ,13.4768,-6.04277  ,13.6512,-5.75341  ,14.045 ,-5.45497  ,14.1365,-6.08633  ,14.0304,-6.50925  ,13.903 ,-6.97553   ,13.7232,-7.43267  ,13.4977,-7.85442  ,13.1765,-8.24903   ,12.7929,-8.61144  ,12.4307,-8.84845  ,12.0839,-8.98908  ,11.6216,-9.09595  ,12.9609,7.52811   ,-0.927795  ,562,125929,57.8474,11.4201,134.853,0
191 ,11.297 ,-8.61102  ,11.7527,-8.67192   ,12.1677,-8.53096 ,12.557 ,-8.25968  ,12.8826,-7.93522  ,13.1227,-7.63642  ,13.3688,-7.2209    ,13.5451,-6.8278   ,13.6964,-6.43196  ,13.8497,-6.00845    ,14.0473,-5.58721  ,14.2402,-5.24449  ,11.297 ,-8.61102  ,11.6799,-8.36398   ,12.0288,-8.18551  ,12.3663,-7.90375  ,12.6421,-7.58128  ,12.8396,-7.30418   ,13.0526,-6.92386   ,13.2323,-6.53828  ,13.3933,-6.18955   ,13.5741,-5.84549  ,13.8164,-5.48188  ,14.2402,-5.24449  ,14.216 ,-5.80961  ,14.0768,-6.29402  ,13.9581,-6.79055   ,13.8117,-7.22831  ,13.6274,-7.6349   ,13.3184,-8.08838   ,13.0165,-8.40594  ,12.639 ,-8.70853  ,12.191 ,-8.93352  ,11.7026,-8.99112  ,13.0397,7.40442   ,-0.959321  ,575,127849,59.7616,11.2691,137.439,0
192 ,11.4731,-8.62505  ,11.9385,-8.58762   ,12.2943,-8.41518 ,12.6391,-8.14916  ,12.957 ,-7.82775  ,13.2004,-7.49819  ,13.4155,-7.08949   ,13.5719,-6.71378  ,13.7394,-6.3256   ,13.8942,-5.92524    ,14.0525,-5.50889  ,14.2193,-5.12747  ,11.4731,-8.62505  ,11.7741,-8.27683   ,12.0951,-8.075    ,12.4391,-7.76359  ,12.7398,-7.42401  ,12.9393,-7.11957   ,13.114 ,-6.74828   ,13.2627,-6.40002  ,13.4523,-6.05777   ,13.6355,-5.7253   ,13.8266,-5.38035  ,14.2193,-5.12747  ,14.2331,-5.75606  ,14.1082,-6.24221  ,13.9799,-6.70438   ,13.8362,-7.13933  ,13.6707,-7.53188  ,13.3923,-7.98377   ,13.0759,-8.34326  ,12.7261,-8.63167  ,12.3766,-8.82902  ,11.9797,-8.93035  ,13.0899,7.32169   ,-0.982822  ,573,126626,58.2471,12.0042,135.196,0
193 ,11.544 ,-8.56486  ,11.9619,-8.5236    ,12.3554,-8.34006 ,12.677 ,-8.09251  ,12.9631,-7.80427  ,13.1985,-7.45506  ,13.3764,-7.09593   ,13.5599,-6.69355  ,13.7188,-6.32403  ,13.8862,-5.94212    ,14.0348,-5.59975  ,14.1798,-5.22039  ,11.544 ,-8.56486  ,11.8229,-8.20902   ,12.1687,-7.99374  ,12.4569,-7.73503  ,12.7017,-7.43801  ,12.904 ,-7.10335   ,13.0559,-6.78999   ,13.232 ,-6.43327  ,13.403 ,-6.1161    ,13.5946,-5.78592  ,13.7696,-5.49152  ,14.1798,-5.22039  ,14.25  ,-5.82219  ,14.1298,-6.20988  ,13.9874,-6.63899   ,13.8434,-7.05674  ,13.6495,-7.50326  ,13.4359,-7.90875   ,13.1387,-8.26735  ,12.7927,-8.54134  ,12.4324,-8.75352  ,11.9842,-8.86832  ,13.1206,7.26353   ,-0.984617  ,558,124379,55.642 ,11.8377,130.953,0
194 ,11.6491,-8.42266  ,12.0585,-8.42074   ,12.4515,-8.25509 ,12.7829,-8.00115  ,13.0456,-7.72196  ,13.2704,-7.40198  ,13.4489,-7.02943   ,13.5937,-6.64913  ,13.7585,-6.2653   ,13.9129,-5.92653    ,14.0769,-5.51457  ,14.1824,-5.19115  ,11.6491,-8.42266  ,11.9261,-8.10802   ,12.2684,-7.90246  ,12.5347,-7.65488  ,12.7402,-7.39621  ,12.931 ,-7.10272   ,13.1076,-6.76684   ,13.249 ,-6.41864  ,13.4267,-6.0763    ,13.6151,-5.77968  ,13.8209,-5.43005  ,14.1824,-5.19115  ,14.2882,-5.71622  ,14.1605,-6.18891  ,14.039 ,-6.56446   ,13.8965,-6.98948  ,13.7466,-7.39799  ,13.543 ,-7.80893   ,13.2675,-8.14962  ,12.939 ,-8.42682  ,12.532 ,-8.66919  ,12.0682,-8.75429  ,13.1744,7.2208    ,-0.992045  ,548,122414,54.3166,11.4614,128.125,0
195 ,11.7232,-8.35785  ,12.1563,-8.31406   ,12.5114,-8.13108 ,12.8574,-7.87087  ,13.1246,-7.60562  ,13.3454,-7.2758   ,13.5191,-6.88968   ,13.6623,-6.53441  ,13.8275,-6.17366  ,13.9917,-5.79726    ,14.1452,-5.41444  ,14.2804,-5.06245  ,11.7232,-8.35785  ,12.0152,-7.99227   ,12.3279,-7.75164  ,12.6517,-7.45677  ,12.881 ,-7.18199  ,13.0595,-6.87709   ,13.2052,-6.5287    ,13.343 ,-6.21932  ,13.5322,-5.91373   ,13.7351,-5.59969  ,13.9153,-5.28306  ,14.2804,-5.06245  ,14.3318,-5.65324  ,14.2028,-6.10453  ,14.0743,-6.53782   ,13.9382,-6.95172  ,13.7933,-7.35002  ,13.5791,-7.76959   ,13.288 ,-8.12037  ,12.9653,-8.36778  ,12.5954,-8.57393  ,12.195 ,-8.66805  ,13.2498,7.1057    ,-1.00059   ,552,121879,54.6256,12.6656,129.539,0
196 ,11.7924,-8.43659  ,12.197 ,-8.29799   ,12.5723,-8.07426 ,12.8866,-7.84479  ,13.1706,-7.57079  ,13.379 ,-7.2698   ,13.5533,-6.90759   ,13.7245,-6.48887  ,13.8609,-6.15285  ,14.0367,-5.75448    ,14.1777,-5.40042  ,14.2989,-5.04413  ,11.7924,-8.43659  ,11.9823,-8.04117   ,12.291 ,-7.75485  ,12.5982,-7.50078  ,12.8645,-7.21751  ,13.0326,-6.93407   ,13.185 ,-6.6121    ,13.3671,-6.24468  ,13.5309,-5.96081   ,13.7533,-5.61412  ,13.9395,-5.31348  ,14.2989,-5.04413  ,14.3723,-5.60603  ,14.2701,-6.01058  ,14.1425,-6.45798   ,14.0384,-6.84051  ,13.8782,-7.30697  ,13.6643,-7.70807   ,13.3925,-8.01966  ,13.071 ,-8.27247  ,12.7481,-8.46306  ,12.3051,-8.60619  ,13.2967,7.0796    ,-0.997266  ,554,120927,54.3107,12.2534,126.711,0
197 ,11.9653,-8.44106  ,12.3389,-8.27857   ,12.7277,-8.06754 ,13.0466,-7.83941  ,13.3425,-7.56715  ,13.566 ,-7.26861  ,13.7461,-6.89571   ,13.8741,-6.50928  ,13.9814,-6.16235  ,14.1283,-5.74345    ,14.2593,-5.3873   ,14.3735,-5.0442   ,11.9653,-8.44106  ,12.109 ,-8.01115   ,12.4316,-7.77585  ,12.7517,-7.51918  ,13.0504,-7.20864  ,13.2506,-6.91132   ,13.3854,-6.57091   ,13.5088,-6.21976  ,13.642 ,-5.93965   ,13.8375,-5.6072   ,14.0198,-5.31354  ,14.3735,-5.0442   ,14.4572,-5.57772  ,14.3749,-6.00024  ,14.2831,-6.50259   ,14.2049,-6.91162  ,14.0643,-7.32832  ,13.8163,-7.72902   ,13.5445,-8.01985  ,13.2362,-8.24281  ,12.9152,-8.4261   ,12.4595,-8.59639  ,13.4458,7.07817   ,-1.00979   ,550,121555,53.8307,12.4746,125.882,0
198 ,12.0107,-8.38394  ,12.4104,-8.21837   ,12.7644,-7.97728 ,13.0606,-7.73026  ,13.3868,-7.42884  ,13.6485,-7.13165  ,13.8298,-6.82174   ,13.9732,-6.39382  ,14.0664,-6.04362  ,14.1938,-5.6317     ,14.336 ,-5.24315  ,14.4972,-4.90986  ,12.0107,-8.38394  ,12.1791,-7.9245    ,12.4813,-7.67784  ,12.7717,-7.41783  ,13.1098,-7.07618  ,13.3726,-6.7431    ,13.5217,-6.42568   ,13.6397,-6.02417  ,13.7529,-5.73978   ,13.9247,-5.41778  ,14.1091,-5.11192  ,14.4972,-4.90986  ,14.5189,-5.48048  ,14.4251,-5.96112  ,14.3474,-6.46673   ,14.2759,-6.87505  ,14.0891,-7.32154  ,13.8477,-7.62134   ,13.5626,-7.88001  ,13.2331,-8.14424  ,12.9276,-8.36883  ,12.5296,-8.57233  ,13.4891,6.98961   ,-1.00246   ,556,123018,54.9375,13.0296,128.953,0
199 ,11.9361,-8.37589  ,12.3514,-8.17768   ,12.6814,-7.9575  ,13.018 ,-7.6676   ,13.2832,-7.40136  ,13.5639,-7.08144  ,13.8157,-6.73738   ,13.9801,-6.36505  ,14.0801,-6.00669  ,14.2148,-5.5826     ,14.338 ,-5.21025  ,14.4906,-4.84042  ,11.9361,-8.37589  ,12.1411,-7.90144   ,12.417 ,-7.66286  ,12.7248,-7.37506  ,12.9662,-7.11899  ,13.2141,-6.81787   ,13.4468,-6.48465   ,13.6178,-6.11447  ,13.7357,-5.77963   ,13.9137,-5.41461  ,14.0938,-5.10252  ,14.4906,-4.84042  ,14.5478,-5.42199  ,14.4794,-5.85768  ,14.3948,-6.3382    ,14.3117,-6.71286  ,14.1254,-7.08344  ,13.8271,-7.44971   ,13.4978,-7.7915   ,13.2002,-8.0631   ,12.8336,-8.33732  ,12.4575,-8.51035  ,13.4777,6.91247   ,-0.983654  ,556,123662,55.7799,11.2376,128.368,0
200 ,11.8844,-8.22125  ,12.3011,-8.10129   ,12.6601,-7.88605 ,12.9968,-7.59629  ,13.2567,-7.31799  ,13.5167,-6.98309  ,13.7223,-6.67072   ,13.9399,-6.27167  ,14.0825,-5.88585  ,14.2029,-5.53281    ,14.3307,-5.10245  ,14.3996,-4.73622  ,11.8844,-8.22125  ,12.1226,-7.81635   ,12.4261,-7.57754  ,12.7361,-7.28142  ,12.9663,-7.01423  ,13.1872,-6.7026    ,13.3634,-6.41175   ,13.585 ,-6.02722  ,13.7446,-5.67791   ,13.8879,-5.38538  ,14.0762,-5.04168  ,14.3996,-4.73622  ,14.5549,-5.28688  ,14.4763,-5.80013  ,14.3822,-6.20839   ,14.2467,-6.61843  ,14.0187,-7.0307   ,13.7686,-7.37224   ,13.4475,-7.73561  ,13.1485,-8.01592  ,12.7768,-8.27895  ,12.3603,-8.43646  ,13.4538,6.81384   ,-0.980264  ,557,124032,55.6816,11.0553,128.61 ,0
201 ,11.8053,-8.13566  ,12.2319,-8.06692   ,12.6261,-7.8409  ,12.9251,-7.58509  ,13.1845,-7.30347  ,13.4621,-6.94559  ,13.6728,-6.59111   ,13.868 ,-6.23446  ,14.0317,-5.87511  ,14.1931,-5.48843    ,14.3848,-5.08363  ,14.5231,-4.73617  ,11.8053,-8.13566  ,12.0416,-7.80644   ,12.3679,-7.55612  ,12.6682,-7.27602  ,12.9322,-6.96808  ,13.171 ,-6.62127   ,13.349 ,-6.29853   ,13.5365,-5.97561  ,13.6994,-5.65989   ,13.8792,-5.32977  ,14.1265,-4.97125  ,14.5231,-4.73617  ,14.5912,-5.31042  ,14.4559,-5.76177  ,14.3207,-6.19458   ,14.1464,-6.59651  ,13.9417,-6.98356  ,13.6813,-7.37357   ,13.3506,-7.73618  ,13.0898,-7.98221  ,12.776 ,-8.2063   ,12.307 ,-8.36566  ,13.4275,6.75229   ,-0.965242  ,549,123613,56.1393,11.1492,131.439,0
202 ,11.7896,-8.07188  ,12.2404,-8.00245   ,12.622 ,-7.75752 ,12.9356,-7.48478  ,13.2232,-7.17857  ,13.4595,-6.87076  ,13.6916,-6.48638   ,13.8691,-6.14359  ,14.0468,-5.74157  ,14.2351,-5.33083    ,14.4034,-4.9462   ,14.4844,-4.576    ,11.7896,-8.07188  ,12.119 ,-7.68379   ,12.4799,-7.37343  ,12.7724,-7.0815   ,13.0051,-6.79907  ,13.1763,-6.53685   ,13.3546,-6.20293   ,13.5227,-5.89175  ,13.7168,-5.53432   ,13.9249,-5.18221  ,14.1488,-4.85594  ,14.4844,-4.576    ,14.6168,-5.14765  ,14.4945,-5.58588  ,14.3344,-6.04999   ,14.1686,-6.49567  ,13.9751,-6.86479  ,13.6725,-7.30486   ,13.3512,-7.66252  ,12.9969,-7.98399  ,12.6562,-8.22576  ,12.2539,-8.36368  ,13.4407,6.65611   ,-0.974314  ,561,125127,57.2517,11.4091,131.681,0
203 ,11.8058,-7.94986  ,12.2936,-7.94482   ,12.6345,-7.75544 ,12.9613,-7.46877  ,13.2714,-7.13163  ,13.5225,-6.7931   ,13.7388,-6.42185   ,13.9393,-6.00118  ,14.1197,-5.57731  ,14.295 ,-5.19528    ,14.4763,-4.79682  ,14.6028,-4.42009  ,11.8058,-7.94986  ,12.1664,-7.63965   ,12.4652,-7.39825  ,12.7741,-7.08904  ,13.0375,-6.77288  ,13.24  ,-6.46724   ,13.4253,-6.11765   ,13.6167,-5.72595  ,13.8125,-5.3573    ,14.0138,-5.02958  ,14.2417,-4.68601  ,14.6028,-4.42009  ,14.6633,-5.02178  ,14.524 ,-5.47326  ,14.3811,-5.90376   ,14.2146,-6.38204  ,13.9957,-6.82993  ,13.7313,-7.22951   ,13.408 ,-7.60533  ,13.0401,-7.95326  ,12.6934,-8.19413  ,12.3045,-8.2825   ,13.4783,6.58652   ,-0.983418  ,571,127012,59.0603,11.1917,136.267,0
204 ,11.8695,-7.94338  ,12.3351,-7.92555   ,12.719 ,-7.70756 ,13.0756,-7.39404  ,13.3402,-7.08586  ,13.5937,-6.69552  ,13.778 ,-6.35132   ,13.9886,-5.89461  ,14.1631,-5.50006  ,14.3526,-5.09145    ,14.523 ,-4.73195  ,14.7309,-4.35898  ,11.8695,-7.94338  ,12.211 ,-7.60167   ,12.5784,-7.35956  ,12.8829,-7.02048  ,13.094 ,-6.70635  ,13.3134,-6.35      ,13.4625,-6.05159   ,13.6677,-5.62816  ,13.8586,-5.27707   ,14.0816,-4.91484  ,14.2842,-4.59145  ,14.7309,-4.35898  ,14.7041,-4.99203  ,14.5679,-5.38651  ,14.4167,-5.8374    ,14.2584,-6.2731   ,14.0359,-6.76578  ,13.8059,-7.15512   ,13.507 ,-7.57141  ,13.1696,-7.86693  ,12.7545,-8.13033  ,12.3408,-8.28524  ,13.5262,6.52494   ,-0.993768  ,580,128287,59.6466,11.7565,140.51 ,0
205 ,11.971 ,-7.96548  ,12.4224,-7.85231   ,12.768 ,-7.65611 ,13.1347,-7.32759  ,13.3916,-7.00345  ,13.6096,-6.65696  ,13.7982,-6.3013    ,13.9967,-5.86853  ,14.16  ,-5.50786  ,14.3439,-5.07299    ,14.4746,-4.71154  ,14.571 ,-4.30648  ,11.971 ,-7.96548  ,12.2258,-7.58475   ,12.5264,-7.36798  ,12.8463,-7.04339  ,13.0721,-6.73624  ,13.2676,-6.41518   ,13.4428,-6.08913   ,13.6418,-5.69539  ,13.818 ,-5.36956   ,14.0397,-4.98112  ,14.1997,-4.65497  ,14.571 ,-4.30648  ,14.6988,-4.90846  ,14.592 ,-5.31095  ,14.432 ,-5.78938   ,14.2859,-6.18597  ,14.0784,-6.6558   ,13.87  ,-7.03953   ,13.619 ,-7.40532  ,13.3077,-7.73018  ,12.8737,-8.03341  ,12.4801,-8.17388  ,13.5503,6.47789   ,-1.00879   ,586,129355,58.0461,10.6399,141.782,0
206 ,12.0141,-7.94621  ,12.487 ,-7.82846   ,12.8352,-7.62159 ,13.1483,-7.3435   ,13.4594,-6.9464   ,13.6713,-6.59374  ,13.8509,-6.23337   ,14.048 ,-5.79718  ,14.2099,-5.43345  ,14.3894,-4.99479    ,14.524 ,-4.55185  ,14.5834,-4.19289  ,12.0141,-7.94621  ,12.2849,-7.55757   ,12.5932,-7.33196  ,12.8683,-7.05691  ,13.1429,-6.68198  ,13.3302,-6.35665   ,13.5006,-6.02728   ,13.6961,-5.63004  ,13.8724,-5.30214   ,14.0906,-4.91013  ,14.2769,-4.51304  ,14.5834,-4.19289  ,14.7326,-4.73683  ,14.6367,-5.22712  ,14.4815,-5.7101    ,14.3395,-6.11054  ,14.1343,-6.58471  ,13.9328,-6.97326   ,13.6839,-7.35003  ,13.3074,-7.74818  ,12.9429,-8.00954  ,12.5442,-8.15662  ,13.587 ,6.44309   ,-1.0204    ,591,131142,59.039 ,10.5737,143.439,0
207 ,12.0333,-7.93383  ,12.491 ,-7.83752   ,12.9019,-7.59872 ,13.2046,-7.32524  ,13.4583,-6.99999  ,13.7103,-6.58303  ,13.8891,-6.22494   ,14.0912,-5.7927   ,14.2538,-5.43164  ,14.4252,-4.99425    ,14.5202,-4.62433  ,14.5834,-4.19289  ,12.0333,-7.93383  ,12.2919,-7.56067   ,12.6506,-7.30666  ,12.9125,-7.03963  ,13.1286,-6.72999  ,13.3613,-6.34539   ,13.5362,-6.02004   ,13.7464,-5.62969  ,13.9161,-5.30318   ,14.1282,-4.91338  ,14.2641,-4.57964  ,14.5834,-4.19289  ,14.7395,-4.81485  ,14.676 ,-5.22285  ,14.5274,-5.70437   ,14.375 ,-6.10114  ,14.1708,-6.57314  ,13.9804,-6.96221   ,13.691 ,-7.40334  ,13.3823,-7.72933  ,13.0221,-7.98587  ,12.5471,-8.16234  ,13.6112,6.4575    ,-1.02043   ,594,131739,59.1031,10.7596,144.61 ,0
208 ,12.0581,-7.9275   ,12.5182,-7.80903   ,12.8689,-7.61059 ,13.1834,-7.34245  ,13.4994,-6.95528  ,13.7111,-6.60521  ,13.8912,-6.24706   ,14.0828,-5.81227  ,14.237 ,-5.44924  ,14.4016,-5.00998    ,14.4882,-4.64223  ,14.5201,-4.23119  ,12.0581,-7.9275   ,12.2849,-7.53212   ,12.5989,-7.32398  ,12.8785,-7.05986  ,13.1567,-6.68992  ,13.3485,-6.36919   ,13.5235,-6.0442    ,13.7223,-5.65169  ,13.8914,-5.32539   ,14.0883,-4.93247  ,14.217 ,-4.60298  ,14.5201,-4.23119  ,14.7321,-4.82616  ,14.6669,-5.23505  ,14.5223,-5.7185    ,14.3807,-6.11807  ,14.1926,-6.59444  ,13.9932,-6.98254   ,13.744 ,-7.35363  ,13.3679,-7.74131  ,13.0038,-7.98932  ,12.6067,-8.13955  ,13.6053,6.46491   ,-1.01842   ,601,131194,58.0732,10.9134,142.853,0
209 ,11.9257,-7.79485  ,12.3875,-7.83357   ,12.8173,-7.63824 ,13.1263,-7.36287  ,13.3973,-7.03583  ,13.6571,-6.64205  ,13.8445,-6.27382   ,14.037 ,-5.84155  ,14.212 ,-5.44746  ,14.3706,-5.01071    ,14.4034,-4.57345  ,14.3699,-4.18233  ,11.9257,-7.79485  ,12.2808,-7.50995   ,12.6829,-7.26042  ,12.9647,-6.95536  ,13.1606,-6.64702  ,13.3399,-6.30549   ,13.5052,-5.97121   ,13.6948,-5.58885  ,13.879 ,-5.2526    ,14.0756,-4.9017   ,14.1489,-4.56338  ,14.3699,-4.18233  ,14.661 ,-4.72908  ,14.6329,-5.25635  ,14.4913,-5.75586   ,14.3312,-6.20429  ,14.134 ,-6.68082  ,13.9102,-7.08813   ,13.549 ,-7.53784  ,13.1908,-7.87059  ,12.8398,-8.09413  ,12.3593,-8.17411  ,13.5628,6.46866   ,-1.0202    ,596,130472,59.766 ,11.9186,139.782,0
210 ,11.9231,-7.78795  ,12.3915,-7.79954   ,12.8102,-7.63021 ,13.1068,-7.34724  ,13.3839,-7.00795  ,13.6009,-6.67846  ,13.8164,-6.25704   ,13.9947,-5.87822  ,14.1697,-5.48967  ,14.3199,-5.07324    ,14.3536,-4.61748  ,14.3092,-4.24084  ,11.9231,-7.78795  ,12.2651,-7.50924   ,12.6308,-7.30058  ,12.8697,-7.03597  ,13.0699,-6.73567  ,13.2303,-6.44749   ,13.4355,-6.0515    ,13.6214,-5.69922  ,13.8111,-5.34848   ,13.9903,-4.99622  ,14.0711,-4.6181   ,14.3092,-4.24084  ,14.6435,-4.74496  ,14.6162,-5.2748   ,14.4794,-5.74469   ,14.3157,-6.1656   ,14.1471,-6.5692   ,13.9085,-7.01622   ,13.6125,-7.39408  ,13.2459,-7.76531  ,12.8852,-8.03154  ,12.3817,-8.10784  ,13.5476,6.44466   ,-1.0177    ,582,128805,58.5625,10.8545,137.196,0
211 ,11.8082,-7.7232   ,12.2473,-7.79802   ,12.7273,-7.634   ,13.0264,-7.39796  ,13.3556,-7.01028  ,13.5998,-6.65762  ,13.8022,-6.28042   ,13.9977,-5.84951  ,14.1646,-5.4561   ,14.306 ,-5.03529    ,14.3333,-4.55895  ,14.2872,-4.18298  ,11.8082,-7.7232   ,12.1912,-7.5267    ,12.5871,-7.28275  ,12.8495,-7.01748  ,13.1144,-6.64277  ,13.2791,-6.34534   ,13.4456,-6.00981   ,13.6368,-5.62576  ,13.8069,-5.29117   ,13.9758,-4.95449  ,14.0652,-4.56629  ,14.2872,-4.18298  ,14.6096,-4.69156  ,14.6044,-5.24106  ,14.4762,-5.7368    ,14.3096,-6.18265  ,14.1084,-6.65567  ,13.847 ,-7.08504   ,13.509 ,-7.49466  ,13.0933,-7.88101  ,12.7356,-8.06276  ,12.1691,-8.07067  ,13.5307,6.42981   ,-1.01917   ,589,128472,60.2591,11.5145,139.782,0
212 ,11.9318,-7.88173  ,12.4035,-7.85128   ,12.7732,-7.66309 ,13.1625,-7.36273  ,13.4612,-7.02327  ,13.7024,-6.65382  ,13.9097,-6.28119   ,14.0812,-5.89976  ,14.2609,-5.48012  ,14.4425,-5.03351    ,14.6653,-4.65198  ,14.8989,-4.33442  ,11.9318,-7.88173  ,12.2624,-7.53309   ,12.6212,-7.28903  ,12.9971,-6.93393  ,13.2444,-6.58864  ,13.4002,-6.27145   ,13.5821,-5.93359   ,13.7745,-5.58504  ,13.9587,-5.22135   ,14.1561,-4.84955  ,14.426 ,-4.51162  ,14.8989,-4.33442  ,14.8321,-4.89382  ,14.6778,-5.33232  ,14.5204,-5.8451    ,14.3408,-6.32197  ,14.1842,-6.73663  ,13.939 ,-7.14228   ,13.6037,-7.56031  ,13.2263,-7.8823   ,12.8046,-8.11257  ,12.4194,-8.2079   ,13.6286,6.48389   ,-0.98364   ,605,131046,60.1298,12.7057,140.267,0
213 ,11.953 ,-7.81062  ,12.4503,-7.8589    ,12.8351,-7.72565 ,13.1967,-7.45085  ,13.4664,-7.13818  ,13.7251,-6.74421  ,13.919 ,-6.37073   ,14.1034,-5.97954  ,14.299 ,-5.56937  ,14.5219,-5.15596    ,14.7789,-4.84281  ,15.0995,-4.53932  ,11.953 ,-7.81062  ,12.3584,-7.53862   ,12.7038,-7.36084  ,13.0332,-7.05701  ,13.243 ,-6.74188  ,13.4195,-6.39046   ,13.5891,-6.04706   ,13.7812,-5.68362  ,13.9999,-5.29021   ,14.2802,-4.90772  ,14.5868,-4.63015  ,15.0995,-4.53932  ,14.8767,-5.15139  ,14.6923,-5.52038  ,14.5402,-5.96597   ,14.3717,-6.39158  ,14.1972,-6.80008  ,13.9647,-7.20916   ,13.6068,-7.64491  ,13.263 ,-7.9372   ,12.8482,-8.15116  ,12.4065,-8.1957   ,13.6815,6.54983   ,-0.960744  ,595,130194,59.8544,12.0634,138.267,0
214 ,11.9523,-7.79544  ,12.4327,-7.86592   ,12.815 ,-7.75069 ,13.1811,-7.46853  ,13.4751,-7.14517  ,13.715 ,-6.80566  ,13.9059,-6.43414   ,14.109 ,-5.98901  ,14.3034,-5.59527  ,14.522 ,-5.26108    ,14.8496,-4.91307  ,15.1128,-4.64018  ,11.9523,-7.79544  ,12.3555,-7.55209   ,12.6876,-7.39543  ,13.0364,-7.06151  ,13.263 ,-6.73929  ,13.4398,-6.43282   ,13.6079,-6.08658   ,13.8115,-5.65729  ,14.0287,-5.28723   ,14.292 ,-4.9742   ,14.6584,-4.7081   ,15.1128,-4.64018  ,14.9433,-5.21028  ,14.6698,-5.65751  ,14.5173,-6.01622   ,14.3546,-6.43403  ,14.1543,-6.88771  ,13.9224,-7.28848   ,13.5925,-7.66571  ,13.2258,-7.96879  ,12.8255,-8.16642  ,12.376 ,-8.18766  ,13.6811,6.59244   ,-0.94618   ,581,128596,59.0387,12.059 ,136.267,0
215 ,12.0584,-7.81032  ,12.5196,-7.83851   ,12.875 ,-7.70525 ,13.2457,-7.40561  ,13.5288,-7.08213  ,13.748 ,-6.75447  ,13.9298,-6.38574   ,14.0928,-6.0154   ,14.3061,-5.62791  ,14.5495,-5.30115    ,14.8918,-5.04026  ,15.2638,-4.91485  ,12.0584,-7.81032  ,12.4467,-7.51614   ,12.7742,-7.31943  ,13.105 ,-6.98252  ,13.3183,-6.67319  ,13.4665,-6.38531   ,13.6196,-6.0535    ,13.7867,-5.69232  ,14.0344,-5.31676   ,14.3373,-5.00697  ,14.7391,-4.78523  ,15.2638,-4.91485  ,14.9377,-5.34586  ,14.6748,-5.69699  ,14.5071,-6.05237   ,14.349 ,-6.44642  ,14.1945,-6.8216   ,13.9652,-7.23148   ,13.6532,-7.60156  ,13.2836,-7.92799  ,12.8636,-8.15496  ,12.468 ,-8.1767   ,13.7228,6.58034   ,-0.93214   ,577,127691,56.9524,12.1041,134.024,0
216 ,12.1345,-7.8255   ,12.5665,-7.8131    ,12.9965,-7.61136 ,13.3212,-7.34731  ,13.5763,-7.05486  ,13.8194,-6.64832  ,14.0003,-6.27107   ,14.2066,-5.87756  ,14.4346,-5.521    ,14.7069,-5.26022    ,15.0768,-5.05956  ,15.4916,-4.96578  ,12.1345,-7.8255   ,12.4613,-7.52784   ,12.8703,-7.24185  ,13.1793,-6.90924  ,13.3666,-6.59342  ,13.553 ,-6.19869   ,13.7257,-5.82469   ,13.9661,-5.4312   ,14.2611,-5.10503   ,14.5684,-4.91582  ,14.9503,-4.80519  ,15.4916,-4.96578  ,15.0736,-5.36575  ,14.7393,-5.68637  ,14.5359,-6.03119   ,14.3853,-6.43497  ,14.2205,-6.82813  ,14.033 ,-7.20243   ,13.7114,-7.61359  ,13.3634,-7.88027  ,13.0058,-8.05772  ,12.5438,-8.12331  ,13.8193,6.5167    ,-0.919346  ,572,126740,57.733 ,13.7218,134.853,0
217 ,12.2763,-7.79412  ,12.7398,-7.71185   ,13.0855,-7.54255 ,13.4255,-7.25908  ,13.6984,-6.92107  ,13.8986,-6.54668  ,14.0616,-6.17953   ,14.2631,-5.80136  ,14.5266,-5.44581  ,14.8546,-5.17252    ,15.2002,-5.00379  ,15.5887,-4.85018  ,12.2763,-7.79412  ,12.5978,-7.42212   ,12.916 ,-7.18138  ,13.2426,-6.83771  ,13.4532,-6.49098  ,13.5887,-6.1452    ,13.7416,-5.81124   ,13.9866,-5.45399  ,14.3372,-5.0964    ,14.7256,-4.86149  ,15.0848,-4.75854  ,15.5887,-4.85018  ,15.1982,-5.3      ,14.8772,-5.54898  ,14.6356,-5.88971   ,14.4732,-6.2565   ,14.334 ,-6.6537   ,14.1587,-7.0552    ,13.8755,-7.45396  ,13.5183,-7.7684   ,13.1476,-7.97337  ,12.7589,-8.03782  ,13.9181,6.43816   ,-0.91431   ,573,126043,57.2394,13.1695,134.267,0
218 ,12.358 ,-7.63584  ,12.7867,-7.56806   ,13.2085,-7.40096 ,13.5064,-7.16319  ,13.7732,-6.82451  ,13.9871,-6.46161  ,14.1621,-6.08953   ,14.3669,-5.72471  ,14.6235,-5.4427   ,15.0061,-5.1565     ,15.3469,-4.95563  ,15.6946,-4.82181  ,12.358 ,-7.63584  ,12.6897,-7.30175   ,13.0806,-7.02211  ,13.35  ,-6.72609  ,13.5462,-6.34676  ,13.7   ,-5.98232   ,13.8836,-5.62839   ,14.1556,-5.28057  ,14.469 ,-5.03422   ,14.8633,-4.84658  ,15.2001,-4.72884  ,15.6946,-4.82181  ,15.3837,-5.23955  ,15.0335,-5.54295  ,14.6811,-5.94102   ,14.5093,-6.26828  ,14.3911,-6.65832  ,14.2178,-7.04529   ,13.9337,-7.40396  ,13.5717,-7.68871  ,13.2251,-7.84388  ,12.7577,-7.86215  ,14.0232,6.34321   ,-0.897869  ,562,123432,56.2317,14.5008,130.024,0
219 ,12.5309,-7.5862   ,12.9454,-7.46258   ,13.2826,-7.30881 ,13.6289,-7.06034  ,13.8887,-6.77026  ,14.0983,-6.4444   ,14.2643,-6.11582   ,14.4792,-5.73896  ,14.7235,-5.44771  ,15.0207,-5.20279    ,15.3469,-5.00154  ,15.6624,-4.79929  ,12.5309,-7.5862   ,12.787 ,-7.16457   ,13.1153,-6.94666  ,13.4493,-6.64591  ,13.6442,-6.35114  ,13.7701,-6.04858   ,13.9229,-5.73614   ,14.2223,-5.3686   ,14.5338,-5.0942    ,14.8407,-4.90503  ,15.1618,-4.77791  ,15.6624,-4.79929  ,15.4242,-5.28691  ,15.0956,-5.57596  ,14.8235,-5.89193   ,14.6666,-6.21445  ,14.5517,-6.6046   ,14.365 ,-6.95033   ,14.0522,-7.29351  ,13.7157,-7.55802  ,13.3424,-7.72835  ,12.9873,-7.80207  ,14.1047,6.33203   ,-0.87201   ,550,121425,53.1782,13.2494,124.61 ,0
220 ,12.5711,-7.5781   ,12.9648,-7.45161   ,13.3055,-7.28127 ,13.616 ,-7.05577  ,13.8979,-6.79901  ,14.1396,-6.49727  ,14.3666,-6.12966   ,14.5258,-5.8182   ,14.7717,-5.48897  ,15.0542,-5.24998    ,15.3695,-5.04581  ,15.7018,-4.84633  ,12.5711,-7.5781   ,12.7933,-7.13468   ,13.0976,-6.93399  ,13.4159,-6.68956  ,13.6849,-6.39902  ,13.8507,-6.10846   ,14.0269,-5.77015   ,14.2249,-5.47009  ,14.5548,-5.14591   ,14.8751,-4.95603  ,15.1894,-4.82281  ,15.7018,-4.84633  ,15.4446,-5.33106  ,15.1313,-5.61869  ,14.9078,-5.91912   ,14.7701,-6.2684   ,14.6502,-6.59435  ,14.3535,-6.99      ,14.0221,-7.29205  ,13.7166,-7.49955  ,13.4038,-7.69707  ,13.0205,-7.811    ,14.139 ,6.35494   ,-0.84732   ,543,119809,52.4471,12.6727,126.024,0
221 ,12.5351,-7.64815  ,12.9287,-7.44982   ,13.264 ,-7.23092 ,13.5537,-6.98873  ,13.8381,-6.73052  ,14.1348,-6.42643  ,14.3675,-6.12788   ,14.604 ,-5.78362  ,14.8449,-5.48176  ,15.1375,-5.21951    ,15.4782,-5.01738  ,15.8303,-4.94205  ,12.5351,-7.64815  ,12.7014,-7.15401   ,13.014 ,-6.90075  ,13.3305,-6.6149   ,13.645 ,-6.29845  ,13.9514,-5.93922   ,14.1708,-5.6189    ,14.4224,-5.27098  ,14.7287,-5.01229   ,15.0801,-4.83528  ,15.4515,-4.72431  ,15.8303,-4.94205  ,15.4073,-5.3528   ,15.1039,-5.67379  ,14.8863,-6.03274   ,14.7218,-6.38993  ,14.4919,-6.73748  ,14.2293,-7.01251   ,13.9204,-7.26667  ,13.6607,-7.46339  ,13.3995,-7.64854  ,13.05  ,-7.79888  ,14.1317,6.32153   ,-0.82119   ,544,121013,53.5105,14.2727,128.51 ,0
222 ,12.432 ,-7.56293  ,12.8234,-7.42982   ,13.1994,-7.16255 ,13.4773,-6.91405  ,13.7971,-6.60496  ,14.0372,-6.35205  ,14.3291,-6.006     ,14.5716,-5.69095  ,14.8287,-5.41687  ,15.1636,-5.18211    ,15.5432,-5.00234  ,15.8964,-4.89096  ,12.432 ,-7.56293  ,12.6591,-7.10687   ,13.0124,-6.75594  ,13.2951,-6.4739   ,13.6216,-6.13246  ,13.8611,-5.86157   ,14.1489,-5.51077   ,14.4164,-5.20788  ,14.7124,-4.97929   ,15.0551,-4.84157  ,15.4398,-4.77435  ,15.8964,-4.89096  ,15.5357,-5.27417  ,15.168 ,-5.58442  ,14.8624,-5.92819   ,14.6614,-6.2582   ,14.4316,-6.59819  ,14.1219,-6.94271   ,13.8701,-7.18027  ,13.5489,-7.4565   ,13.2755,-7.66128  ,12.8881,-7.80296  ,14.0841,6.26509   ,-0.791937  ,553,122503,54.837 ,13.7797,126.51 ,0
223 ,12.4617,-7.51419  ,12.8407,-7.33693   ,13.2023,-7.06848 ,13.5079,-6.78335  ,13.7531,-6.52734  ,14.0403,-6.20992  ,14.3281,-5.89657   ,14.6203,-5.60973  ,14.9225,-5.37522  ,15.2941,-5.19138    ,15.6706,-5.08343  ,16.0531,-4.97909  ,12.4617,-7.51419  ,12.6731,-7.03352   ,13.0146,-6.65988  ,13.3255,-6.33103  ,13.5701,-6.0624   ,13.8552,-5.74573   ,14.1481,-5.44162   ,14.4374,-5.18452  ,14.7264,-5.00875   ,15.1108,-4.90325  ,15.5376,-4.85612  ,16.0531,-4.97909  ,15.6987,-5.33789  ,15.3693,-5.5202   ,15.0158,-5.81045   ,14.7047,-6.1248   ,14.4118,-6.45369  ,14.13  ,-6.78039   ,13.8392,-7.09651  ,13.5901,-7.33489  ,13.2863,-7.56463  ,12.9087,-7.6988   ,14.1306,6.18952   ,-0.734842  ,558,123241,55.0954,13.1291,126.51 ,0
224 ,12.7006,-7.65849  ,13.05  ,-7.45219   ,13.3921,-7.1752  ,13.673 ,-6.88362  ,13.9349,-6.57373  ,14.17  ,-6.27846  ,14.4682,-5.97258   ,14.8002,-5.71271  ,15.1462,-5.51727  ,15.5327,-5.36414    ,15.8921,-5.2565   ,16.2498,-5.13807  ,12.7006,-7.65849  ,12.8458,-7.16822   ,13.1603,-6.8326   ,13.4223,-6.52355  ,13.6613,-6.20809  ,13.871 ,-5.918     ,14.1683,-5.62683   ,14.5187,-5.37095  ,14.8758,-5.19499   ,15.2935,-5.08568  ,15.7073,-5.03029  ,16.2498,-5.13807  ,15.9591,-5.51769  ,15.6547,-5.68228  ,15.3147,-5.88816   ,14.9851,-6.12186  ,14.6775,-6.40096  ,14.391 ,-6.7331    ,14.1254,-7.04244  ,13.8324,-7.34498  ,13.5275,-7.60781  ,13.1587,-7.79751  ,14.3307,6.28343   ,-0.705295  ,563,123926,54.583 ,11.8574,126.024,0
225 ,12.9403,-7.74438  ,13.2371,-7.46041   ,13.4996,-7.17949 ,13.76  ,-6.88051  ,14.022 ,-6.578    ,14.3   ,-6.28021  ,14.6064,-5.99322   ,14.9184,-5.74322  ,15.2194,-5.56486  ,15.617 ,-5.4099     ,15.9756,-5.29586  ,16.3319,-5.17969  ,12.9403,-7.74438  ,13.0253,-7.21034   ,13.285 ,-6.82929  ,13.549 ,-6.48328  ,13.7857,-6.17799  ,14.0256,-5.90525   ,14.3047,-5.65468   ,14.6086,-5.4309   ,14.9154,-5.26951   ,15.3473,-5.13407  ,15.7691,-5.05068  ,16.3319,-5.17969  ,16.0806,-5.57191  ,15.7856,-5.72052  ,15.4244,-5.90914   ,15.1255,-6.13014  ,14.8035,-6.42473  ,14.4776,-6.75303   ,14.1695,-7.07885  ,13.8848,-7.378    ,13.6266,-7.6276   ,13.363 ,-7.7947   ,14.4379,6.30227   ,-0.699161  ,549,121438,53.3327,12.0093,125.439,0
226 ,12.884 ,-7.59584  ,13.2295,-7.38706   ,13.5556,-7.12382 ,13.8242,-6.85018  ,14.0946,-6.55404  ,14.3817,-6.25088  ,14.6721,-5.96789   ,14.945 ,-5.73687  ,15.2873,-5.52577  ,15.6758,-5.40827    ,16.0623,-5.35822  ,16.4335,-5.36617  ,12.884 ,-7.59584  ,13.0487,-7.12666   ,13.3377,-6.79527  ,13.5784,-6.50847  ,13.8232,-6.21336  ,14.1011,-5.90999   ,14.3961,-5.62646   ,14.6745,-5.40265  ,15.0203,-5.20839   ,15.4551,-5.10819  ,15.9377,-5.10246  ,16.4335,-5.36617  ,16.0782,-5.62256  ,15.7922,-5.72908  ,15.4666,-5.88519   ,15.1279,-6.13909  ,14.8529,-6.39784  ,14.5647,-6.69184   ,14.2738,-6.99543  ,13.9813,-7.28702  ,13.6819,-7.53665  ,13.318 ,-7.7083   ,14.5353,6.24554   ,-0.681157  ,544,120763,53.4991,11.1475,125.439,0
227 ,12.9876,-7.58863  ,13.336 ,-7.33988   ,13.6457,-7.04676 ,13.9117,-6.75436  ,14.189 ,-6.44695  ,14.4789,-6.14775  ,14.7647,-5.88947   ,15.0767,-5.65779  ,15.4837,-5.4769   ,15.8585,-5.42503    ,16.2467,-5.45356  ,16.6422,-5.53256  ,12.9876,-7.58863  ,13.1675,-7.0341    ,13.4683,-6.66453  ,13.7151,-6.35463  ,13.9787,-6.04158  ,14.2688,-5.74076   ,14.5614,-5.49551   ,14.8843,-5.2926   ,15.3409,-5.12735   ,15.7792,-5.07837  ,16.2122,-5.1438   ,16.6422,-5.53256  ,16.1757,-5.74813  ,15.8241,-5.77533  ,15.5289,-5.8535    ,15.1822,-6.07964  ,14.875 ,-6.36181  ,14.5915,-6.65072   ,14.305 ,-6.95502  ,14.0182,-7.25478  ,13.735 ,-7.52063  ,13.4168,-7.71476  ,14.6411,6.20369   ,-0.637888  ,546,121622,54.9228,11.8962,126.267,0
228 ,13.121 ,-7.46605  ,13.4756,-7.1906    ,13.7803,-6.89895 ,14.0441,-6.61164  ,14.3197,-6.31272  ,14.6037,-6.02793  ,14.9204,-5.75624   ,15.3052,-5.53241  ,15.7142,-5.43098  ,16.0835,-5.40718    ,16.511 ,-5.41637  ,16.9058,-5.45978  ,13.121 ,-7.46605  ,13.2863,-6.91591   ,13.5582,-6.55945  ,13.7977,-6.25437  ,14.0659,-5.94564  ,14.3588,-5.65494   ,14.6926,-5.39257   ,15.1075,-5.1911   ,15.5642,-5.09006   ,15.9736,-5.07999  ,16.4329,-5.14242  ,16.9058,-5.45978  ,16.4728,-5.68445  ,16.0672,-5.73728  ,15.7486,-5.78745   ,15.4142,-5.91085  ,15.0612,-6.18686  ,14.7543,-6.49104   ,14.4797,-6.77912  ,14.2009,-7.06755  ,13.9161,-7.32885  ,13.5779,-7.53694  ,14.7989,6.10715   ,-0.584305  ,551,122433,55.8516,11.4125,126.953,0
229 ,13.2372,-7.29936  ,13.5913,-7.03983   ,13.8778,-6.7779  ,14.1668,-6.47627  ,14.4622,-6.16795  ,14.7106,-5.92939  ,15.048 ,-5.66114   ,15.3776,-5.48875  ,15.7939,-5.3712   ,16.2074,-5.31566    ,16.577 ,-5.31066  ,16.9546,-5.34962  ,13.2372,-7.29936  ,13.3805,-6.77463   ,13.6283,-6.4504   ,13.8977,-6.12932  ,14.1901,-5.81334  ,14.447 ,-5.57089   ,14.8021,-5.30369   ,15.1587,-5.14241  ,15.6324,-5.03863   ,16.0994,-5.00415  ,16.512 ,-5.05439  ,16.9546,-5.34962  ,16.5204,-5.56464  ,16.1934,-5.63535  ,15.8444,-5.72626   ,15.5009,-5.87459  ,15.1995,-6.08341  ,14.8755,-6.37841   ,14.6348,-6.62362  ,14.3392,-6.92628  ,14.0313,-7.20025  ,13.7091,-7.37932  ,14.8844,6.01479   ,-0.573113  ,542,120843,54.2405,11.3357,125.539,0
230 ,13.2725,-7.04202  ,13.6257,-6.86598   ,13.9969,-6.60427 ,14.2623,-6.37403  ,14.5753,-6.09188  ,14.8722,-5.84217  ,15.1892,-5.62599   ,15.5618,-5.47899  ,15.9681,-5.39664  ,16.3619,-5.35797    ,16.7455,-5.33945  ,17.098 ,-5.33186  ,13.2725,-7.04202  ,13.4487,-6.60938   ,13.7851,-6.22919  ,14.0389,-5.96508  ,14.3259,-5.68952  ,14.5945,-5.47397   ,14.8974,-5.2828    ,15.2972,-5.14433  ,15.7632,-5.08069   ,16.2177,-5.0693   ,16.6549,-5.10034  ,17.098 ,-5.33186  ,16.7146,-5.58283  ,16.3732,-5.65627  ,16.0474,-5.73052   ,15.7251,-5.84293  ,15.393 ,-6.01926  ,15.0542,-6.28671   ,14.7218,-6.58551  ,14.3799,-6.87799  ,14.102 ,-7.06499  ,13.7006,-7.18074  ,14.9965,5.95407   ,-0.506156  ,528,119037,53.2655,12.0136,123.054,0
231 ,13.3282,-6.85174  ,13.7374,-6.71336   ,14.0967,-6.53247 ,14.3914,-6.30616  ,14.6921,-6.04571  ,15.0023,-5.78876  ,15.3059,-5.59342   ,15.6644,-5.45559  ,16.0487,-5.38022  ,16.4633,-5.35149    ,16.8591,-5.34918  ,17.1906,-5.42348  ,13.3282,-6.85174  ,13.5944,-6.39344   ,13.9334,-6.14836  ,14.2461,-5.86222  ,14.5542,-5.57383  ,14.8617,-5.32311   ,15.1651,-5.16106   ,15.5605,-5.05675  ,16.0104,-5.00588   ,16.4855,-5.0278   ,16.9051,-5.09388  ,17.1906,-5.42348  ,16.7091,-5.60279  ,16.3216,-5.67921  ,15.9725,-5.77029   ,15.6636,-5.88427  ,15.3459,-6.07992  ,15.0403,-6.33383   ,14.7272,-6.60716  ,14.4392,-6.83138  ,14.1593,-6.98172  ,13.7787,-7.06706  ,15.0999,5.90606   ,-0.487383  ,530,118624,52.736 ,12.8494,126.468,0
232 ,13.3398,-6.8054   ,13.7536,-6.6662    ,14.0756,-6.51423 ,14.4454,-6.27744  ,14.7346,-6.04701  ,15.0419,-5.78702  ,15.3604,-5.55583   ,15.696 ,-5.41686  ,16.0808,-5.3538   ,16.4975,-5.32484    ,16.8939,-5.3096   ,17.2476,-5.29329  ,13.3398,-6.8054   ,13.583 ,-6.31912   ,13.8963,-6.1426   ,14.2853,-5.86952  ,14.5622,-5.61981  ,14.8375,-5.37166   ,15.1404,-5.16084   ,15.4912,-5.04168  ,15.9232,-5.00085   ,16.3927,-5.00468  ,16.8172,-5.0446   ,17.2476,-5.29329  ,16.8454,-5.5796   ,16.4635,-5.65131  ,16.1026,-5.72216   ,15.7825,-5.82529  ,15.4743,-6.01663  ,15.1405,-6.29008   ,14.8109,-6.55599  ,14.5041,-6.756    ,14.1465,-6.94617  ,13.821 ,-7.04871  ,15.1425,5.87794   ,-0.46915   ,539,118842,53.0086,11.8795,126.468,0
233 ,13.2816,-6.763    ,13.6981,-6.60634   ,14.0496,-6.42113 ,14.3549,-6.20522  ,14.6818,-5.94588  ,15.0137,-5.67215  ,15.3394,-5.44909   ,15.6861,-5.32526  ,16.1474,-5.27181  ,16.4989,-5.26339    ,16.9044,-5.26273  ,17.296 ,-5.24501  ,13.2816,-6.763    ,13.5115,-6.28551   ,13.8438,-6.07403  ,14.1722,-5.82236  ,14.5197,-5.52288  ,14.8598,-5.23276   ,15.1842,-5.02511   ,15.5598,-4.9317   ,16.0709,-4.91341   ,16.443 ,-4.94138  ,16.8471,-5.01094  ,17.296 ,-5.24501  ,16.8325,-5.51599  ,16.4147,-5.58632  ,16.0842,-5.63816   ,15.6906,-5.74739  ,15.3854,-5.93439  ,15.0582,-6.19964   ,14.733 ,-6.46051  ,14.4325,-6.66532  ,14.1571,-6.83258  ,13.7837,-6.96591  ,15.1154,5.7923    ,-0.460391  ,541,120075,54.4954,12.1054,126.468,0
234 ,13.2554,-6.71087  ,13.686 ,-6.56434   ,13.9894,-6.3764  ,14.3272,-6.09518  ,14.6328,-5.85334  ,14.9445,-5.6207   ,15.3194,-5.40954   ,15.6783,-5.28936  ,16.1465,-5.24545  ,16.4929,-5.26052    ,16.906 ,-5.28206  ,17.2963,-5.2847   ,13.2554,-6.71087  ,13.5677,-6.2006    ,13.8949,-5.92971  ,14.3051,-5.59504  ,14.6484,-5.3119   ,14.971 ,-5.06555   ,15.3654,-4.88717   ,15.7657,-4.83525  ,16.2528,-4.87219   ,16.5548,-4.95138  ,16.8837,-5.05912  ,17.2963,-5.2847   ,16.7932,-5.50063  ,16.2923,-5.56078  ,15.9028,-5.61945   ,15.4644,-5.77398  ,15.161 ,-5.98318  ,14.8146,-6.2485    ,14.5132,-6.47587  ,14.2518,-6.67691  ,13.9844,-6.89581  ,13.7038,-6.97231  ,15.1074,5.73062   ,-0.438593  ,542,121291,54.7379,14.6344,128.125,0
235 ,13.4522,-6.99343  ,13.7682,-6.72015   ,14.0857,-6.44607 ,14.4178,-6.15544  ,14.7329,-5.89028  ,15.0183,-5.67643  ,15.3786,-5.4841    ,15.7815,-5.3717   ,16.1704,-5.3251   ,16.6341,-5.33605    ,17.0388,-5.3722   ,17.3891,-5.42237  ,13.4522,-6.99343  ,13.5748,-6.50696   ,13.874 ,-6.1308   ,14.2248,-5.76743  ,14.5703,-5.45702  ,14.882 ,-5.2289    ,15.2765,-5.04742   ,15.734 ,-4.9526   ,16.1648,-4.92343   ,16.6329,-4.99194  ,17.0144,-5.11568  ,17.3891,-5.42237  ,16.9499,-5.61774  ,16.5191,-5.67192  ,16.0607,-5.73286   ,15.7219,-5.81149  ,15.3885,-5.95939  ,15.0632,-6.18665   ,14.7944,-6.4058   ,14.501 ,-6.63882  ,14.1874,-6.85765  ,13.8646,-7.01476  ,15.2234,5.80343   ,-0.433718  ,559,123014,55.1091,11.9564,126.468,0
236 ,13.6264,-7.08128  ,13.937 ,-6.75447   ,14.2094,-6.49457 ,14.5281,-6.20272  ,14.842 ,-5.94733  ,15.1875,-5.73917  ,15.5681,-5.59366   ,15.9349,-5.51411  ,16.3395,-5.45777  ,16.7534,-5.41563    ,17.151 ,-5.39254  ,17.5331,-5.39189  ,13.6264,-7.08128  ,13.6696,-6.5372    ,13.9254,-6.23139  ,14.2506,-5.9117   ,14.5435,-5.64069  ,14.8686,-5.41048   ,15.2465,-5.23726   ,15.6288,-5.14623  ,16.0729,-5.09799   ,16.5567,-5.0713   ,17.0291,-5.10664  ,17.5331,-5.39189  ,17.1457,-5.68408  ,16.8128,-5.77114  ,16.4672,-5.84042   ,16.1122,-5.90386  ,15.7761,-5.98384  ,15.4034,-6.1206    ,15.0481,-6.32167  ,14.7155,-6.57288  ,14.402 ,-6.84505  ,14.1174,-7.0548   ,15.3822,5.88514   ,-0.416286  ,558,123264,54.6786,11.226 ,128.811,0
237 ,13.6931,-6.95428  ,14.0195,-6.68356   ,14.3646,-6.38994 ,14.6534,-6.14595  ,14.9689,-5.89974  ,15.3453,-5.6981   ,15.7145,-5.59762   ,16.1372,-5.52606  ,16.565 ,-5.46655  ,16.9314,-5.41089    ,17.3592,-5.3453   ,17.7222,-5.28784  ,13.6931,-6.95428  ,13.7829,-6.49926   ,14.0841,-6.13195  ,14.3777,-5.84597  ,14.7184,-5.5654   ,15.1115,-5.3364    ,15.4613,-5.22349   ,15.8664,-5.14576  ,16.285 ,-5.0979    ,16.6832,-5.07541  ,17.1991,-5.07726  ,17.7222,-5.28784  ,17.4   ,-5.63105  ,17.0571,-5.76616  ,16.7224,-5.85139   ,16.284 ,-5.92408  ,15.8545,-5.99628  ,15.4836,-6.09644   ,15.1202,-6.30547  ,14.8163,-6.54011  ,14.5276,-6.74836  ,14.149 ,-6.9574   ,15.5409,5.85304   ,-0.385806  ,564,123859,55.172 ,10.8327,127.64 ,0
238 ,13.8946,-6.85222  ,14.2032,-6.56046   ,14.4914,-6.29482 ,14.7847,-6.04205  ,15.1486,-5.79047  ,15.515 ,-5.64519  ,15.8837,-5.5581    ,16.3056,-5.48963  ,16.7045,-5.43555  ,17.1049,-5.39642    ,17.4887,-5.36968  ,17.8553,-5.36284  ,13.8946,-6.85222  ,13.953 ,-6.38026   ,14.1873,-6.05489  ,14.4741,-5.76382  ,14.854 ,-5.47159  ,15.2013,-5.2968    ,15.5378,-5.19296   ,15.9665,-5.12267  ,16.4239,-5.07973   ,16.9093,-5.07418  ,17.3821,-5.10882  ,17.8553,-5.36284  ,17.4729,-5.63751  ,17.1678,-5.73014  ,16.8515,-5.8069    ,16.5188,-5.87419  ,16.1173,-5.94558  ,15.732 ,-6.0226    ,15.3549,-6.15888  ,14.9993,-6.39906  ,14.697 ,-6.62375  ,14.3635,-6.82565  ,15.6737,5.79264   ,-0.357976  ,558,124130,54.0219,11.6494,126.569,0
239 ,13.9478,-6.69353  ,14.3065,-6.45148   ,14.6318,-6.17403 ,14.9548,-5.91713  ,15.3503,-5.70414  ,15.7596,-5.58778  ,16.1655,-5.51709   ,16.6059,-5.46052  ,16.9875,-5.42622  ,17.4449,-5.40411    ,17.8665,-5.39311  ,18.2211,-5.38079  ,13.9478,-6.69353  ,14.0951,-6.18182   ,14.4001,-5.8455   ,14.7083,-5.5895   ,15.0989,-5.35738  ,15.4956,-5.21678   ,15.9047,-5.13775   ,16.3839,-5.08885  ,16.8229,-5.07631   ,17.3423,-5.09642  ,17.7977,-5.15619  ,18.2211,-5.38079  ,17.8034,-5.63339  ,17.3977,-5.71656  ,16.9986,-5.78779   ,16.6776,-5.84901  ,16.285 ,-5.91744  ,15.8978,-5.98651   ,15.4962,-6.0937   ,15.1079,-6.31043  ,14.7715,-6.58224  ,14.421 ,-6.79444  ,15.8607,5.74566   ,-0.295879  ,557,125379,56.7055,10.651 ,132.326,0
240 ,14.0399,-6.57496  ,14.4316,-6.33539   ,14.7362,-6.10601 ,15.0796,-5.84022  ,15.467 ,-5.63669  ,15.8468,-5.54677  ,16.2634,-5.48304   ,16.6948,-5.42706  ,17.1359,-5.37269  ,17.5302,-5.34415    ,17.9152,-5.33055  ,18.3235,-5.33741  ,14.0399,-6.57496  ,14.2196,-6.0951    ,14.5119,-5.78313  ,14.8766,-5.46611  ,15.2743,-5.23282  ,15.64  ,-5.13728   ,16.0453,-5.07891   ,16.4898,-5.04175  ,16.9784,-5.0212    ,17.4278,-5.03475  ,17.8646,-5.07688  ,18.3235,-5.33741  ,17.8429,-5.58684  ,17.5001,-5.66088  ,17.165 ,-5.73652   ,16.7763,-5.82766  ,16.3598,-5.90435  ,15.9395,-5.97692   ,15.5587,-6.07657  ,15.1868,-6.28371  ,14.8595,-6.50876  ,14.5432,-6.6439   ,15.9925,5.67135   ,-0.27218   ,551,124849,56.3576,10.9332,127.74 ,0
241 ,14.1922,-6.36866  ,14.572 ,-6.17574   ,14.9239,-5.95239 ,15.2509,-5.73749  ,15.584 ,-5.57784  ,15.9778,-5.48059  ,16.3794,-5.42328   ,16.752 ,-5.37275  ,17.1314,-5.33139  ,17.5741,-5.29408    ,17.9332,-5.26973  ,18.3145,-5.23994  ,14.1922,-6.36866  ,14.3385,-5.93361   ,14.6416,-5.62974  ,14.9776,-5.36514  ,15.3062,-5.17992  ,15.6679,-5.0761    ,16.0649,-5.0277    ,16.4773,-4.99032  ,16.9204,-4.97413   ,17.4463,-4.97852  ,17.864 ,-5.01085  ,18.3145,-5.23994  ,17.888 ,-5.53615  ,17.5768,-5.61891  ,17.2153,-5.70134   ,16.9023,-5.76992  ,16.5747,-5.83387  ,16.1806,-5.90443   ,15.7736,-6.00795  ,15.4441,-6.15887  ,15.1206,-6.33263  ,14.7173,-6.46818  ,16.095 ,5.58766   ,-0.259088  ,552,122967,53.4888,11.9476,122.669,0
242 ,14.2685,-6.18604  ,14.6533,-6.05768   ,14.993 ,-5.86277 ,15.3187,-5.62911  ,15.6845,-5.44827  ,16.0322,-5.37224  ,16.4398,-5.32573   ,16.8014,-5.29515  ,17.2324,-5.26221  ,17.5717,-5.23558    ,17.9852,-5.19187  ,18.3296,-5.12167  ,14.2685,-6.18604  ,14.4563,-5.74317   ,14.7513,-5.50683  ,15.0547,-5.25677  ,15.3978,-5.04834  ,15.7286,-4.96207   ,16.1496,-4.9233    ,16.5504,-4.90838  ,17.0477,-4.90504   ,17.4422,-4.90968  ,17.9042,-4.91947  ,18.3296,-5.12167  ,17.9592,-5.47885  ,17.57  ,-5.57221  ,17.2759,-5.63002   ,16.9067,-5.69348  ,16.5887,-5.74229  ,16.2098,-5.80223   ,15.8694,-5.88271  ,15.4994,-6.05805  ,15.1542,-6.2742   ,14.7601,-6.4109   ,16.1353,5.49652   ,-0.246877  ,552,122338,52.4886,11.8742,123.497,0
243 ,14.2649,-6.06876  ,14.6563,-6.00666   ,15.0185,-5.83865 ,15.3717,-5.62286  ,15.6754,-5.45142  ,16.0381,-5.32642  ,16.4309,-5.26896   ,16.8622,-5.2342   ,17.2225,-5.21432  ,17.6348,-5.19672    ,18.0025,-5.18058  ,18.3499,-5.16611  ,14.2649,-6.06876  ,14.5444,-5.64106   ,14.8846,-5.43135  ,15.2234,-5.20012  ,15.5077,-5.01353  ,15.8441,-4.89498   ,16.2241,-4.84569   ,16.6708,-4.82256  ,17.0615,-4.82228   ,17.5178,-4.84252  ,17.9311,-4.88864  ,18.3499,-5.16611  ,17.9603,-5.47805  ,17.619 ,-5.55613  ,17.2409,-5.61335   ,16.9084,-5.6555   ,16.4984,-5.70795  ,16.1152,-5.78473   ,15.7537,-5.93483  ,15.4334,-6.09851  ,15.0625,-6.29642  ,14.6769,-6.39939  ,16.1834,5.457     ,-0.252707  ,558,122806,52.305 ,11.6951,122.912,0
244 ,14.2886,-6.13659  ,14.6776,-6.01165   ,15.0408,-5.84669 ,15.4218,-5.64121  ,15.7373,-5.47262  ,16.1   ,-5.33286  ,16.5114,-5.2646    ,16.9087,-5.23673  ,17.3173,-5.22431  ,17.7042,-5.21682    ,18.1209,-5.19682  ,18.4621,-5.1509   ,14.2886,-6.13659  ,14.5013,-5.67082   ,14.8351,-5.47028  ,15.2229,-5.2542   ,15.5406,-5.08018  ,15.8825,-4.9242    ,16.2932,-4.84929   ,16.71  ,-4.82817  ,17.1464,-4.83544   ,17.5602,-4.86488  ,18.0095,-4.9245   ,18.4621,-5.1509   ,18.1026,-5.47972  ,17.6984,-5.57196  ,17.3266,-5.61674   ,16.9443,-5.6534   ,16.5816,-5.69752  ,16.1989,-5.77344   ,15.8433,-5.91213  ,15.529 ,-6.07788  ,15.1458,-6.27363  ,14.7496,-6.39338  ,16.2313,5.4711    ,-0.243925  ,563,124527,53.4872,11.1147,125.74 ,0
245 ,14.3153,-6.24277  ,14.697 ,-6.04545   ,15.0556,-5.8613  ,15.3853,-5.67342  ,15.7495,-5.4846   ,16.1207,-5.3706   ,16.5027,-5.30728   ,16.8548,-5.27398  ,17.2952,-5.25704  ,17.6451,-5.25298    ,18.0889,-5.24457  ,18.4261,-5.23912  ,14.3153,-6.24277  ,14.5179,-5.74325   ,14.845 ,-5.49577  ,15.1815,-5.29867  ,15.5643,-5.08889  ,15.9279,-4.95271   ,16.2995,-4.87461   ,16.6531,-4.83863  ,17.1166,-4.83992   ,17.4914,-4.87011  ,17.9831,-4.94623  ,18.4261,-5.23912  ,18.0766,-5.54712  ,17.6625,-5.63672  ,17.3289,-5.67744   ,16.9104,-5.71897  ,16.5704,-5.75704  ,16.1982,-5.81571   ,15.8394,-5.92076  ,15.4988,-6.10089  ,15.1661,-6.28039  ,14.7742,-6.39877  ,16.2644,5.49644   ,-0.241131  ,568,124882,53.0472,11.321 ,124.912,0
246 ,14.461 ,-6.30701  ,14.8314,-6.11405   ,15.1937,-5.91048 ,15.5254,-5.71735  ,15.875 ,-5.5568   ,16.2906,-5.44776  ,16.627 ,-5.39377   ,17.0508,-5.35069  ,17.4112,-5.33027  ,17.833 ,-5.308      ,18.2128,-5.27127  ,18.5767,-5.2219   ,14.461 ,-6.30701  ,14.6301,-5.80647   ,14.9689,-5.54652  ,15.3178,-5.34686  ,15.6668,-5.16186  ,16.0493,-5.02621   ,16.3649,-4.96059   ,16.7883,-4.92417  ,17.1718,-4.9304    ,17.6423,-4.95918  ,18.0832,-4.99531  ,18.5767,-5.2219   ,18.2235,-5.56251  ,17.8874,-5.66557  ,17.5069,-5.73703   ,17.1693,-5.78818  ,16.751 ,-5.84593  ,16.4046,-5.89536   ,15.9761,-5.99059  ,15.6393,-6.1407   ,15.3192,-6.33273  ,14.9269,-6.4774   ,16.3684,5.57489   ,-0.243278  ,572,126999,53.1225,11.8459,126.326,0
247 ,14.4442,-6.34341  ,14.8556,-6.12986   ,15.1843,-5.94417 ,15.5753,-5.70922  ,15.9368,-5.56435  ,16.3606,-5.46088  ,16.7595,-5.3982    ,17.1877,-5.35338  ,17.5748,-5.3053   ,18.0076,-5.24935    ,18.4123,-5.16856  ,18.7847,-5.09593  ,14.4442,-6.34341  ,14.6503,-5.84313   ,14.9637,-5.60056  ,15.3852,-5.34029  ,15.7551,-5.16386  ,16.1715,-5.03183   ,16.5688,-4.952     ,16.9935,-4.92848  ,17.3772,-4.92328   ,17.8038,-4.92949  ,18.2605,-4.92174  ,18.7847,-5.09593  ,18.4481,-5.44304  ,18.1001,-5.58733  ,17.6653,-5.70025   ,17.2655,-5.79041  ,16.8172,-5.86135  ,16.4218,-5.9167    ,16.0069,-5.9988   ,15.67  ,-6.13077  ,15.2993,-6.35118  ,14.9502,-6.47301  ,16.4843,5.55807   ,-0.253769  ,584,128439,56.1573,11.5613,133.397,0
248 ,14.6144,-6.40742  ,14.9496,-6.14438   ,15.2954,-5.88733 ,15.6408,-5.68415  ,16.034 ,-5.55064  ,16.4154,-5.47121  ,16.8105,-5.40341   ,17.2339,-5.33457  ,17.6359,-5.28459  ,18.0841,-5.23665    ,18.4477,-5.19742  ,18.8286,-5.16782  ,14.6144,-6.40742  ,14.699 ,-5.89448   ,15.0272,-5.58462  ,15.3865,-5.35526  ,15.7559,-5.18353  ,16.1011,-5.07859   ,16.4691,-4.99589   ,16.8564,-4.92784  ,17.2825,-4.91004   ,17.8292,-4.90044  ,18.3018,-4.92023  ,18.8286,-5.16782  ,18.453 ,-5.49003  ,18.1889,-5.58871  ,17.8468,-5.67632   ,17.4881,-5.75725  ,17.0224,-5.83313  ,16.5981,-5.88765   ,16.1917,-5.94853  ,15.7937,-6.06219  ,15.4644,-6.26024  ,15.1059,-6.46568  ,16.6099,5.53026   ,-0.248448  ,583,128900,55.1652,12.7864,129.74 ,0
249 ,14.7658,-6.29158  ,15.1427,-6.01942   ,15.4517,-5.80464 ,15.8205,-5.61852  ,16.2398,-5.50533  ,16.6489,-5.43512  ,17.008 ,-5.38204   ,17.441 ,-5.31765  ,17.8635,-5.25273  ,18.257 ,-5.18621    ,18.6135,-5.11325  ,18.9896,-4.97755  ,14.7658,-6.29158  ,14.8981,-5.75552   ,15.196 ,-5.49561  ,15.5543,-5.27699  ,15.9133,-5.12984  ,16.2826,-5.04136   ,16.6371,-4.98393   ,17.1005,-4.92678  ,17.5808,-4.88045   ,18.0358,-4.84533  ,18.4453,-4.83567  ,18.9896,-4.97755  ,18.669 ,-5.41868  ,18.3514,-5.54896  ,18.0078,-5.64621   ,17.6384,-5.73057  ,17.234 ,-5.80103  ,16.8744,-5.85067   ,16.4384,-5.90793  ,15.977 ,-6.00194  ,15.6044,-6.18156  ,15.2863,-6.35571  ,16.7618,5.49021   ,-0.235113  ,581,127967,55.1486,12.4108,130.569,0
250 ,14.9188,-6.09658  ,15.2763,-5.88503   ,15.6007,-5.66299 ,16.0075,-5.489    ,16.3641,-5.41236  ,16.8164,-5.34144  ,17.2122,-5.28282   ,17.5993,-5.21796  ,17.9647,-5.13889  ,18.3729,-5.02948    ,18.7603,-4.87553  ,19.0475,-4.67023  ,14.9188,-6.09658  ,15.0541,-5.60347   ,15.3483,-5.32862  ,15.7142,-5.12359  ,16.013 ,-5.02806  ,16.4064,-4.94377   ,16.7875,-4.88692   ,17.1934,-4.83616  ,17.6121,-4.78647   ,18.1052,-4.72309  ,18.566 ,-4.64939  ,19.0475,-4.67023  ,18.8518,-5.15484  ,18.5244,-5.36964  ,18.1992,-5.52012   ,17.8784,-5.62276  ,17.5054,-5.69865  ,17.095 ,-5.7588    ,16.5913,-5.81918  ,16.1902,-5.88628  ,15.7595,-6.05642  ,15.4071,-6.22847  ,16.9071,5.36279   ,-0.239697  ,581,127542,54.4158,13.2904,127.74 ,0
251 ,15.0697,-5.93676  ,15.4586,-5.7506    ,15.7888,-5.558   ,16.1864,-5.39868  ,16.5807,-5.31911  ,16.9991,-5.25536  ,17.3644,-5.20025   ,17.7864,-5.12721  ,18.1884,-5.03802  ,18.5752,-4.94188    ,18.9542,-4.84328  ,19.3256,-4.7093   ,15.0697,-5.93676  ,15.2527,-5.47919   ,15.5434,-5.20461  ,15.9034,-5.00002  ,16.2445,-4.9069   ,16.6208,-4.8427    ,16.9769,-4.79565   ,17.4299,-4.74588  ,17.9095,-4.70121   ,18.3838,-4.6559   ,18.8267,-4.61874  ,19.3256,-4.7093   ,18.9771,-5.09736  ,18.6564,-5.25499  ,18.3553,-5.40205   ,18.0239,-5.53101  ,17.6301,-5.62375  ,17.2563,-5.68604   ,16.8006,-5.75106  ,16.3631,-5.82687  ,15.9409,-5.96372  ,15.5686,-6.07551  ,17.0523,5.28088   ,-0.227171  ,574,126189,54.7583,12.951 ,126.669,0
252 ,15.1891,-5.91113  ,15.5753,-5.71322   ,15.9085,-5.48236 ,16.2595,-5.32235  ,16.6243,-5.24701  ,17.0285,-5.18852  ,17.4476,-5.13361   ,17.8567,-5.07356  ,18.2308,-5.00168  ,18.6102,-4.91046    ,18.9712,-4.80411  ,19.3413,-4.68814  ,15.1891,-5.91113  ,15.3824,-5.4177    ,15.7278,-5.09962  ,16.0712,-4.90467  ,16.3944,-4.81759  ,16.7769,-4.75656   ,17.2066,-4.70695   ,17.6489,-4.66072  ,18.072 ,-4.62358   ,18.4753,-4.6001   ,18.851 ,-4.54817  ,19.3413,-4.68814  ,18.99  ,-5.09155  ,18.6411,-5.24766  ,18.2716,-5.40561   ,17.9318,-5.50784  ,17.5491,-5.57897  ,17.1421,-5.63906   ,16.7252,-5.69755  ,16.3388,-5.77382  ,15.9952,-5.92638  ,15.6723,-6.07109  ,17.1508,5.21131   ,-0.229631  ,565,123583,53.7219,11.7132,125.74 ,0
253 ,19.3734,-4.6761   ,18.9924,-4.79196   ,18.6114,-4.90781 ,18.2222,-4.99206  ,17.833 ,-5.0763   ,17.4386,-5.13105  ,17.0441,-5.1858    ,16.6518,-5.25407  ,16.2595,-5.32235  ,15.9106,-5.51428    ,15.5617,-5.70621  ,15.2128,-5.89813  ,19.3734,-4.6761   ,19.1885,-4.59582   ,18.5191,-4.55318  ,18.5179,-4.69635  ,17.7545,-4.63414  ,17.7683,-4.80129   ,16.9702,-4.717     ,16.9893,-4.91658  ,16.1023,-4.87456   ,15.6877,-5.10916  ,15.8642,-5.40373  ,15.2128,-5.89813  ,15.2592,-6.00869  ,16.1334,-5.9194   ,16.4167,-5.77014   ,16.3143,-5.59156  ,17.118 ,-5.6546   ,17.1088,-5.46081   ,17.9115,-5.51847  ,17.9265,-5.28777  ,18.7037,-5.26243  ,18.7962,-4.9881   ,17.4386,-14.3447  ,           ,   ,      ,       ,       ,       ,2
254 ,19.4466,-4.64252  ,19.054 ,-4.65564   ,18.6613,-4.66876 ,18.2773,-4.75188  ,17.8934,-4.835    ,17.5043,-4.889    ,17.1151,-4.94302   ,16.7281,-5.01037  ,16.341 ,-5.07774  ,15.9968,-5.26709    ,15.6526,-5.45644  ,15.3084,-5.64578  ,19.4466,-4.64252  ,18.8171,-4.65564   ,18.6228,-4.3583   ,18.2018,-4.40293  ,17.8265,-4.45748  ,17.7858,-4.60748   ,17.0524,-4.54273   ,16.7281,-4.60291  ,16.2068,-4.69544   ,15.8066,-4.92122  ,15.9108,-5.1982   ,15.3084,-5.64578  ,15.3943,-5.71468  ,16.1871,-5.61295  ,16.4752,-5.46003   ,16.7281,-5.41784  ,17.1779,-5.34331  ,17.2227,-5.17053   ,17.9602,-5.21252  ,18.3529,-5.10083  ,18.6998,-4.97922  ,19.2908,-4.65564  ,17.5043,-14.1027  ,           ,   ,      ,       ,       ,       ,2
255 ,19.5281,-4.64252  ,19.1355,-4.65564   ,18.7428,-4.66876 ,18.3589,-4.75188  ,17.9749,-4.835    ,17.5858,-4.889    ,17.1967,-4.94302   ,16.8096,-5.01037  ,16.4226,-5.07774  ,16.0783,-5.26709    ,15.7341,-5.45644  ,15.3899,-5.64578  ,19.5281,-4.64252  ,18.8987,-4.65564   ,18.7044,-4.3583   ,18.2833,-4.40293  ,17.9081,-4.45748  ,17.8673,-4.60748   ,17.1339,-4.54273   ,16.8096,-4.60291  ,16.2884,-4.69544   ,15.8881,-4.92122  ,15.9924,-5.1982   ,15.3899,-5.64578  ,15.4759,-5.71468  ,16.2686,-5.61295  ,16.5568,-5.46003   ,16.8096,-5.41784  ,17.2594,-5.34331  ,17.3043,-5.17053   ,18.0418,-5.21252  ,18.4344,-5.10083  ,18.7813,-4.97922  ,19.3723,-4.65564  ,17.5858,-14.1027  ,           ,   ,      ,       ,       ,       ,2
256 ,19.6097,-4.72406  ,19.217 ,-4.73718   ,18.8244,-4.7503  ,18.4404,-4.83342  ,18.0564,-4.91653  ,17.6673,-4.97054  ,17.2782,-5.02456   ,16.8911,-5.09191  ,16.5041,-5.15928  ,16.1599,-5.34863    ,15.8157,-5.53798  ,15.4714,-5.72732  ,19.6097,-4.72406  ,18.9802,-4.73718   ,18.7859,-4.43983  ,18.3649,-4.48446  ,17.9896,-4.53902  ,17.9489,-4.68901   ,17.2155,-4.62427   ,16.8911,-4.68444  ,16.3699,-4.77698   ,15.9696,-5.00276  ,16.0739,-5.27974  ,15.4714,-5.72732  ,15.5574,-5.79621  ,16.3501,-5.69449  ,16.6383,-5.54157   ,16.8911,-5.49938  ,17.3409,-5.42485  ,17.3858,-5.25207   ,18.1233,-5.29405  ,18.516 ,-5.18237  ,18.8629,-5.06076  ,19.4538,-4.73718  ,17.6673,-14.1842  ,           ,   ,      ,       ,       ,       ,2
257 ,19.6912,-4.72406  ,19.2986,-4.73718   ,18.9059,-4.7503  ,18.522 ,-4.83342  ,18.138 ,-4.91653  ,17.7489,-4.97054  ,17.3597,-5.02456   ,16.9727,-5.09191  ,16.5856,-5.15928  ,16.2414,-5.34863    ,15.8972,-5.53798  ,15.553 ,-5.72732  ,19.6912,-4.72406  ,19.0617,-4.73718   ,18.8674,-4.43983  ,18.4464,-4.48446  ,18.0711,-4.53902  ,18.0304,-4.68901   ,17.297 ,-4.62427   ,16.9727,-4.68444  ,16.4515,-4.77698   ,16.0512,-5.00276  ,16.1554,-5.27974  ,15.553 ,-5.72732  ,15.639 ,-5.79621  ,16.4317,-5.69449  ,16.7198,-5.54157   ,16.9727,-5.49938  ,17.4225,-5.42485  ,17.4673,-5.25207   ,18.2048,-5.29405  ,18.5975,-5.18237  ,18.9444,-5.06076  ,19.5354,-4.73718  ,17.7489,-14.1842  ,           ,   ,      ,       ,       ,       ,2
258 ,15.4787,-5.91676  ,15.8397,-5.68908   ,16.1984,-5.49066 ,16.5625,-5.32547  ,16.9473,-5.188    ,17.3749,-5.07666  ,17.7662,-4.99242   ,18.1864,-4.91838  ,18.5576,-4.86754  ,18.9798,-4.79799    ,19.3422,-4.68504  ,19.6888,-4.48477  ,15.4787,-5.91676  ,15.6086,-5.37922   ,15.9591,-5.16066  ,16.3082,-4.99058  ,16.6639,-4.82908  ,17.0623,-4.69664   ,17.443 ,-4.60215   ,17.8765,-4.52266  ,18.2926,-4.4796    ,18.7777,-4.44532  ,19.1715,-4.42472  ,19.6888,-4.48477  ,19.401 ,-4.99389  ,19.0488,-5.17767  ,18.6743,-5.2754    ,18.3507,-5.33646  ,17.9562,-5.41004  ,17.5611,-5.48643   ,17.115 ,-5.58228  ,16.7121,-5.70398  ,16.3341,-5.8739   ,15.9723,-6.05717  ,17.5179,5.11954   ,-0.265075  ,589,128061,55.1685,11.7385,131.983,0
259 ,15.5243,-5.85129  ,15.9042,-5.64616   ,16.2775,-5.45396 ,16.6618,-5.28403  ,17.0538,-5.15834  ,17.4503,-5.0636   ,17.8475,-4.97508   ,18.246 ,-4.89913  ,18.6449,-4.83264  ,19.0404,-4.7441     ,19.4215,-4.59702  ,19.761 ,-4.39448  ,15.5243,-5.85129  ,15.689 ,-5.38591   ,16.0365,-5.14284  ,16.4171,-4.94561  ,16.8058,-4.78677  ,17.2016,-4.67192   ,17.5997,-4.57458   ,18.001 ,-4.50763  ,18.4036,-4.46296   ,18.8069,-4.42903  ,19.2045,-4.36761  ,19.761 ,-4.39448  ,19.4906,-4.89151  ,19.1162,-5.09843  ,18.7267,-5.22871   ,18.3316,-5.32024  ,17.9359,-5.40558  ,17.5401,-5.49081   ,17.1444,-5.57644  ,16.751 ,-5.68179  ,16.3663,-5.84078  ,15.9791,-5.98527  ,17.581 ,5.09136   ,-0.272519  ,597,129969,55.4229,10.9938,135.397,0
260 ,19.8034,-4.38049  ,19.4337,-4.55981   ,19.0641,-4.73914 ,18.6609,-4.81782  ,18.2577,-4.89651  ,17.8554,-4.97967  ,17.4531,-5.06283   ,17.0574,-5.17343  ,16.6618,-5.28403  ,16.2941,-5.46737    ,15.9265,-5.65071  ,15.5588,-5.83406  ,19.8034,-4.38049  ,19.4337,-4.29946   ,18.9552,-4.41289  ,18.9385,-4.54026  ,18.1749,-4.48324  ,17.4177,-4.97967   ,17.348 ,-4.62995   ,16.9368,-4.742    ,16.5017,-4.86835   ,16.1005,-5.07901  ,15.6426,-5.3668   ,15.5588,-5.83406  ,16.2104,-5.93461  ,16.4878,-5.85572  ,16.8218,-5.69971   ,17.178 ,-5.60485  ,17.5581,-5.49571  ,18.2931,-4.97967   ,18.3405,-5.30978  ,18.3834,-5.09538  ,19.173 ,-5.06539  ,19.4337,-4.82016  ,17.8554,-14.1934  ,           ,   ,      ,       ,       ,       ,2
261 ,19.8849,-4.38049  ,19.5153,-4.55981   ,19.1457,-4.73914 ,18.7425,-4.81782  ,18.3392,-4.89651  ,17.9369,-4.97967  ,17.5346,-5.06283   ,17.139 ,-5.17343  ,16.7433,-5.28403  ,16.3757,-5.46737    ,16.008 ,-5.65071  ,15.6404,-5.83406  ,19.8849,-4.38049  ,19.5153,-4.29946   ,19.0368,-4.41289  ,19.02  ,-4.54026  ,18.2564,-4.48324  ,17.4992,-4.97967   ,17.4296,-4.62995   ,17.0184,-4.742    ,16.5832,-4.86835   ,16.182 ,-5.07901  ,15.7241,-5.3668   ,15.6404,-5.83406  ,16.2919,-5.93461  ,16.5693,-5.85572  ,16.9034,-5.69971   ,17.2596,-5.60485  ,17.6396,-5.49571  ,18.3746,-4.97967   ,18.4221,-5.30978  ,18.4649,-5.09538  ,19.2546,-5.06539  ,19.5153,-4.82016  ,17.9369,-14.1934  ,           ,   ,      ,       ,       ,       ,2
262 ,19.8849,-4.38049  ,19.5153,-4.55981   ,19.1457,-4.73914 ,18.7425,-4.81782  ,18.3392,-4.89651  ,17.9369,-4.97967  ,17.5346,-5.06283   ,17.139 ,-5.17343  ,16.7433,-5.28403  ,16.3757,-5.46737    ,16.008 ,-5.65071  ,15.6404,-5.83406  ,19.8849,-4.38049  ,19.5153,-4.29946   ,19.0368,-4.41289  ,19.02  ,-4.54026  ,18.2564,-4.48324  ,17.4992,-4.97967   ,17.4296,-4.62995   ,17.0184,-4.742    ,16.5832,-4.86835   ,16.182 ,-5.07901  ,15.7241,-5.3668   ,15.6404,-5.83406  ,16.2919,-5.93461  ,16.5693,-5.85572  ,16.9034,-5.69971   ,17.2596,-5.60485  ,17.6396,-5.49571  ,18.3746,-4.97967   ,18.4221,-5.30978  ,18.4649,-5.09538  ,19.2546,-5.06539  ,19.5153,-4.82016  ,17.9369,-14.1934  ,           ,   ,      ,       ,       ,       ,2
263 ,19.8849,-4.38049  ,19.5153,-4.55981   ,19.1457,-4.73914 ,18.7425,-4.81782  ,18.3392,-4.89651  ,17.9369,-4.97967  ,17.5346,-5.06283   ,17.139 ,-5.17343  ,16.7433,-5.28403  ,16.3757,-5.46737    ,16.008 ,-5.65071  ,15.6404,-5.83406  ,19.8849,-4.38049  ,19.5153,-4.29946   ,19.0368,-4.41289  ,19.02  ,-4.54026  ,18.2564,-4.48324  ,17.4992,-4.97967   ,17.4296,-4.62995   ,17.0184,-4.742    ,16.5832,-4.86835   ,16.182 ,-5.07901  ,15.7241,-5.3668   ,15.6404,-5.83406  ,16.2919,-5.93461  ,16.5693,-5.85572  ,16.9034,-5.69971   ,17.2596,-5.60485  ,17.6396,-5.49571  ,18.3746,-4.97967   ,18.4221,-5.30978  ,18.4649,-5.09538  ,19.2546,-5.06539  ,19.5153,-4.82016  ,17.9369,-14.1934  ,           ,   ,      ,       ,       ,       ,2
264 ,19.8849,-4.38049  ,19.5153,-4.55981   ,19.1457,-4.73914 ,18.7425,-4.81782  ,18.3392,-4.89651  ,17.9369,-4.97967  ,17.5346,-5.06283   ,17.139 ,-5.17343  ,16.7433,-5.28403  ,16.3757,-5.46737    ,16.008 ,-5.65071  ,15.6404,-5.83406  ,19.8849,-4.38049  ,19.5153,-4.29946   ,19.0368,-4.41289  ,19.02  ,-4.54026  ,18.2564,-4.48324  ,17.4992,-4.97967   ,17.4296,-4.62995   ,17.0184,-4.742    ,16.5832,-4.86835   ,16.182 ,-5.07901  ,15.7241,-5.3668   ,15.6404,-5.83406  ,16.2919,-5.93461  ,16.5693,-5.85572  ,16.9034,-5.69971   ,17.2596,-5.60485  ,17.6396,-5.49571  ,18.3746,-4.97967   ,18.4221,-5.30978  ,18.4649,-5.09538  ,19.2546,-5.06539  ,19.5153,-4.82016  ,17.9369,-14.1934  ,           ,   ,      ,       ,       ,       ,2
265 ,19.8849,-4.38049  ,19.5153,-4.55981   ,19.1457,-4.73914 ,18.7425,-4.81782  ,18.3392,-4.89651  ,17.9369,-4.97967  ,17.5346,-5.06283   ,17.139 ,-5.17343  ,16.7433,-5.28403  ,16.3757,-5.46737    ,16.008 ,-5.65071  ,15.6404,-5.83406  ,19.8849,-4.38049  ,19.5153,-4.29946   ,19.0368,-4.41289  ,19.02  ,-4.54026  ,18.2564,-4.48324  ,17.4992,-4.97967   ,17.4296,-4.62995   ,17.0184,-4.742    ,16.5832,-4.86835   ,16.182 ,-5.07901  ,15.7241,-5.3668   ,15.6404,-5.83406  ,16.2919,-5.93461  ,16.5693,-5.85572  ,16.9034,-5.69971   ,17.2596,-5.60485  ,17.6396,-5.49571  ,18.3746,-4.97967   ,18.4221,-5.30978  ,18.4649,-5.09538  ,19.2546,-5.06539  ,19.5153,-4.82016  ,17.9369,-14.1934  ,           ,   ,      ,       ,       ,       ,2
266 ,19.8849,-4.38049  ,19.5153,-4.55981   ,19.1457,-4.73914 ,18.7425,-4.81782  ,18.3392,-4.89651  ,17.9369,-4.97967  ,17.5346,-5.06283   ,17.139 ,-5.17343  ,16.7433,-5.28403  ,16.3757,-5.46737    ,16.008 ,-5.65071  ,15.6404,-5.83406  ,19.8849,-4.38049  ,19.5153,-4.29946   ,19.0368,-4.41289  ,19.02  ,-4.54026  ,18.2564,-4.48324  ,17.4992,-4.97967   ,17.4296,-4.62995   ,17.0184,-4.742    ,16.5832,-4.86835   ,16.182 ,-5.07901  ,15.7241,-5.3668   ,15.6404,-5.83406  ,16.2919,-5.93461  ,16.5693,-5.85572  ,16.9034,-5.69971   ,17.2596,-5.60485  ,17.6396,-5.49571  ,18.3746,-4.97967   ,18.4221,-5.30978  ,18.4649,-5.09538  ,19.2546,-5.06539  ,19.5153,-4.82016  ,17.9369,-14.1934  ,           ,   ,      ,       ,       ,       ,2
267 ,19.9664,-4.38049  ,19.5968,-4.55981   ,19.2272,-4.73914 ,18.824 ,-4.81782  ,18.4208,-4.89651  ,18.0185,-4.97967  ,17.6161,-5.06283   ,17.2205,-5.17343  ,16.8248,-5.28403  ,16.4572,-5.46737    ,16.0896,-5.65071  ,15.7219,-5.83406  ,19.9664,-4.38049  ,19.5968,-4.29946   ,19.1183,-4.41289  ,19.1016,-4.54026  ,18.3379,-4.48324  ,17.5807,-4.97967   ,17.5111,-4.62995   ,17.0999,-4.742    ,16.6648,-4.86835   ,16.2635,-5.07901  ,15.8056,-5.3668   ,15.7219,-5.83406  ,16.3735,-5.93461  ,16.6509,-5.85572  ,16.9849,-5.69971   ,17.3411,-5.60485  ,17.7212,-5.49571  ,18.4562,-4.97967   ,18.5036,-5.30978  ,18.5464,-5.09538  ,19.3361,-5.06539  ,19.5968,-4.82016  ,18.0185,-14.1934  ,           ,   ,      ,       ,       ,       ,2
268 ,19.9664,-4.38049  ,19.5968,-4.55981   ,19.2272,-4.73914 ,18.824 ,-4.81782  ,18.4208,-4.89651  ,18.0185,-4.97967  ,17.6161,-5.06283   ,17.2205,-5.17343  ,16.8248,-5.28403  ,16.4572,-5.46737    ,16.0896,-5.65071  ,15.7219,-5.83406  ,19.9664,-4.38049  ,19.5968,-4.29946   ,19.1183,-4.41289  ,19.1016,-4.54026  ,18.3379,-4.48324  ,17.5807,-4.97967   ,17.5111,-4.62995   ,17.0999,-4.742    ,16.6648,-4.86835   ,16.2635,-5.07901  ,15.8056,-5.3668   ,15.7219,-5.83406  ,16.3735,-5.93461  ,16.6509,-5.85572  ,16.9849,-5.69971   ,17.3411,-5.60485  ,17.7212,-5.49571  ,18.4562,-4.97967   ,18.5036,-5.30978  ,18.5464,-5.09538  ,19.3361,-5.06539  ,19.5968,-4.82016  ,18.0185,-14.1934  ,           ,   ,      ,       ,       ,       ,2
269 ,19.8849,-4.38049  ,19.5153,-4.55981   ,19.1457,-4.73914 ,18.7425,-4.81782  ,18.3392,-4.89651  ,17.9369,-4.97967  ,17.5346,-5.06283   ,17.139 ,-5.17343  ,16.7433,-5.28403  ,16.3757,-5.46737    ,16.008 ,-5.65071  ,15.6404,-5.83406  ,19.8849,-4.38049  ,19.5153,-4.29946   ,19.0368,-4.41289  ,19.02  ,-4.54026  ,18.2564,-4.48324  ,17.4992,-4.97967   ,17.4296,-4.62995   ,17.0184,-4.742    ,16.5832,-4.86835   ,16.182 ,-5.07901  ,15.7241,-5.3668   ,15.6404,-5.83406  ,16.2919,-5.93461  ,16.5693,-5.85572  ,16.9034,-5.69971   ,17.2596,-5.60485  ,17.6396,-5.49571  ,18.3746,-4.97967   ,18.4221,-5.30978  ,18.4649,-5.09538  ,19.2546,-5.06539  ,19.5153,-4.82016  ,17.9369,-14.1934  ,           ,   ,      ,       ,       ,       ,2
270 ,19.8849,-4.38049  ,19.5153,-4.55981   ,19.1457,-4.73914 ,18.7425,-4.81782  ,18.3392,-4.89651  ,17.9369,-4.97967  ,17.5346,-5.06283   ,17.139 ,-5.17343  ,16.7433,-5.28403  ,16.3757,-5.46737    ,16.008 ,-5.65071  ,15.6404,-5.83406  ,19.8849,-4.38049  ,19.5153,-4.29946   ,19.0368,-4.41289  ,19.02  ,-4.54026  ,18.2564,-4.48324  ,17.4992,-4.97967   ,17.4296,-4.62995   ,17.0184,-4.742    ,16.5832,-4.86835   ,16.182 ,-5.07901  ,15.7241,-5.3668   ,15.6404,-5.83406  ,16.2919,-5.93461  ,16.5693,-5.85572  ,16.9034,-5.69971   ,17.2596,-5.60485  ,17.6396,-5.49571  ,18.3746,-4.97967   ,18.4221,-5.30978  ,18.4649,-5.09538  ,19.2546,-5.06539  ,19.5153,-4.82016  ,17.9369,-14.1934  ,           ,   ,      ,       ,       ,       ,2
271 ,19.8849,-4.38049  ,19.5153,-4.55981   ,19.1457,-4.73914 ,18.7425,-4.81782  ,18.3392,-4.89651  ,17.9369,-4.97967  ,17.5346,-5.06283   ,17.139 ,-5.17343  ,16.7433,-5.28403  ,16.3757,-5.46737    ,16.008 ,-5.65071  ,15.6404,-5.83406  ,19.8849,-4.38049  ,19.5153,-4.29946   ,19.0368,-4.41289  ,19.02  ,-4.54026  ,18.2564,-4.48324  ,17.4992,-4.97967   ,17.4296,-4.62995   ,17.0184,-4.742    ,16.5832,-4.86835   ,16.182 ,-5.07901  ,15.7241,-5.3668   ,15.6404,-5.83406  ,16.2919,-5.93461  ,16.5693,-5.85572  ,16.9034,-5.69971   ,17.2596,-5.60485  ,17.6396,-5.49571  ,18.3746,-4.97967   ,18.4221,-5.30978  ,18.4649,-5.09538  ,19.2546,-5.06539  ,19.5153,-4.82016  ,17.9369,-14.1934  ,           ,   ,      ,       ,       ,       ,2
272 ,19.8034,-4.38049  ,19.4337,-4.55981   ,19.0641,-4.73914 ,18.6609,-4.81782  ,18.2577,-4.89651  ,17.8554,-4.97967  ,17.4531,-5.06283   ,17.0574,-5.17343  ,16.6618,-5.28403  ,16.2941,-5.46737    ,15.9265,-5.65071  ,15.5588,-5.83406  ,19.8034,-4.38049  ,19.4337,-4.29946   ,18.9552,-4.41289  ,18.9385,-4.54026  ,18.1749,-4.48324  ,17.4177,-4.97967   ,17.348 ,-4.62995   ,16.9368,-4.742    ,16.5017,-4.86835   ,16.1005,-5.07901  ,15.6426,-5.3668   ,15.5588,-5.83406  ,16.2104,-5.93461  ,16.4878,-5.85572  ,16.8218,-5.69971   ,17.178 ,-5.60485  ,17.5581,-5.49571  ,18.2931,-4.97967   ,18.3405,-5.30978  ,18.3834,-5.09538  ,19.173 ,-5.06539  ,19.4337,-4.82016  ,17.8554,-14.1934  ,           ,   ,      ,       ,       ,       ,2
273 ,19.6403,-4.38049  ,19.2707,-4.55981   ,18.9011,-4.73914 ,18.4978,-4.81782  ,18.0946,-4.89651  ,17.6923,-4.97967  ,17.29  ,-5.06283   ,16.8943,-5.17343  ,16.4987,-5.28403  ,16.131 ,-5.46737    ,15.7634,-5.65071  ,15.3958,-5.83406  ,19.6403,-4.38049  ,19.2707,-4.29946   ,18.7922,-4.41289  ,18.7754,-4.54026  ,18.0118,-4.48324  ,17.2546,-4.97967   ,17.185 ,-4.62995   ,16.7737,-4.742    ,16.3386,-4.86835   ,15.9374,-5.07901  ,15.4795,-5.3668   ,15.3958,-5.83406  ,16.0473,-5.93461  ,16.3247,-5.85572  ,16.6588,-5.69971   ,17.0149,-5.60485  ,17.395 ,-5.49571  ,18.13  ,-4.97967   ,18.1775,-5.30978  ,18.2203,-5.09538  ,19.0099,-5.06539  ,19.2707,-4.82016  ,17.6923,-14.1934  ,           ,   ,      ,       ,       ,       ,2
274 ,19.6403,-4.38049  ,19.2707,-4.55981   ,18.9011,-4.73914 ,18.4978,-4.81782  ,18.0946,-4.89651  ,17.6923,-4.97967  ,17.29  ,-5.06283   ,16.8943,-5.17343  ,16.4987,-5.28403  ,16.131 ,-5.46737    ,15.7634,-5.65071  ,15.3958,-5.83406  ,19.6403,-4.38049  ,19.2707,-4.29946   ,18.7922,-4.41289  ,18.7754,-4.54026  ,18.0118,-4.48324  ,17.2546,-4.97967   ,17.185 ,-4.62995   ,16.7737,-4.742    ,16.3386,-4.86835   ,15.9374,-5.07901  ,15.4795,-5.3668   ,15.3958,-5.83406  ,16.0473,-5.93461  ,16.3247,-5.85572  ,16.6588,-5.69971   ,17.0149,-5.60485  ,17.395 ,-5.49571  ,18.13  ,-4.97967   ,18.1775,-5.30978  ,18.2203,-5.09538  ,19.0099,-5.06539  ,19.2707,-4.82016  ,17.6923,-14.1934  ,           ,   ,      ,       ,       ,       ,2
275 ,19.7739,-4.17573  ,19.4656,-4.44256   ,19.1574,-4.70939 ,18.7572,-4.78748  ,18.3571,-4.86556  ,17.9579,-4.94809  ,17.5586,-5.03062   ,17.151 ,-5.03502  ,16.7433,-5.03942  ,16.3438,-5.12074    ,15.9443,-5.20205  ,15.5448,-5.28336  ,19.7739,-4.17573  ,19.3106,-4.26351   ,19.0204,-4.42812  ,19.0097,-4.53502  ,18.2821,-4.48959  ,17.9579,-4.54995   ,17.5153,-4.62777   ,16.7435,-5.03502  ,16.7005,-4.63652   ,16.2651,-4.73393  ,15.9443,-4.83685  ,15.5448,-5.28336  ,15.9443,-5.56726  ,16.4225,-5.50754  ,16.7861,-5.44232   ,17.5584,-5.03502  ,17.602 ,-5.43347  ,17.9579,-5.34623   ,18.4321,-5.24154  ,18.5048,-5.03995  ,19.2943,-4.99066  ,19.6206,-4.62161  ,17.9579,-14.1618  ,           ,   ,      ,       ,       ,       ,2
276 ,20.1727,-4.18168  ,19.7723,-4.25863   ,19.3719,-4.33559 ,18.9718,-4.41368  ,18.5717,-4.49177  ,18.1724,-4.5743   ,17.7732,-4.65682   ,17.3806,-4.76658  ,16.9879,-4.87634  ,16.6231,-5.05829    ,16.2582,-5.24023  ,15.8934,-5.42217  ,20.1727,-4.18168  ,19.5355,-4.25863   ,19.3122,-4.02851  ,18.7193,-4.16121  ,18.4966,-4.11579  ,18.1724,-4.17616   ,17.6775,-4.26311   ,17.6687,-4.47846  ,16.8423,-4.49826   ,16.4469,-4.70504  ,16.2582,-4.87503  ,15.8934,-5.42217  ,16.2582,-5.60544  ,16.7992,-5.41154  ,17.1335,-5.25443   ,17.0924,-5.0547   ,17.8689,-5.05054  ,18.1724,-4.97244   ,18.6467,-4.86774  ,19.2243,-4.66614  ,19.4317,-4.64267  ,20.0091,-4.25863  ,18.1724,-13.788   ,           ,   ,      ,       ,       ,       ,2
277 ,20.3501,-3.97968  ,19.9834,-4.15764   ,19.6166,-4.33559 ,19.2164,-4.41368  ,18.8163,-4.49177  ,18.417 ,-4.5743   ,18.0178,-4.65682   ,17.6252,-4.76658  ,17.2325,-4.87634  ,16.8677,-5.05829    ,16.5029,-5.24023  ,16.138 ,-5.42217  ,20.3501,-3.97968  ,19.88  ,-3.94458   ,19.5175,-4.03885  ,18.9639,-4.16121  ,18.7413,-4.11579  ,18.417 ,-4.17616   ,17.9221,-4.26311   ,17.9133,-4.47846  ,17.0869,-4.49826   ,16.6915,-4.70504  ,16.5029,-4.87503  ,16.138 ,-5.42217  ,16.5029,-5.60544  ,17.0439,-5.41154  ,17.3781,-5.25443   ,17.337 ,-5.0547   ,18.1135,-5.05054  ,18.417 ,-4.97244   ,18.8913,-4.86774  ,19.4689,-4.66614  ,19.7156,-4.63234  ,20.0867,-4.3707   ,18.417 ,-13.788   ,           ,   ,      ,       ,       ,       ,2
278 ,20.3146,-3.88348  ,20.0063,-4.1503    ,19.6981,-4.41713 ,19.2979,-4.49521  ,18.8978,-4.57331  ,18.4986,-4.65584  ,18.0993,-4.73836   ,17.7067,-4.84812  ,17.3141,-4.95788  ,16.9492,-5.13983    ,16.5844,-5.32177  ,16.2196,-5.50371  ,20.3146,-3.88348  ,19.8513,-3.97125   ,19.5611,-4.13585  ,19.0455,-4.24275  ,18.8228,-4.19733  ,18.4986,-4.2577    ,18.0036,-4.34465   ,17.9948,-4.56     ,17.1684,-4.5798    ,16.7731,-4.78658  ,16.5844,-4.95657  ,16.2196,-5.50371  ,16.5844,-5.68698  ,17.1254,-5.49308  ,17.4597,-5.33597   ,17.4186,-5.13623  ,18.195 ,-5.13207  ,18.4986,-5.05398   ,18.9728,-4.94928  ,19.5504,-4.74768  ,19.835 ,-4.69841  ,20.1613,-4.32935  ,18.4986,-13.8695  ,           ,   ,      ,       ,       ,       ,2
279 ,20.237 ,-3.82365  ,20.0083,-4.16116   ,19.7796,-4.49867 ,19.3795,-4.57675  ,18.9794,-4.65484  ,18.5801,-4.73738  ,18.1809,-4.8199    ,17.7882,-4.92965  ,17.3956,-5.03942  ,17.0308,-5.22136    ,16.6659,-5.40331  ,16.3011,-5.58524  ,20.237 ,-3.82365  ,20.0083,-3.92434   ,19.6071,-4.23768  ,19.127 ,-4.32429  ,18.9043,-4.27887  ,18.5801,-4.33924   ,18.0852,-4.42619   ,18.0764,-4.64154  ,17.25  ,-4.66133   ,16.8546,-4.86811  ,16.6659,-5.0381   ,16.3011,-5.58524  ,16.6659,-5.76851  ,17.2069,-5.57461  ,17.5412,-5.4175    ,17.5001,-5.21777  ,18.2766,-5.21361  ,18.5801,-5.13552   ,19.0544,-5.03082  ,19.6319,-4.82921  ,19.9521,-4.75965  ,20.0083,-4.39798  ,18.5801,-13.9511  ,           ,   ,      ,       ,       ,       ,2
280 ,20.2913,-3.64674  ,20.1578,-4.03193   ,20.0242,-4.41713 ,19.6241,-4.49521  ,19.224 ,-4.57331  ,18.8247,-4.65584  ,18.4255,-4.73836   ,18.0328,-4.84812  ,17.6402,-4.95788  ,17.2754,-5.13983    ,16.9105,-5.32177  ,16.5457,-5.50371  ,20.2913,-3.64674  ,20.1578,-3.79511   ,19.8192,-4.18089  ,19.3716,-4.24275  ,19.1489,-4.19733  ,18.8247,-4.2577    ,18.3298,-4.34465   ,18.321 ,-4.56     ,17.4946,-4.5798    ,17.0992,-4.78658  ,16.9105,-4.95657  ,16.5457,-5.50371  ,16.9105,-5.68698  ,17.4515,-5.49308  ,17.7858,-5.33597   ,17.7447,-5.13623  ,18.5212,-5.13207  ,18.8247,-5.05398   ,19.299 ,-4.94928  ,19.8766,-4.74768  ,20.2293,-4.65337  ,20.1578,-4.26875  ,18.8247,-13.8695  ,           ,   ,      ,       ,       ,       ,2
281 ,20.6407,-3.88348  ,20.3325,-4.1503    ,20.0242,-4.41713 ,19.6241,-4.49521  ,19.224 ,-4.57331  ,18.8247,-4.65584  ,18.4255,-4.73836   ,18.0328,-4.84812  ,17.6402,-4.95788  ,17.2754,-5.13983    ,16.9105,-5.32177  ,16.5457,-5.50371  ,20.6407,-3.88348  ,20.1775,-3.97125   ,19.8873,-4.13585  ,19.3716,-4.24275  ,19.1489,-4.19733  ,18.8247,-4.2577    ,18.3298,-4.34465   ,18.321 ,-4.56     ,17.4946,-4.5798    ,17.0992,-4.78658  ,16.9105,-4.95657  ,16.5457,-5.50371  ,16.9105,-5.68698  ,17.4515,-5.49308  ,17.7858,-5.33597   ,17.7447,-5.13623  ,18.5212,-5.13207  ,18.8247,-5.05398   ,19.299 ,-4.94928  ,19.8766,-4.74768  ,20.1612,-4.69841  ,20.4875,-4.32935  ,18.8247,-13.8695  ,           ,   ,      ,       ,       ,       ,2
282 ,20.3728,-3.5652   ,20.2393,-3.95039   ,20.1058,-4.33559 ,19.7056,-4.41368  ,19.3055,-4.49177  ,18.9063,-4.5743   ,18.507 ,-4.65682   ,18.1144,-4.76658  ,17.7217,-4.87634  ,17.3569,-5.05829    ,16.9921,-5.24023  ,16.6272,-5.42217  ,20.3728,-3.5652   ,20.2393,-3.71357   ,19.9007,-4.09935  ,19.4532,-4.16121  ,19.2305,-4.11579  ,18.9063,-4.17616   ,18.4113,-4.26311   ,18.4025,-4.47846  ,17.5761,-4.49826   ,17.1807,-4.70504  ,16.9921,-4.87503  ,16.6272,-5.42217  ,16.9921,-5.60544  ,17.5331,-5.41154  ,17.8674,-5.25443   ,17.8263,-5.0547   ,18.6027,-5.05054  ,18.9063,-4.97244   ,19.3805,-4.86774  ,19.9581,-4.66614  ,20.3109,-4.57183  ,20.2393,-4.18721  ,18.9063,-13.788   ,           ,   ,      ,       ,       ,       ,2
283 ,20.4544,-3.48366  ,20.3208,-3.86885   ,20.1873,-4.25406 ,19.7872,-4.33214  ,19.387 ,-4.41023  ,18.9878,-4.49276  ,18.5885,-4.57529   ,18.1959,-4.68504  ,17.8033,-4.79481  ,17.4384,-4.97675    ,17.0736,-5.1587   ,16.7088,-5.34063  ,20.4544,-3.48366  ,20.3208,-3.63204   ,19.9822,-4.01781  ,19.5347,-4.07967  ,19.312 ,-4.03426  ,18.9878,-4.09462   ,18.4929,-4.18158   ,18.484 ,-4.39692  ,17.6577,-4.41672   ,17.2623,-4.6235   ,17.0736,-4.79349  ,16.7088,-5.34063  ,17.0736,-5.5239   ,17.6146,-5.33     ,17.9489,-5.17289   ,17.9078,-4.97316  ,18.6842,-4.969    ,18.9878,-4.89091   ,19.4621,-4.78621  ,20.0396,-4.5846   ,20.3924,-4.4903   ,20.3208,-4.10567  ,18.9878,-13.7065  ,           ,   ,      ,       ,       ,       ,2
284 ,20.4816,-3.57903  ,20.2529,-3.91655   ,20.0242,-4.25406 ,19.6241,-4.33214  ,19.224 ,-4.41023  ,18.8247,-4.49276  ,18.4255,-4.57529   ,18.0328,-4.68504  ,17.6402,-4.79481  ,17.2754,-4.97675    ,16.9105,-5.1587   ,16.5457,-5.34063  ,20.4816,-3.57903  ,20.2529,-3.67973   ,19.8517,-3.99307  ,19.3716,-4.07967  ,19.1489,-4.03426  ,18.8247,-4.09462   ,18.3298,-4.18158   ,18.321 ,-4.39692  ,17.4946,-4.41672   ,17.0992,-4.6235   ,16.9105,-4.79349  ,16.5457,-5.34063  ,16.9105,-5.5239   ,17.4515,-5.33     ,17.7858,-5.17289   ,17.7447,-4.97316  ,18.5212,-4.969    ,18.8247,-4.89091   ,19.299 ,-4.78621  ,19.8766,-4.5846   ,20.1967,-4.51504  ,20.2529,-4.15337  ,18.8247,-13.7065  ,           ,   ,      ,       ,       ,       ,2
285 ,20.5631,-3.4975   ,20.3345,-3.83501   ,20.1058,-4.17252 ,19.7056,-4.2506   ,19.3055,-4.3287   ,18.9063,-4.41123  ,18.507 ,-4.49375   ,18.1144,-4.6035   ,17.7217,-4.71327  ,17.3569,-4.89521    ,16.9921,-5.07716  ,16.6272,-5.2591   ,20.5631,-3.4975   ,20.3345,-3.5982    ,19.9333,-3.91153  ,19.4532,-3.99814  ,19.2305,-3.95272  ,18.9063,-4.01309   ,18.4113,-4.10004   ,18.4025,-4.31539  ,17.5761,-4.33518   ,17.1807,-4.54196  ,16.9921,-4.71196  ,16.6272,-5.2591   ,16.9921,-5.44237  ,17.5331,-5.24847  ,17.8674,-5.09135   ,17.8263,-4.89162  ,18.6027,-4.88746  ,18.9063,-4.80937   ,19.3805,-4.70467  ,19.9581,-4.50307  ,20.2783,-4.4335   ,20.3345,-4.07183  ,18.9063,-13.6249  ,           ,   ,      ,       ,       ,       ,2
286 ,20.5631,-3.41596  ,20.3345,-3.75348   ,20.1058,-4.09098 ,19.7056,-4.16906  ,19.3055,-4.24716  ,18.9063,-4.32969  ,18.507 ,-4.41221   ,18.1144,-4.52197  ,17.7217,-4.63173  ,17.3569,-4.81368    ,16.9921,-4.99562  ,16.6272,-5.17756  ,20.5631,-3.41596  ,20.3345,-3.51666   ,19.9333,-3.83     ,19.4532,-3.9166   ,19.2305,-3.87118  ,18.9063,-3.93155   ,18.4113,-4.0185    ,18.4025,-4.23385  ,17.5761,-4.25365   ,17.1807,-4.46043  ,16.9921,-4.63042  ,16.6272,-5.17756  ,16.9921,-5.36083  ,17.5331,-5.16693  ,17.8674,-5.00982   ,17.8263,-4.81008  ,18.6027,-4.80592  ,18.9063,-4.72783   ,19.3805,-4.62313  ,19.9581,-4.42153  ,20.2783,-4.35197  ,20.3345,-3.99029  ,18.9063,-13.5434  ,           ,   ,      ,       ,       ,       ,2
287 ,20.7262,-3.33442  ,20.4975,-3.67194   ,20.2688,-4.00944 ,19.8687,-4.08753  ,19.4686,-4.16562  ,19.0693,-4.24815  ,18.6701,-4.33068   ,18.2775,-4.44043  ,17.8848,-4.55019  ,17.52  ,-4.73214    ,17.1551,-4.91409  ,16.7903,-5.09602  ,20.7262,-3.33442  ,20.4975,-3.43512   ,20.0963,-3.74846  ,19.6162,-3.83506  ,19.3935,-3.78965  ,19.0693,-3.85001   ,18.5744,-3.93696   ,18.5656,-4.15231  ,17.7392,-4.17211   ,17.3438,-4.37889  ,17.1551,-4.54888  ,16.7903,-5.09602  ,17.1551,-5.27929  ,17.6961,-5.08539  ,18.0304,-4.92828   ,17.9893,-4.72855  ,18.7658,-4.72439  ,19.0693,-4.64629   ,19.5436,-4.5416   ,20.1212,-4.33999  ,20.4413,-4.27043  ,20.4975,-3.90876  ,19.0693,-13.4619  ,           ,   ,      ,       ,       ,       ,2
288 ,20.7262,-3.25289  ,20.4975,-3.5904    ,20.2688,-3.92791 ,19.8687,-4.00599  ,19.4686,-4.08408  ,19.0693,-4.16662  ,18.6701,-4.24914   ,18.2775,-4.35889  ,17.8848,-4.46866  ,17.52  ,-4.6506     ,17.1551,-4.83255  ,16.7903,-5.01448  ,20.7262,-3.25289  ,20.4975,-3.35358   ,20.0963,-3.66692  ,19.6162,-3.75353  ,19.3935,-3.70811  ,19.0693,-3.76848   ,18.5744,-3.85543   ,18.5656,-4.07078  ,17.7392,-4.09057   ,17.3438,-4.29735  ,17.1551,-4.46734  ,16.7903,-5.01448  ,17.1551,-5.19775  ,17.6961,-5.00385  ,18.0304,-4.84674   ,17.9893,-4.64701  ,18.7658,-4.64285  ,19.0693,-4.56476   ,19.5436,-4.46006  ,20.1212,-4.25845  ,20.4413,-4.18889  ,20.4975,-3.82722  ,19.0693,-13.3803  ,           ,   ,      ,       ,       ,       ,2
289 ,20.8077,-3.17135  ,20.5791,-3.50886   ,20.3504,-3.84637 ,19.9502,-3.92445  ,19.5501,-4.00255  ,19.1509,-4.08508  ,18.7516,-4.1676    ,18.359 ,-4.27736  ,17.9664,-4.38712  ,17.6015,-4.56907    ,17.2367,-4.75101  ,16.8718,-4.93295  ,20.8077,-3.17135  ,20.5791,-3.27205   ,20.1779,-3.58539  ,19.6978,-3.67199  ,19.4751,-3.62657  ,19.1509,-3.68694   ,18.6559,-3.77389   ,18.6471,-3.98924  ,17.8207,-4.00904   ,17.4254,-4.21582  ,17.2367,-4.38581  ,16.8718,-4.93295  ,17.2367,-5.11622  ,17.7777,-4.92232  ,18.112 ,-4.76521   ,18.0709,-4.56547  ,18.8473,-4.56131  ,19.1509,-4.48322   ,19.6251,-4.37852  ,20.2027,-4.17692  ,20.5229,-4.10735  ,20.5791,-3.74568  ,19.1509,-13.2988  ,           ,   ,      ,       ,       ,       ,2
290 ,20.9923,-2.99141  ,20.6841,-3.25824   ,20.3758,-3.52507 ,20.0095,-3.70406  ,19.6433,-3.88305  ,19.279 ,-4.06609  ,18.9147,-4.24914   ,18.5221,-4.35889  ,18.1294,-4.46866  ,17.7646,-4.6506     ,17.3998,-4.83255  ,17.0349,-5.01448  ,20.9923,-2.99141  ,20.5291,-3.07919   ,20.2033,-3.26408  ,19.6525,-3.70406  ,19.4728,-3.53963  ,19.279 ,-3.66795   ,18.7685,-3.87124   ,18.8102,-4.07078  ,17.9838,-4.09057   ,17.5884,-4.29735  ,17.3998,-4.46734  ,17.0349,-5.01448  ,17.3998,-5.19775  ,17.9408,-5.00385  ,18.2751,-4.84674   ,18.234 ,-4.64701  ,19.0609,-4.62703  ,19.279 ,-4.46423   ,19.8137,-4.22647  ,20.3666,-3.70406  ,20.5483,-3.78605  ,20.8391,-3.43729  ,19.279 ,-13.2798  ,           ,   ,      ,       ,       ,       ,2
291 ,20.9464,-3.08762  ,20.5796,-3.26558   ,20.2128,-3.44353 ,19.8465,-3.62252  ,19.4802,-3.80151  ,19.1159,-3.98455  ,18.7516,-4.1676    ,18.359 ,-4.27736  ,17.9664,-4.38712  ,17.6015,-4.56907    ,17.2367,-4.75101  ,16.8718,-4.93295  ,20.9464,-3.08762  ,20.4762,-3.05252   ,20.0772,-3.16158  ,19.4894,-3.62252  ,19.3097,-3.45809  ,19.1159,-3.58641   ,18.6055,-3.78971   ,18.6471,-3.98924  ,17.8207,-4.00904   ,17.4254,-4.21582  ,17.2367,-4.38581  ,16.8718,-4.93295  ,17.2367,-5.11622  ,17.7777,-4.92232  ,18.112 ,-4.76521   ,18.0709,-4.56547  ,18.8978,-4.5455   ,19.1159,-4.38269   ,19.6506,-4.14493  ,20.2035,-3.62252  ,20.3483,-3.72549  ,20.6829,-3.47864  ,19.1159,-13.1982  ,           ,   ,      ,       ,       ,       ,2
292 ,21.2581,-3.20808  ,20.8577,-3.28504   ,20.4574,-3.36199 ,20.0911,-3.54098  ,19.7248,-3.71997  ,19.3605,-3.90301  ,18.9962,-4.08606   ,18.6036,-4.19582  ,18.211 ,-4.30558  ,17.8461,-4.48753    ,17.4813,-4.66947  ,17.1165,-4.85141  ,21.2581,-3.20808  ,20.6209,-3.28504   ,20.3583,-3.06525  ,19.7341,-3.54098  ,19.5543,-3.37656  ,19.3605,-3.50487   ,18.8501,-3.70817   ,18.8917,-3.9077   ,18.0654,-3.9275    ,17.67  ,-4.13428  ,17.4813,-4.30427  ,17.1165,-4.85141  ,17.4813,-5.03468  ,18.0223,-4.84078  ,18.3566,-4.68367   ,18.3155,-4.48394  ,19.1424,-4.46396  ,19.3605,-4.30115   ,19.8952,-4.06339  ,20.4481,-3.54098  ,20.5564,-3.65874  ,21.0946,-3.28504  ,19.3605,-13.1167  ,           ,   ,      ,       ,       ,       ,2
293 ,21.0739,-2.82834  ,20.7656,-3.09517   ,20.4574,-3.36199 ,20.0911,-3.54098  ,19.7248,-3.71997  ,19.3605,-3.90301  ,18.9962,-4.08606   ,18.6036,-4.19582  ,18.211 ,-4.30558  ,17.8461,-4.48753    ,17.4813,-4.66947  ,17.1165,-4.85141  ,21.0739,-2.82834  ,20.6106,-2.91612   ,20.2849,-3.10101  ,19.7341,-3.54098  ,19.5543,-3.37656  ,19.3605,-3.50487   ,18.8501,-3.70817   ,18.8917,-3.9077   ,18.0654,-3.9275    ,17.67  ,-4.13428  ,17.4813,-4.30427  ,17.1165,-4.85141  ,17.4813,-5.03468  ,18.0223,-4.84078  ,18.3566,-4.68367   ,18.3155,-4.48394  ,19.1424,-4.46396  ,19.3605,-4.30115   ,19.8952,-4.06339  ,20.4481,-3.54098  ,20.6299,-3.62298  ,20.9206,-3.27422  ,19.3605,-13.1167  ,           ,   ,      ,       ,       ,       ,2
294 ,21.3185,-2.7468   ,21.0102,-3.01363   ,20.702 ,-3.28046 ,20.3357,-3.45945  ,19.9694,-3.63844  ,19.6051,-3.82148  ,19.2408,-4.00453   ,18.8482,-4.11428  ,18.4556,-4.22405  ,18.0907,-4.40599    ,17.7259,-4.58794  ,17.3611,-4.76987  ,21.3185,-2.7468   ,20.8552,-2.83458   ,20.5295,-3.01947  ,19.9787,-3.45945  ,19.799 ,-3.29502  ,19.6051,-3.42334   ,19.0947,-3.62663   ,19.1363,-3.82616  ,18.31  ,-3.84596   ,17.9146,-4.05274  ,17.7259,-4.22273  ,17.3611,-4.76987  ,17.7259,-4.95314  ,18.2669,-4.75924  ,18.6012,-4.60213   ,18.5601,-4.4024   ,19.387 ,-4.38242  ,19.6051,-4.21962   ,20.1399,-3.98185  ,20.6927,-3.45945  ,20.8745,-3.54144  ,21.1652,-3.19268  ,19.6051,-13.0352  ,           ,   ,      ,       ,       ,       ,2
295 ,21.3224,-2.68697  ,21.0937,-3.02448   ,20.8651,-3.36199 ,20.4988,-3.54098  ,20.1325,-3.71997  ,19.7682,-3.90301  ,19.4039,-4.08606   ,19.0113,-4.19582  ,18.6187,-4.30558  ,18.2538,-4.48753    ,17.889 ,-4.66947  ,17.5241,-4.85141  ,21.3224,-2.68697  ,21.0937,-2.78766   ,20.66  ,-3.12575  ,20.1417,-3.54098  ,19.962 ,-3.37656  ,19.7682,-3.50487   ,19.2578,-3.70817   ,19.2994,-3.9077   ,18.473 ,-3.9275    ,18.0777,-4.13428  ,17.889 ,-4.30427  ,17.5241,-4.85141  ,17.889 ,-5.03468  ,18.43  ,-4.84078  ,18.7643,-4.68367   ,18.7232,-4.48394  ,19.5501,-4.46396  ,19.7682,-4.30115   ,20.3029,-4.06339  ,20.8558,-3.54098  ,21.0702,-3.59823  ,21.0937,-3.2613   ,19.7682,-13.1167  ,           ,   ,      ,       ,       ,       ,2
296 ,21.3224,-2.68697  ,21.0937,-3.02448   ,20.8651,-3.36199 ,20.4988,-3.54098  ,20.1325,-3.71997  ,19.7682,-3.90301  ,19.4039,-4.08606   ,19.0113,-4.19582  ,18.6187,-4.30558  ,18.2538,-4.48753    ,17.889 ,-4.66947  ,17.5241,-4.85141  ,21.3224,-2.68697  ,21.0937,-2.78766   ,20.66  ,-3.12575  ,20.1417,-3.54098  ,19.962 ,-3.37656  ,19.7682,-3.50487   ,19.2578,-3.70817   ,19.2994,-3.9077   ,18.473 ,-3.9275    ,18.0777,-4.13428  ,17.889 ,-4.30427  ,17.5241,-4.85141  ,17.889 ,-5.03468  ,18.43  ,-4.84078  ,18.7643,-4.68367   ,18.7232,-4.48394  ,19.5501,-4.46396  ,19.7682,-4.30115   ,20.3029,-4.06339  ,20.8558,-3.54098  ,21.0702,-3.59823  ,21.0937,-3.2613   ,19.7682,-13.1167  ,           ,   ,      ,       ,       ,       ,2
297 ,21.4855,-2.5239   ,21.2568,-2.8614    ,21.0281,-3.19892 ,20.6618,-3.37791  ,20.2956,-3.5569   ,19.9313,-3.73994  ,19.567 ,-3.92299   ,19.1744,-4.03274  ,18.7817,-4.14251  ,18.4169,-4.32445    ,18.0521,-4.5064   ,17.6872,-4.68834  ,21.4855,-2.5239   ,21.2568,-2.62459   ,20.8231,-2.96268  ,20.3048,-3.37791  ,20.1251,-3.21348  ,19.9313,-3.3418    ,19.4208,-3.54509   ,19.4625,-3.74463  ,18.6361,-3.76442   ,18.2407,-3.9712   ,18.0521,-4.1412   ,17.6872,-4.68834  ,18.0521,-4.87161  ,18.5931,-4.67771  ,18.9273,-4.52059   ,18.8863,-4.32086  ,19.7131,-4.30089  ,19.9313,-4.13808   ,20.466 ,-3.90032  ,21.0189,-3.37791  ,21.2332,-3.43516  ,21.2568,-3.09822  ,19.9313,-12.9536  ,           ,   ,      ,       ,       ,       ,2
298 ,21.4855,-2.44236  ,21.2568,-2.77987   ,21.0281,-3.11738 ,20.6618,-3.29637  ,20.2956,-3.47536  ,19.9313,-3.6584   ,19.567 ,-3.84145   ,19.1744,-3.95121  ,18.7817,-4.06097  ,18.4169,-4.24292    ,18.0521,-4.42486  ,17.6872,-4.6068   ,21.4855,-2.44236  ,21.2568,-2.54305   ,20.8231,-2.88114  ,20.3048,-3.29637  ,20.1251,-3.13194  ,19.9313,-3.26026   ,19.4208,-3.46356   ,19.4625,-3.66309  ,18.6361,-3.68289   ,18.2407,-3.88967  ,18.0521,-4.05966  ,17.6872,-4.6068   ,18.0521,-4.79007  ,18.5931,-4.59617  ,18.9273,-4.43906   ,18.8863,-4.23932  ,19.7131,-4.21935  ,19.9313,-4.05654   ,20.466 ,-3.81878  ,21.0189,-3.29637  ,21.2332,-3.35362  ,21.2568,-3.01669  ,19.9313,-12.8721  ,           ,   ,      ,       ,       ,       ,2
299 ,21.4855,-2.5239   ,21.2568,-2.8614    ,21.0281,-3.19892 ,20.6618,-3.37791  ,20.2956,-3.5569   ,19.9313,-3.73994  ,19.567 ,-3.92299   ,19.1744,-4.03274  ,18.7817,-4.14251  ,18.4169,-4.32445    ,18.0521,-4.5064   ,17.6872,-4.68834  ,21.4855,-2.5239   ,21.2568,-2.62459   ,20.8231,-2.96268  ,20.3048,-3.37791  ,20.1251,-3.21348  ,19.9313,-3.3418    ,19.4208,-3.54509   ,19.4625,-3.74463  ,18.6361,-3.76442   ,18.2407,-3.9712   ,18.0521,-4.1412   ,17.6872,-4.68834  ,18.0521,-4.87161  ,18.5931,-4.67771  ,18.9273,-4.52059   ,18.8863,-4.32086  ,19.7131,-4.30089  ,19.9313,-4.13808   ,20.466 ,-3.90032  ,21.0189,-3.37791  ,21.2332,-3.43516  ,21.2568,-3.09822  ,19.9313,-12.9536  ,           ,   ,      ,       ,       ,       ,2
300 ,21.6521,-2.3933   ,21.3438,-2.66013   ,21.0356,-2.92696 ,20.7281,-3.19465  ,20.4206,-3.46234  ,20.1161,-3.73343  ,19.8116,-4.00453   ,19.419 ,-4.11428  ,19.0263,-4.22405  ,18.6615,-4.40599    ,18.2967,-4.58794  ,17.9318,-4.76987  ,21.6521,-2.3933   ,21.1888,-2.48108   ,20.8298,-2.69135  ,20.4936,-2.92536  ,20.1669,-3.17491  ,20.3976,-3.4519    ,19.6174,-3.64894   ,19.7071,-3.82616  ,18.8807,-3.84596   ,18.4853,-4.05274  ,18.2967,-4.22273  ,17.9318,-4.76987  ,18.2967,-4.95314  ,18.8377,-4.75924  ,19.172 ,-4.60213   ,19.1309,-4.4024   ,20.0058,-4.36012  ,19.8346,-4.01496   ,20.6743,-3.74977  ,20.9625,-3.46394  ,21.2414,-3.16256  ,21.4988,-2.83918  ,20.1161,-12.9471  ,           ,   ,      ,       ,       ,       ,2
301 ,21.7336,-2.31177  ,21.4253,-2.57859   ,21.1171,-2.84542 ,20.8096,-3.11311  ,20.5021,-3.38081  ,20.1976,-3.65189  ,19.8931,-3.92299   ,19.5005,-4.03274  ,19.1079,-4.14251  ,18.743 ,-4.32445    ,18.3782,-4.5064   ,18.0134,-4.68834  ,21.7336,-2.31177  ,21.2704,-2.39954   ,20.9113,-2.60982  ,20.5752,-2.84383  ,20.2484,-3.09338  ,20.4792,-3.37036   ,19.6989,-3.5674    ,19.7886,-3.74463  ,18.9623,-3.76442   ,18.5669,-3.9712   ,18.3782,-4.1412   ,18.0134,-4.68834  ,18.3782,-4.87161  ,18.9192,-4.67771  ,19.2535,-4.52059   ,19.2124,-4.32086  ,20.0874,-4.27858  ,19.9161,-3.93342   ,20.7559,-3.66824  ,21.0441,-3.3824   ,21.3229,-3.08102  ,21.5803,-2.75764  ,20.1976,-12.8656  ,           ,   ,      ,       ,       ,       ,2
302 ,21.7336,-2.31177  ,21.4253,-2.57859   ,21.1171,-2.84542 ,20.8096,-3.11311  ,20.5021,-3.38081  ,20.1976,-3.65189  ,19.8931,-3.92299   ,19.5005,-4.03274  ,19.1079,-4.14251  ,18.743 ,-4.32445    ,18.3782,-4.5064   ,18.0134,-4.68834  ,21.7336,-2.31177  ,21.2704,-2.39954   ,20.9113,-2.60982  ,20.5752,-2.84383  ,20.2484,-3.09338  ,20.4792,-3.37036   ,19.6989,-3.5674    ,19.7886,-3.74463  ,18.9623,-3.76442   ,18.5669,-3.9712   ,18.3782,-4.1412   ,18.0134,-4.68834  ,18.3782,-4.87161  ,18.9192,-4.67771  ,19.2535,-4.52059   ,19.2124,-4.32086  ,20.0874,-4.27858  ,19.9161,-3.93342   ,20.7559,-3.66824  ,21.0441,-3.3824   ,21.3229,-3.08102  ,21.5803,-2.75764  ,20.1976,-12.8656  ,           ,   ,      ,       ,       ,       ,2
303 ,21.8151,-2.31177  ,21.5069,-2.57859   ,21.1986,-2.84542 ,20.8912,-3.11311  ,20.5837,-3.38081  ,20.2792,-3.65189  ,19.9747,-3.92299   ,19.5821,-4.03274  ,19.1894,-4.14251  ,18.8246,-4.32445    ,18.4597,-4.5064   ,18.0949,-4.68834  ,21.8151,-2.31177  ,21.3519,-2.39954   ,20.9928,-2.60982  ,20.6567,-2.84383  ,20.33  ,-3.09338  ,20.5607,-3.37036   ,19.7805,-3.5674    ,19.8702,-3.74463  ,19.0438,-3.76442   ,18.6484,-3.9712   ,18.4597,-4.1412   ,18.0949,-4.68834  ,18.4597,-4.87161  ,19.0007,-4.67771  ,19.335 ,-4.52059   ,19.2939,-4.32086  ,20.1689,-4.27858  ,19.9977,-3.93342   ,20.8374,-3.66824  ,21.1256,-3.3824   ,21.4045,-3.08102  ,21.6619,-2.75764  ,20.2792,-12.8656  ,           ,   ,      ,       ,       ,       ,2
304 ,21.8967,-2.23023  ,21.5884,-2.49706   ,21.2802,-2.76388 ,20.9727,-3.03158  ,20.6652,-3.29927  ,20.3607,-3.57036  ,20.0562,-3.84145   ,19.6636,-3.95121  ,19.271 ,-4.06097  ,18.9061,-4.24292    ,18.5413,-4.42486  ,18.1764,-4.6068   ,21.8967,-2.23023  ,21.4334,-2.31801   ,21.0744,-2.52828  ,20.7383,-2.76229  ,20.4115,-3.01184  ,20.6422,-3.28883   ,19.862 ,-3.48586   ,19.9517,-3.66309  ,19.1253,-3.68289   ,18.73  ,-3.88967  ,18.5413,-4.05966  ,18.1764,-4.6068   ,18.5413,-4.79007  ,19.0823,-4.59617  ,19.4166,-4.43906   ,19.3755,-4.23932  ,20.2504,-4.19704  ,20.0792,-3.85188   ,20.9189,-3.5867   ,21.2071,-3.30086  ,21.486 ,-2.99949  ,21.7434,-2.6761   ,20.3607,-12.7841  ,           ,   ,      ,       ,       ,       ,2
305 ,21.8151,-2.23023  ,21.5069,-2.49706   ,21.1986,-2.76388 ,20.8912,-3.03158  ,20.5837,-3.29927  ,20.2792,-3.57036  ,19.9747,-3.84145   ,19.5821,-3.95121  ,19.1894,-4.06097  ,18.8246,-4.24292    ,18.4597,-4.42486  ,18.0949,-4.6068   ,21.8151,-2.23023  ,21.3519,-2.31801   ,20.9928,-2.52828  ,20.6567,-2.76229  ,20.33  ,-3.01184  ,20.5607,-3.28883   ,19.7805,-3.48586   ,19.8702,-3.66309  ,19.0438,-3.68289   ,18.6484,-3.88967  ,18.4597,-4.05966  ,18.0949,-4.6068   ,18.4597,-4.79007  ,19.0007,-4.59617  ,19.335 ,-4.43906   ,19.2939,-4.23932  ,20.1689,-4.19704  ,19.9977,-3.85188   ,20.8374,-3.5867   ,21.1256,-3.30086  ,21.4045,-2.99949  ,21.6619,-2.6761   ,20.2792,-12.7841  ,           ,   ,      ,       ,       ,       ,2
306 ,22.244 ,-2.44689  ,21.8436,-2.52385   ,21.4433,-2.60081 ,21.1358,-2.8685   ,20.8283,-3.13619  ,20.5238,-3.40728  ,20.2193,-3.67838   ,19.8267,-3.78813  ,19.434 ,-3.8979   ,19.0692,-4.07984    ,18.7044,-4.26179  ,18.3395,-4.44372  ,22.244 ,-2.44689  ,21.6068,-2.52385   ,21.3063,-2.31954  ,20.9013,-2.59922  ,20.5746,-2.84876  ,20.8053,-3.12575   ,20.0251,-3.32279   ,20.1148,-3.50002  ,19.2884,-3.51981   ,18.893 ,-3.72659  ,18.7044,-3.89658  ,18.3395,-4.44372  ,18.7044,-4.62699  ,19.2454,-4.43309  ,19.5796,-4.27598   ,19.5385,-4.07625  ,20.4135,-4.03397  ,20.2423,-3.68881   ,21.082 ,-3.42362  ,21.3702,-3.13779  ,21.5802,-2.88208  ,22.0804,-2.52385  ,20.5238,-12.621   ,           ,   ,      ,       ,       ,       ,2
307 ,22.3255,-2.44689  ,21.9252,-2.52385   ,21.5248,-2.60081 ,21.2173,-2.8685   ,20.9098,-3.13619  ,20.6053,-3.40728  ,20.3008,-3.67838   ,19.9082,-3.78813  ,19.5156,-3.8979   ,19.1507,-4.07984    ,18.7859,-4.26179  ,18.4211,-4.44372  ,22.3255,-2.44689  ,21.6883,-2.52385   ,21.3878,-2.31954  ,20.9829,-2.59922  ,20.6561,-2.84876  ,20.8869,-3.12575   ,20.1066,-3.32279   ,20.1963,-3.50002  ,19.37  ,-3.51981   ,18.9746,-3.72659  ,18.7859,-3.89658  ,18.4211,-4.44372  ,18.7859,-4.62699  ,19.3269,-4.43309  ,19.6612,-4.27598   ,19.6201,-4.07625  ,20.4951,-4.03397  ,20.3238,-3.68881   ,21.1635,-3.42362  ,21.4517,-3.13779  ,21.6617,-2.88208  ,22.162 ,-2.52385  ,20.6053,-12.621   ,           ,   ,      ,       ,       ,       ,2
308 ,22.3044,-1.98562  ,21.9961,-2.25244   ,21.6879,-2.51927 ,21.3804,-2.78696  ,21.0729,-3.05466  ,20.7684,-3.32574  ,20.4639,-3.59684   ,20.0713,-3.7066   ,19.6786,-3.81636  ,19.3138,-3.99831    ,18.949 ,-4.18025  ,18.5841,-4.36219  ,22.3044,-1.98562  ,21.8411,-2.07339   ,21.4821,-2.28367  ,21.1459,-2.51768  ,20.8192,-2.76723  ,21.0499,-3.04422   ,20.2697,-3.24125   ,20.3594,-3.41848  ,19.533 ,-3.43828   ,19.1376,-3.64505  ,18.949 ,-3.81505  ,18.5841,-4.36219  ,18.949 ,-4.54546  ,19.49  ,-4.35156  ,19.8243,-4.19445   ,19.7832,-3.99471  ,20.6581,-3.95243  ,20.4869,-3.60727   ,21.3266,-3.34209  ,21.6148,-3.05625  ,21.8937,-2.75487  ,22.1511,-2.43149  ,20.7684,-12.5394  ,           ,   ,      ,       ,       ,       ,2
309 ,22.3044,-1.98562  ,21.9961,-2.25244   ,21.6879,-2.51927 ,21.3804,-2.78696  ,21.0729,-3.05466  ,20.7684,-3.32574  ,20.4639,-3.59684   ,20.0713,-3.7066   ,19.6786,-3.81636  ,19.3138,-3.99831    ,18.949 ,-4.18025  ,18.5841,-4.36219  ,22.3044,-1.98562  ,21.8411,-2.07339   ,21.4821,-2.28367  ,21.1459,-2.51768  ,20.8192,-2.76723  ,21.0499,-3.04422   ,20.2697,-3.24125   ,20.3594,-3.41848  ,19.533 ,-3.43828   ,19.1376,-3.64505  ,18.949 ,-3.81505  ,18.5841,-4.36219  ,18.949 ,-4.54546  ,19.49  ,-4.35156  ,19.8243,-4.19445   ,19.7832,-3.99471  ,20.6581,-3.95243  ,20.4869,-3.60727   ,21.3266,-3.34209  ,21.6148,-3.05625  ,21.8937,-2.75487  ,22.1511,-2.43149  ,20.7684,-12.5394  ,           ,   ,      ,       ,       ,       ,2
310 ,22.3044,-1.98562  ,21.9961,-2.25244   ,21.6879,-2.51927 ,21.3804,-2.78696  ,21.0729,-3.05466  ,20.7684,-3.32574  ,20.4639,-3.59684   ,20.0713,-3.7066   ,19.6786,-3.81636  ,19.3138,-3.99831    ,18.949 ,-4.18025  ,18.5841,-4.36219  ,22.3044,-1.98562  ,21.8411,-2.07339   ,21.4821,-2.28367  ,21.1459,-2.51768  ,20.8192,-2.76723  ,21.0499,-3.04422   ,20.2697,-3.24125   ,20.3594,-3.41848  ,19.533 ,-3.43828   ,19.1376,-3.64505  ,18.949 ,-3.81505  ,18.5841,-4.36219  ,18.949 ,-4.54546  ,19.49  ,-4.35156  ,19.8243,-4.19445   ,19.7832,-3.99471  ,20.6581,-3.95243  ,20.4869,-3.60727   ,21.3266,-3.34209  ,21.6148,-3.05625  ,21.8937,-2.75487  ,22.1511,-2.43149  ,20.7684,-12.5394  ,           ,   ,      ,       ,       ,       ,2
311 ,22.3859,-1.98562  ,22.0776,-2.25244   ,21.7694,-2.51927 ,21.4619,-2.78696  ,21.1544,-3.05466  ,20.8499,-3.32574  ,20.5454,-3.59684   ,20.1528,-3.7066   ,19.7602,-3.81636  ,19.3953,-3.99831    ,19.0305,-4.18025  ,18.6657,-4.36219  ,22.3859,-1.98562  ,21.9227,-2.07339   ,21.5636,-2.28367  ,21.2275,-2.51768  ,20.9007,-2.76723  ,21.1315,-3.04422   ,20.3512,-3.24125   ,20.4409,-3.41848  ,19.6146,-3.43828   ,19.2192,-3.64505  ,19.0305,-3.81505  ,18.6657,-4.36219  ,19.0305,-4.54546  ,19.5715,-4.35156  ,19.9058,-4.19445   ,19.8647,-3.99471  ,20.7397,-3.95243  ,20.5684,-3.60727   ,21.4082,-3.34209  ,21.6964,-3.05625  ,21.9752,-2.75487  ,22.2326,-2.43149  ,20.8499,-12.5394  ,           ,   ,      ,       ,       ,       ,2
312 ,22.3859,-1.98562  ,22.0776,-2.25244   ,21.7694,-2.51927 ,21.4619,-2.78696  ,21.1544,-3.05466  ,20.8499,-3.32574  ,20.5454,-3.59684   ,20.1528,-3.7066   ,19.7602,-3.81636  ,19.3953,-3.99831    ,19.0305,-4.18025  ,18.6657,-4.36219  ,22.3859,-1.98562  ,21.9227,-2.07339   ,21.5636,-2.28367  ,21.2275,-2.51768  ,20.9007,-2.76723  ,21.1315,-3.04422   ,20.3512,-3.24125   ,20.4409,-3.41848  ,19.6146,-3.43828   ,19.2192,-3.64505  ,19.0305,-3.81505  ,18.6657,-4.36219  ,19.0305,-4.54546  ,19.5715,-4.35156  ,19.9058,-4.19445   ,19.8647,-3.99471  ,20.7397,-3.95243  ,20.5684,-3.60727   ,21.4082,-3.34209  ,21.6964,-3.05625  ,21.9752,-2.75487  ,22.2326,-2.43149  ,20.8499,-12.5394  ,           ,   ,      ,       ,       ,       ,2
313 ,22.3859,-1.98562  ,22.0776,-2.25244   ,21.7694,-2.51927 ,21.4619,-2.78696  ,21.1544,-3.05466  ,20.8499,-3.32574  ,20.5454,-3.59684   ,20.1528,-3.7066   ,19.7602,-3.81636  ,19.3953,-3.99831    ,19.0305,-4.18025  ,18.6657,-4.36219  ,22.3859,-1.98562  ,21.9227,-2.07339   ,21.5636,-2.28367  ,21.2275,-2.51768  ,20.9007,-2.76723  ,21.1315,-3.04422   ,20.3512,-3.24125   ,20.4409,-3.41848  ,19.6146,-3.43828   ,19.2192,-3.64505  ,19.0305,-3.81505  ,18.6657,-4.36219  ,19.0305,-4.54546  ,19.5715,-4.35156  ,19.9058,-4.19445   ,19.8647,-3.99471  ,20.7397,-3.95243  ,20.5684,-3.60727   ,21.4082,-3.34209  ,21.6964,-3.05625  ,21.9752,-2.75487  ,22.2326,-2.43149  ,20.8499,-12.5394  ,           ,   ,      ,       ,       ,       ,2
314 ,22.3859,-1.98562  ,22.0776,-2.25244   ,21.7694,-2.51927 ,21.4619,-2.78696  ,21.1544,-3.05466  ,20.8499,-3.32574  ,20.5454,-3.59684   ,20.1528,-3.7066   ,19.7602,-3.81636  ,19.3953,-3.99831    ,19.0305,-4.18025  ,18.6657,-4.36219  ,22.3859,-1.98562  ,21.9227,-2.07339   ,21.5636,-2.28367  ,21.2275,-2.51768  ,20.9007,-2.76723  ,21.1315,-3.04422   ,20.3512,-3.24125   ,20.4409,-3.41848  ,19.6146,-3.43828   ,19.2192,-3.64505  ,19.0305,-3.81505  ,18.6657,-4.36219  ,19.0305,-4.54546  ,19.5715,-4.35156  ,19.9058,-4.19445   ,19.8647,-3.99471  ,20.7397,-3.95243  ,20.5684,-3.60727   ,21.4082,-3.34209  ,21.6964,-3.05625  ,21.9752,-2.75487  ,22.2326,-2.43149  ,20.8499,-12.5394  ,           ,   ,      ,       ,       ,       ,2
315 ,22.7332,-2.20228  ,22.3328,-2.27924   ,21.9325,-2.3562  ,21.625 ,-2.62389  ,21.3175,-2.89158  ,21.013 ,-3.16267  ,20.7085,-3.43377   ,20.3159,-3.54352  ,19.9233,-3.65329  ,19.5584,-3.83523    ,19.1936,-4.01718  ,18.8287,-4.19911  ,22.7332,-2.20228  ,22.096 ,-2.27924   ,21.7955,-2.07493  ,21.3906,-2.3546   ,21.0638,-2.60415  ,21.2945,-2.88114   ,20.5143,-3.07818   ,20.604 ,-3.2554   ,19.7776,-3.2752    ,19.3823,-3.48198  ,19.1936,-3.65197  ,18.8287,-4.19911  ,19.1936,-4.38238  ,19.7346,-4.18848  ,20.0689,-4.03137   ,20.0278,-3.83164  ,20.9027,-3.78936  ,20.7315,-3.4442    ,21.5712,-3.17901  ,21.8594,-2.89318  ,22.0694,-2.63747  ,22.5697,-2.27924  ,21.013 ,-12.3764  ,           ,   ,      ,       ,       ,       ,2
316 ,22.6517,-2.12074  ,22.2513,-2.1977    ,21.8509,-2.27466 ,21.5435,-2.54235  ,21.236 ,-2.81005  ,20.9315,-3.08113  ,20.627 ,-3.35223   ,20.2344,-3.46198  ,19.8417,-3.57175  ,19.4769,-3.75369    ,19.112 ,-3.93564  ,18.7472,-4.11758  ,22.6517,-2.12074  ,22.0145,-2.1977    ,21.714 ,-1.99339  ,21.309 ,-2.27307  ,20.9822,-2.52262  ,21.213 ,-2.7996    ,20.4327,-2.99664   ,20.5225,-3.17387  ,19.6961,-3.19366   ,19.3007,-3.40044  ,19.112 ,-3.57044  ,18.7472,-4.11758  ,19.112 ,-4.30085  ,19.653 ,-4.10695  ,19.9873,-3.94983   ,19.9462,-3.7501   ,20.8212,-3.70782  ,20.65  ,-3.36266   ,21.4897,-3.09748  ,21.7779,-2.81164  ,21.9879,-2.55593  ,22.4881,-2.1977   ,20.9315,-12.2948  ,           ,   ,      ,       ,       ,       ,2
317 ,22.6642,-2.25169  ,22.2576,-2.2224    ,21.8509,-2.19312 ,21.5435,-2.46082  ,21.236 ,-2.72851  ,20.9315,-2.9996   ,20.627 ,-3.27069   ,20.2344,-3.38045  ,19.8417,-3.49021  ,19.4769,-3.67216    ,19.112 ,-3.8541   ,18.7472,-4.03604  ,22.6642,-2.25169  ,22.2746,-1.9862    ,21.7519,-1.89638  ,21.309 ,-2.19153  ,20.9822,-2.44108  ,21.213 ,-2.71807   ,20.4327,-2.9151    ,20.5225,-3.09233  ,19.6961,-3.11213   ,19.3007,-3.31891  ,19.112 ,-3.4889   ,18.7472,-4.03604  ,19.112 ,-4.21931  ,19.653 ,-4.02541  ,19.9873,-3.8683    ,19.9462,-3.66856  ,20.8212,-3.62628  ,20.65  ,-3.28112   ,21.4897,-3.01594  ,21.7779,-2.7301   ,21.95  ,-2.48987  ,22.2406,-2.45861  ,20.9315,-12.2133  ,           ,   ,      ,       ,       ,       ,2
318 ,22.6517,-2.03921  ,22.2513,-2.11616   ,21.8509,-2.19312 ,21.5435,-2.46082  ,21.236 ,-2.72851  ,20.9315,-2.9996   ,20.627 ,-3.27069   ,20.2344,-3.38045  ,19.8417,-3.49021  ,19.4769,-3.67216    ,19.112 ,-3.8541   ,18.7472,-4.03604  ,22.6517,-2.03921  ,22.0145,-2.11616   ,21.714 ,-1.91185  ,21.309 ,-2.19153  ,20.9822,-2.44108  ,21.213 ,-2.71807   ,20.4327,-2.9151    ,20.5225,-3.09233  ,19.6961,-3.11213   ,19.3007,-3.31891  ,19.112 ,-3.4889   ,18.7472,-4.03604  ,19.112 ,-4.21931  ,19.653 ,-4.02541  ,19.9873,-3.8683    ,19.9462,-3.66856  ,20.8212,-3.62628  ,20.65  ,-3.28112   ,21.4897,-3.01594  ,21.7779,-2.7301   ,21.9879,-2.47439  ,22.4881,-2.11616  ,20.9315,-12.2133  ,           ,   ,      ,       ,       ,       ,2
319 ,22.6517,-2.03921  ,22.2513,-2.11616   ,21.8509,-2.19312 ,21.5435,-2.46082  ,21.236 ,-2.72851  ,20.9315,-2.9996   ,20.627 ,-3.27069   ,20.2344,-3.38045  ,19.8417,-3.49021  ,19.4769,-3.67216    ,19.112 ,-3.8541   ,18.7472,-4.03604  ,22.6517,-2.03921  ,22.0145,-2.11616   ,21.714 ,-1.91185  ,21.309 ,-2.19153  ,20.9822,-2.44108  ,21.213 ,-2.71807   ,20.4327,-2.9151    ,20.5225,-3.09233  ,19.6961,-3.11213   ,19.3007,-3.31891  ,19.112 ,-3.4889   ,18.7472,-4.03604  ,19.112 ,-4.21931  ,19.653 ,-4.02541  ,19.9873,-3.8683    ,19.9462,-3.66856  ,20.8212,-3.62628  ,20.65  ,-3.28112   ,21.4897,-3.01594  ,21.7779,-2.7301   ,21.9879,-2.47439  ,22.4881,-2.11616  ,20.9315,-12.2133  ,           ,   ,      ,       ,       ,       ,2
320 ,22.8217,-2.10918  ,22.4549,-2.28713   ,22.0881,-2.46509 ,21.7218,-2.64407  ,21.3555,-2.82306  ,20.9913,-3.00611  ,20.627 ,-3.18916   ,20.2344,-3.29891  ,19.8417,-3.40867  ,19.4769,-3.59062    ,19.112 ,-3.77257  ,18.7472,-3.9545   ,22.8217,-2.10918  ,22.3516,-2.07407   ,21.9526,-2.18313  ,21.3648,-2.64407  ,21.1851,-2.47965  ,20.9913,-2.60796   ,20.4808,-2.81126   ,20.5225,-3.01079  ,19.6961,-3.03059   ,19.3007,-3.23737  ,19.112 ,-3.40736  ,18.7472,-3.9545   ,19.112 ,-4.13777  ,19.653 ,-3.94387  ,19.9873,-3.78676   ,19.9462,-3.58703  ,20.7731,-3.56705  ,20.9913,-3.40425   ,21.526 ,-3.16648  ,22.0789,-2.64407  ,22.2237,-2.74704  ,22.5583,-2.50019  ,20.9913,-12.2198  ,           ,   ,      ,       ,       ,       ,2
321 ,22.7861,-1.93143  ,22.4779,-2.19826   ,22.1697,-2.46509 ,21.8034,-2.64407  ,21.4371,-2.82306  ,21.0728,-3.00611  ,20.7085,-3.18916   ,20.3159,-3.29891  ,19.9233,-3.40867  ,19.5584,-3.59062    ,19.1936,-3.77257  ,18.8287,-3.9545   ,22.7861,-1.93143  ,22.3229,-2.01921   ,21.9972,-2.2041   ,21.4463,-2.64407  ,21.2666,-2.47965  ,21.0728,-2.60796   ,20.5624,-2.81126   ,20.604 ,-3.01079  ,19.7776,-3.03059   ,19.3823,-3.23737  ,19.1936,-3.40736  ,18.8287,-3.9545   ,19.1936,-4.13777  ,19.7346,-3.94387  ,20.0689,-3.78676   ,20.0278,-3.58703  ,20.8547,-3.56705  ,21.0728,-3.40425   ,21.6075,-3.16648  ,22.1604,-2.64407  ,22.3422,-2.72607  ,22.6329,-2.37731  ,21.0728,-12.2198  ,           ,   ,      ,       ,       ,       ,2
322 ,22.8677,-1.93143  ,22.5594,-2.19826   ,22.2512,-2.46509 ,21.8849,-2.64407  ,21.5186,-2.82306  ,21.1543,-3.00611  ,20.7901,-3.18916   ,20.3974,-3.29891  ,20.0048,-3.40867  ,19.64  ,-3.59062    ,19.2751,-3.77257  ,18.9103,-3.9545   ,22.8677,-1.93143  ,22.4045,-2.01921   ,22.0787,-2.2041   ,21.5279,-2.64407  ,21.3482,-2.47965  ,21.1543,-2.60796   ,20.6439,-2.81126   ,20.6855,-3.01079  ,19.8592,-3.03059   ,19.4638,-3.23737  ,19.2751,-3.40736  ,18.9103,-3.9545   ,19.2751,-4.13777  ,19.8161,-3.94387  ,20.1504,-3.78676   ,20.1093,-3.58703  ,20.9362,-3.56705  ,21.1543,-3.40425   ,21.6891,-3.16648  ,22.2419,-2.64407  ,22.4237,-2.72607  ,22.7144,-2.37731  ,21.1543,-12.2198  ,           ,   ,      ,       ,       ,       ,2
323 ,22.8677,-1.93143  ,22.5594,-2.19826   ,22.2512,-2.46509 ,21.8849,-2.64407  ,21.5186,-2.82306  ,21.1543,-3.00611  ,20.7901,-3.18916   ,20.3974,-3.29891  ,20.0048,-3.40867  ,19.64  ,-3.59062    ,19.2751,-3.77257  ,18.9103,-3.9545   ,22.8677,-1.93143  ,22.4045,-2.01921   ,22.0787,-2.2041   ,21.5279,-2.64407  ,21.3482,-2.47965  ,21.1543,-2.60796   ,20.6439,-2.81126   ,20.6855,-3.01079  ,19.8592,-3.03059   ,19.4638,-3.23737  ,19.2751,-3.40736  ,18.9103,-3.9545   ,19.2751,-4.13777  ,19.8161,-3.94387  ,20.1504,-3.78676   ,20.1093,-3.58703  ,20.9362,-3.56705  ,21.1543,-3.40425   ,21.6891,-3.16648  ,22.2419,-2.64407  ,22.4237,-2.72607  ,22.7144,-2.37731  ,21.1543,-12.2198  ,           ,   ,      ,       ,       ,       ,2
324 ,23.0308,-1.84989  ,22.7225,-2.11672   ,22.4143,-2.38355 ,22.048 ,-2.56254  ,21.6817,-2.74153  ,21.3174,-2.92457  ,20.9531,-3.10762   ,20.5605,-3.21737  ,20.1679,-3.32714  ,19.803 ,-3.50908    ,19.4382,-3.69103  ,19.0734,-3.87296  ,23.0308,-1.84989  ,22.5675,-1.93767   ,22.2418,-2.12256  ,21.6909,-2.56254  ,21.5112,-2.39811  ,21.3174,-2.52643   ,20.807 ,-2.72972   ,20.8486,-2.92926  ,20.0222,-2.94905   ,19.6269,-3.15583  ,19.4382,-3.32582  ,19.0734,-3.87296  ,19.4382,-4.05623  ,19.9792,-3.86233  ,20.3135,-3.70522   ,20.2724,-3.50549  ,21.0993,-3.48551  ,21.3174,-3.32271   ,21.8521,-3.08494  ,22.405 ,-2.56254  ,22.5868,-2.64453  ,22.8775,-2.29577  ,21.3174,-12.1383  ,           ,   ,      ,       ,       ,       ,2
325 ,23.1938,-1.76836  ,22.8856,-2.03518   ,22.5774,-2.30201 ,22.2111,-2.481    ,21.8448,-2.65999  ,21.4805,-2.84303  ,21.1162,-3.02608   ,20.7236,-3.13584  ,20.3309,-3.2456   ,19.9661,-3.42755    ,19.6013,-3.60949  ,19.2364,-3.79143  ,23.1938,-1.76836  ,22.7306,-1.85613   ,22.4049,-2.04103  ,21.854 ,-2.481    ,21.6743,-2.31657  ,21.4805,-2.44489   ,20.97  ,-2.64819   ,21.0117,-2.84772  ,20.1853,-2.86752   ,19.7899,-3.07429  ,19.6013,-3.24429  ,19.2364,-3.79143  ,19.6013,-3.9747   ,20.1423,-3.7808   ,20.4766,-3.62369   ,20.4355,-3.42395  ,21.2624,-3.40398  ,21.4805,-3.24117   ,22.0152,-3.00341  ,22.5681,-2.481    ,22.7499,-2.563    ,23.0406,-2.21423  ,21.4805,-12.0567  ,           ,   ,      ,       ,       ,       ,2
326 ,23.2754,-1.68682  ,22.9671,-1.95365   ,22.6589,-2.22047 ,22.2926,-2.39946  ,21.9263,-2.57845  ,21.562 ,-2.76149  ,21.1977,-2.94454   ,20.8051,-3.0543   ,20.4125,-3.16406  ,20.0476,-3.34601    ,19.6828,-3.52795  ,19.318 ,-3.70989  ,23.2754,-1.68682  ,22.8121,-1.7746    ,22.4864,-1.95949  ,21.9356,-2.39946  ,21.7558,-2.23504  ,21.562 ,-2.36335   ,21.0516,-2.56665   ,21.0932,-2.76618  ,20.2669,-2.78598   ,19.8715,-2.99276  ,19.6828,-3.16275  ,19.318 ,-3.70989  ,19.6828,-3.89316  ,20.2238,-3.69926  ,20.5581,-3.54215   ,20.517 ,-3.34242  ,21.3439,-3.32244  ,21.562 ,-3.15963   ,22.0967,-2.92187  ,22.6496,-2.39946  ,22.8314,-2.48146  ,23.1221,-2.1327   ,21.562 ,-11.9752  ,           ,   ,      ,       ,       ,       ,2
327 ,23.2754,-1.68682  ,22.9671,-1.95365   ,22.6589,-2.22047 ,22.2926,-2.39946  ,21.9263,-2.57845  ,21.562 ,-2.76149  ,21.1977,-2.94454   ,20.8051,-3.0543   ,20.4125,-3.16406  ,20.0476,-3.34601    ,19.6828,-3.52795  ,19.318 ,-3.70989  ,23.2754,-1.68682  ,22.8121,-1.7746    ,22.4864,-1.95949  ,21.9356,-2.39946  ,21.7558,-2.23504  ,21.562 ,-2.36335   ,21.0516,-2.56665   ,21.0932,-2.76618  ,20.2669,-2.78598   ,19.8715,-2.99276  ,19.6828,-3.16275  ,19.318 ,-3.70989  ,19.6828,-3.89316  ,20.2238,-3.69926  ,20.5581,-3.54215   ,20.517 ,-3.34242  ,21.3439,-3.32244  ,21.562 ,-3.15963   ,22.0967,-2.92187  ,22.6496,-2.39946  ,22.8314,-2.48146  ,23.1221,-2.1327   ,21.562 ,-11.9752  ,           ,   ,      ,       ,       ,       ,2
328 ,23.2754,-1.68682  ,22.9671,-1.95365   ,22.6589,-2.22047 ,22.2926,-2.39946  ,21.9263,-2.57845  ,21.562 ,-2.76149  ,21.1977,-2.94454   ,20.8051,-3.0543   ,20.4125,-3.16406  ,20.0476,-3.34601    ,19.6828,-3.52795  ,19.318 ,-3.70989  ,23.2754,-1.68682  ,22.8121,-1.7746    ,22.4864,-1.95949  ,21.9356,-2.39946  ,21.7558,-2.23504  ,21.562 ,-2.36335   ,21.0516,-2.56665   ,21.0932,-2.76618  ,20.2669,-2.78598   ,19.8715,-2.99276  ,19.6828,-3.16275  ,19.318 ,-3.70989  ,19.6828,-3.89316  ,20.2238,-3.69926  ,20.5581,-3.54215   ,20.517 ,-3.34242  ,21.3439,-3.32244  ,21.562 ,-3.15963   ,22.0967,-2.92187  ,22.6496,-2.39946  ,22.8314,-2.48146  ,23.1221,-2.1327   ,21.562 ,-11.9752  ,           ,   ,      ,       ,       ,       ,2
329 ,23.2754,-1.60528  ,22.9671,-1.87211   ,22.6589,-2.13894 ,22.2926,-2.31793  ,21.9263,-2.49692  ,21.562 ,-2.67996  ,21.1977,-2.86301   ,20.8051,-2.97276  ,20.4125,-3.08253  ,20.0476,-3.26447    ,19.6828,-3.44642  ,19.318 ,-3.62835  ,23.2754,-1.60528  ,22.8121,-1.69306   ,22.4864,-1.87795  ,21.9356,-2.31793  ,21.7558,-2.1535   ,21.562 ,-2.28182   ,21.0516,-2.48511   ,21.0932,-2.68464  ,20.2669,-2.70444   ,19.8715,-2.91122  ,19.6828,-3.08121  ,19.318 ,-3.62835  ,19.6828,-3.81162  ,20.2238,-3.61772  ,20.5581,-3.46061   ,20.517 ,-3.26088  ,21.3439,-3.2409   ,21.562 ,-3.0781    ,22.0967,-2.84033  ,22.6496,-2.31793  ,22.8314,-2.39992  ,23.1221,-2.05116  ,21.562 ,-11.8937  ,           ,   ,      ,       ,       ,       ,2
330 ,23.1938,-1.60528  ,22.8856,-1.87211   ,22.5774,-2.13894 ,22.2111,-2.31793  ,21.8448,-2.49692  ,21.4805,-2.67996  ,21.1162,-2.86301   ,20.7236,-2.97276  ,20.3309,-3.08253  ,19.9661,-3.26447    ,19.6013,-3.44642  ,19.2364,-3.62835  ,23.1938,-1.60528  ,22.7306,-1.69306   ,22.4049,-1.87795  ,21.854 ,-2.31793  ,21.6743,-2.1535   ,21.4805,-2.28182   ,20.97  ,-2.48511   ,21.0117,-2.68464  ,20.1853,-2.70444   ,19.7899,-2.91122  ,19.6013,-3.08121  ,19.2364,-3.62835  ,19.6013,-3.81162  ,20.1423,-3.61772  ,20.4766,-3.46061   ,20.4355,-3.26088  ,21.2624,-3.2409   ,21.4805,-3.0781    ,22.0152,-2.84033  ,22.5681,-2.31793  ,22.7499,-2.39992  ,23.0406,-2.05116  ,21.4805,-11.8937  ,           ,   ,      ,       ,       ,       ,2
331 ,23.3569,-1.52375  ,23.0487,-1.79057   ,22.7404,-2.0574  ,22.3741,-2.23639  ,22.0078,-2.41538  ,21.6436,-2.59842  ,21.2793,-2.78147   ,20.8866,-2.89122  ,20.494 ,-3.00099  ,20.1292,-3.18293    ,19.7643,-3.36488  ,19.3995,-3.54682  ,23.3569,-1.52375  ,22.8937,-1.61152   ,22.5679,-1.79642  ,22.0171,-2.23639  ,21.8374,-2.07196  ,21.6436,-2.20028   ,21.1331,-2.40357   ,21.1748,-2.60311  ,20.3484,-2.6229    ,19.953 ,-2.82968  ,19.7643,-2.99968  ,19.3995,-3.54682  ,19.7643,-3.73009  ,20.3053,-3.53619  ,20.6396,-3.37907   ,20.5985,-3.17934  ,21.4254,-3.15937  ,21.6436,-2.99656   ,22.1783,-2.7588   ,22.7312,-2.23639  ,22.9129,-2.31838  ,23.2037,-1.96962  ,21.6436,-11.8121  ,           ,   ,      ,       ,       ,       ,2
332 ,23.52  ,-1.44221  ,23.2117,-1.70904   ,22.9035,-1.97586 ,22.5372,-2.15485  ,22.1709,-2.33384  ,21.8066,-2.51688  ,21.4423,-2.69993   ,21.0497,-2.80969  ,20.6571,-2.91945  ,20.2922,-3.1014     ,19.9274,-3.28334  ,19.5626,-3.46528  ,23.52  ,-1.44221  ,23.0567,-1.52999   ,22.731 ,-1.71488  ,22.1802,-2.15485  ,22.0005,-1.99042  ,21.8066,-2.11874   ,21.2962,-2.32204   ,21.3378,-2.52157  ,20.5115,-2.54137   ,20.1161,-2.74815  ,19.9274,-2.91814  ,19.5626,-3.46528  ,19.9274,-3.64855  ,20.4684,-3.45465  ,20.8027,-3.29754   ,20.7616,-3.0978   ,21.5885,-3.07783  ,21.8066,-2.91502   ,22.3414,-2.67726  ,22.8942,-2.15485  ,23.076 ,-2.23685  ,23.3667,-1.88808  ,21.8066,-11.7306  ,           ,   ,      ,       ,       ,       ,2
333 ,23.6015,-1.36067  ,23.2933,-1.6275    ,22.985 ,-1.89433 ,22.6187,-2.07331  ,22.2524,-2.2523   ,21.8882,-2.43535  ,21.5239,-2.6184    ,21.1313,-2.72815  ,20.7386,-2.83791  ,20.3738,-3.01986    ,20.0089,-3.20181  ,19.6441,-3.38374  ,23.6015,-1.36067  ,23.1383,-1.44845   ,22.8125,-1.63334  ,22.2617,-2.07331  ,22.082 ,-1.90889  ,21.8882,-2.0372    ,21.3777,-2.2405    ,21.4194,-2.44003  ,20.593 ,-2.45983   ,20.1976,-2.66661  ,20.0089,-2.8366   ,19.6441,-3.38374  ,20.0089,-3.56701  ,20.5499,-3.37311  ,20.8842,-3.216     ,20.8431,-3.01627  ,21.67  ,-2.99629  ,21.8882,-2.83349   ,22.4229,-2.59572  ,22.9758,-2.07331  ,23.1575,-2.15531  ,23.4483,-1.80655  ,21.8882,-11.649   ,           ,   ,      ,       ,       ,       ,2
334 ,23.8461,-1.27913  ,23.5379,-1.54596   ,23.2296,-1.81279 ,22.8633,-1.99178  ,22.4971,-2.17077  ,22.1328,-2.35381  ,21.7685,-2.53686   ,21.3759,-2.64661  ,20.9832,-2.75638  ,20.6184,-2.93832    ,20.2536,-3.12027  ,19.8887,-3.3022   ,23.8461,-1.27913  ,23.3829,-1.36691   ,23.0571,-1.5518   ,22.5063,-1.99178  ,22.3266,-1.82735  ,22.1328,-1.95567   ,21.6223,-2.15896   ,21.664 ,-2.3585   ,20.8376,-2.37829   ,20.4422,-2.58507  ,20.2536,-2.75506  ,19.8887,-3.3022   ,20.2536,-3.48547  ,20.7946,-3.29157  ,21.1289,-3.13446   ,21.0878,-2.93473  ,21.9147,-2.91475  ,22.1328,-2.75195   ,22.6675,-2.51418  ,23.2204,-1.99178  ,23.4021,-2.07377  ,23.6929,-1.72501  ,22.1328,-11.5675  ,           ,   ,      ,       ,       ,       ,2
335 ,23.9277,-1.27913  ,23.6194,-1.54596   ,23.3112,-1.81279 ,22.9449,-1.99178  ,22.5786,-2.17077  ,22.2143,-2.35381  ,21.85  ,-2.53686   ,21.4574,-2.64661  ,21.0648,-2.75638  ,20.6999,-2.93832    ,20.3351,-3.12027  ,19.9703,-3.3022   ,23.9277,-1.27913  ,23.4644,-1.36691   ,23.1387,-1.5518   ,22.5879,-1.99178  ,22.4081,-1.82735  ,22.2143,-1.95567   ,21.7039,-2.15896   ,21.7455,-2.3585   ,20.9192,-2.37829   ,20.5238,-2.58507  ,20.3351,-2.75506  ,19.9703,-3.3022   ,20.3351,-3.48547  ,20.8761,-3.29157  ,21.2104,-3.13446   ,21.1693,-2.93473  ,21.9962,-2.91475  ,22.2143,-2.75195   ,22.749 ,-2.51418  ,23.3019,-1.99178  ,23.4837,-2.07377  ,23.7744,-1.72501  ,22.2143,-11.5675  ,           ,   ,      ,       ,       ,       ,2
336 ,20.0749,-3.23806  ,20.515 ,-3.10923   ,20.8643,-2.97734 ,21.2371,-2.79488  ,21.5939,-2.60023  ,21.9475,-2.41759  ,22.3082,-2.25015   ,22.6753,-2.06442  ,23.0598,-1.85566  ,23.4034,-1.6572     ,23.7337,-1.40263  ,23.9985,-1.15049  ,20.0749,-3.23806  ,20.3582,-2.7675    ,20.6813,-2.58834  ,21.0472,-2.38132  ,21.4112,-2.17125  ,21.7704,-1.97452   ,22.1382,-1.80861   ,22.5148,-1.64767  ,22.8967,-1.4907    ,23.2283,-1.35868  ,23.5428,-1.2076   ,23.9985,-1.15049  ,23.8217,-1.68621  ,23.4622,-2.03027  ,23.1114,-2.28108   ,22.7299,-2.53958  ,22.3729,-2.73822  ,22.0238,-2.91059   ,21.6746,-3.08569  ,21.3244,-3.26077  ,20.9352,-3.41588  ,20.5503,-3.48836  ,22.0201,2.36989   ,-0.482992  ,583,128825,54.9268,11.8936,127.782,0
337 ,20.031 ,-3.07471  ,20.4777,-3.0293    ,20.8276,-2.91712 ,21.2095,-2.73914  ,21.5884,-2.54603  ,21.9179,-2.38884  ,22.2875,-2.21052   ,22.6788,-2.00046  ,23.0154,-1.8201   ,23.4054,-1.61257    ,23.7194,-1.36591  ,23.9635,-1.1167   ,20.031 ,-3.07471  ,20.3688,-2.69757   ,20.6739,-2.52358  ,21.0248,-2.33939  ,21.3858,-2.12404  ,21.7113,-1.95411   ,22.0789,-1.78524   ,22.4678,-1.60825  ,22.8022,-1.46287   ,23.1895,-1.31816  ,23.5234,-1.16356  ,23.9635,-1.1167   ,23.8162,-1.65671  ,23.5104,-1.97545  ,23.1175,-2.23454   ,22.7761,-2.45615  ,22.3892,-2.68853  ,22.0167,-2.87448   ,21.6801,-3.02087  ,21.2876,-3.19498  ,20.8679,-3.35482  ,20.469 ,-3.38501  ,22.0317,2.30692   ,-0.474507  ,577,126752,54.6667,11.8931,129.782,0
338 ,20.0465,-3.06946  ,20.5027,-3.02553   ,20.8407,-2.91022 ,21.2083,-2.72071  ,21.5604,-2.51131  ,21.9112,-2.32044  ,22.2705,-2.1676    ,22.6696,-1.9682   ,23.0346,-1.79266  ,23.3607,-1.62306    ,23.7228,-1.36283  ,23.9673,-1.1084   ,20.0465,-3.06946  ,20.4111,-2.69937   ,20.7248,-2.5096   ,21.0894,-2.30588  ,21.4397,-2.07463  ,21.7744,-1.85552   ,22.1085,-1.70408   ,22.4881,-1.54093  ,22.8388,-1.41102   ,23.1534,-1.30522  ,23.5191,-1.14591  ,23.9673,-1.1084   ,23.8329,-1.66019  ,23.4585,-2.00309  ,23.1237,-2.22553   ,22.7501,-2.44792  ,22.331 ,-2.67507  ,21.9464,-2.83362   ,21.5812,-3.0081   ,21.2255,-3.19178  ,20.8462,-3.36079  ,20.4802,-3.37102  ,22.0667,2.26308   ,-0.478003  ,576,125316,54.5765,12.2175,128.368,0
339 ,20.1505,-3.13581  ,20.5952,-3.02426   ,20.9582,-2.92106 ,21.3364,-2.71844  ,21.646 ,-2.52366  ,22.0113,-2.32246  ,22.382 ,-2.13263   ,22.6941,-1.9817   ,23.0633,-1.79319  ,23.4093,-1.59421    ,23.7551,-1.34308  ,24.0269,-1.1042   ,20.1505,-3.13581  ,20.4395,-2.69387   ,20.7742,-2.53791  ,21.1477,-2.33615  ,21.4589,-2.12972  ,21.8173,-1.89629   ,22.1742,-1.69749   ,22.4874,-1.56777  ,22.8466,-1.41433   ,23.1806,-1.29043  ,23.5389,-1.14096  ,24.0269,-1.1042   ,23.8625,-1.63203  ,23.5198,-1.97239  ,23.1699,-2.22923   ,22.7982,-2.44532  ,22.4845,-2.62145  ,22.0989,-2.80378   ,21.7306,-2.97874  ,21.4203,-3.1681   ,21.0256,-3.34584  ,20.6299,-3.38314  ,22.1245,2.26659   ,-0.49335   ,575,126084,54.1538,11.954 ,127.782,0
340 ,24.0819,-1.07223  ,23.7675,-1.32173   ,23.453 ,-1.57124 ,23.1001,-1.76246  ,22.7472,-1.95368  ,22.388 ,-2.13293  ,22.0288,-2.31216   ,21.6826,-2.5153   ,21.3364,-2.71844  ,20.9577,-2.85171    ,20.5791,-2.98498  ,20.2004,-3.11825  ,24.0819,-1.07223  ,23.4844,-1.32173   ,23.2469,-1.2592   ,23.1001,-1.33567  ,22.5355,-1.5472   ,22.388 ,-1.65698   ,21.7979,-1.88639   ,21.1955,-2.5153   ,21.1325,-2.2791    ,20.4859,-2.85171  ,20.8878,-2.67628  ,20.2004,-3.11825  ,20.2704,-3.29368  ,21.4296,-2.85171  ,21.5402,-3.15777   ,22.1697,-2.5153   ,22.2597,-2.73793  ,22.388 ,-2.60887   ,22.9588,-2.36016  ,23.1001,-2.18926  ,23.6592,-1.88329  ,24.0506,-1.32173  ,22.388 ,-11.3466  ,           ,   ,      ,       ,       ,       ,2
341 ,24.0819,-1.07223  ,23.7675,-1.32173   ,23.453 ,-1.57124 ,23.1001,-1.76246  ,22.7472,-1.95368  ,22.388 ,-2.13293  ,22.0288,-2.31216   ,21.6826,-2.5153   ,21.3364,-2.71844  ,20.9577,-2.85171    ,20.5791,-2.98498  ,20.2004,-3.11825  ,24.0819,-1.07223  ,23.4844,-1.32173   ,23.2469,-1.2592   ,23.1001,-1.33567  ,22.5355,-1.5472   ,22.388 ,-1.65698   ,21.7979,-1.88639   ,21.1955,-2.5153   ,21.1325,-2.2791    ,20.4859,-2.85171  ,20.8878,-2.67628  ,20.2004,-3.11825  ,20.2704,-3.29368  ,21.4296,-2.85171  ,21.5402,-3.15777   ,22.1697,-2.5153   ,22.2597,-2.73793  ,22.388 ,-2.60887   ,22.9588,-2.36016  ,23.1001,-2.18926  ,23.6592,-1.88329  ,24.0506,-1.32173  ,22.388 ,-11.3466  ,           ,   ,      ,       ,       ,       ,2
342 ,24.0004,-0.990688 ,23.6859,-1.2402    ,23.3715,-1.48971 ,23.0186,-1.68093  ,22.6656,-1.87214  ,22.3064,-2.05139  ,21.9473,-2.23063   ,21.6011,-2.43376  ,21.2548,-2.6369   ,20.8762,-2.77017    ,20.4975,-2.90345  ,20.1189,-3.03671  ,24.0004,-0.990688 ,23.4029,-1.2402    ,23.1654,-1.17766  ,23.0186,-1.25413  ,22.4539,-1.46566  ,22.3064,-1.57544   ,21.7164,-1.80486   ,21.114 ,-2.43376  ,21.051 ,-2.19756   ,20.4043,-2.77017  ,20.8062,-2.59475  ,20.1189,-3.03671  ,20.1888,-3.21215  ,21.3481,-2.77017  ,21.4587,-3.07624   ,22.0881,-2.43376  ,22.1782,-2.6564   ,22.3064,-2.52733   ,22.8773,-2.27862  ,23.0186,-2.10772  ,23.5776,-1.80175  ,23.969 ,-1.2402   ,22.3064,-11.2651  ,           ,   ,      ,       ,       ,       ,2
343 ,23.7609,-1.09463  ,23.5224,-1.41611   ,23.284 ,-1.73758 ,22.932 ,-1.92826  ,22.5801,-2.11893  ,22.2219,-2.29766  ,21.8638,-2.47639   ,21.5185,-2.67895  ,21.1733,-2.88151  ,20.7957,-3.0144     ,20.4181,-3.14728  ,20.0406,-3.28018  ,23.7609,-1.09463  ,23.5224,-1.17929   ,23.079 ,-1.50126  ,22.575 ,-1.92826  ,22.4032,-1.77878  ,21.8238,-2.29766   ,21.6708,-2.12015   ,21.3123,-2.32751  ,21.0028,-2.51399   ,20.401 ,-3.0144   ,20.1599,-2.88904  ,20.0406,-3.28018  ,20.6764,-3.40552  ,21.1905,-3.0144   ,21.3438,-3.24903   ,21.7247,-3.03039  ,22.0568,-2.83264  ,22.6201,-2.29766   ,22.757 ,-2.45908  ,23.2891,-1.92826  ,23.489 ,-1.9739   ,23.5224,-1.65293  ,22.2219,-11.5114  ,           ,   ,      ,       ,       ,       ,2
344 ,24.1816,-1.33771  ,23.8143,-1.49687   ,23.447 ,-1.65604 ,23.0951,-1.84672  ,22.7432,-2.03739  ,22.385 ,-2.21612  ,22.0268,-2.39486   ,21.6816,-2.59741  ,21.3364,-2.79997  ,20.9588,-2.93286    ,20.5812,-3.06575  ,20.2037,-3.19864  ,24.1816,-1.33771  ,23.8143,-1.26005   ,23.3102,-1.37474  ,22.7381,-1.84672  ,22.5663,-1.69724  ,21.9869,-2.21612   ,21.8338,-2.03861   ,21.4754,-2.24597  ,21.1658,-2.43245   ,20.5641,-2.93286  ,20.323 ,-2.80751  ,20.2037,-3.19864  ,20.8395,-3.32398  ,21.3535,-2.93286  ,21.5069,-3.1675    ,21.8878,-2.94885  ,22.2198,-2.7511   ,22.7831,-2.21612   ,22.92  ,-2.37755  ,23.4521,-1.84672  ,23.5839,-1.93735  ,23.8143,-1.73369  ,22.385 ,-11.4298  ,           ,   ,      ,       ,       ,       ,2
345 ,24.3446,-1.25617  ,23.9774,-1.41533   ,23.6101,-1.57451 ,23.2582,-1.76518  ,22.9062,-1.95586  ,22.5481,-2.13459  ,22.1899,-2.31332   ,21.8447,-2.51588  ,21.4994,-2.71844  ,21.1219,-2.85132    ,20.7443,-2.98421  ,20.3667,-3.1171   ,24.3446,-1.25617  ,23.9774,-1.17852   ,23.4732,-1.2932   ,22.9011,-1.76518  ,22.7293,-1.6157   ,22.1499,-2.13459   ,21.9969,-1.95707   ,21.6385,-2.16444  ,21.3289,-2.35091   ,20.7271,-2.85132  ,20.4861,-2.72597  ,20.3667,-3.1171   ,21.0025,-3.24245  ,21.5166,-2.85132  ,21.67  ,-3.08596   ,22.0509,-2.86732  ,22.3829,-2.66957  ,22.9462,-2.13459   ,23.0831,-2.29601  ,23.6152,-1.76518  ,23.747 ,-1.85582  ,23.9774,-1.65215  ,22.5481,-11.3483  ,           ,   ,      ,       ,       ,       ,2
346 ,24.5893,-1.17463  ,24.222 ,-1.3338    ,23.8547,-1.49297 ,23.5028,-1.68364  ,23.1508,-1.87432  ,22.7927,-2.05305  ,22.4345,-2.23178   ,22.0893,-2.43434  ,21.7441,-2.6369   ,21.3665,-2.76978    ,20.9889,-2.90267  ,20.6113,-3.03557  ,24.5893,-1.17463  ,24.222 ,-1.09698   ,23.7178,-1.21166  ,23.1458,-1.68364  ,22.974 ,-1.53417  ,22.3945,-2.05305   ,22.2415,-1.87553   ,21.8831,-2.0829   ,21.5735,-2.26937   ,20.9717,-2.76978  ,20.7307,-2.64443  ,20.6113,-3.03557  ,21.2471,-3.16091  ,21.7612,-2.76978  ,21.9146,-3.00442   ,22.2955,-2.78578  ,22.6275,-2.58803  ,23.1908,-2.05305   ,23.3277,-2.21447  ,23.8598,-1.68364  ,23.9916,-1.77428  ,24.222 ,-1.57062  ,22.7927,-11.2667  ,           ,   ,      ,       ,       ,       ,2
347 ,24.5893,-1.25617  ,24.222 ,-1.41533   ,23.8547,-1.57451 ,23.5028,-1.76518  ,23.1508,-1.95586  ,22.7927,-2.13459  ,22.4345,-2.31332   ,22.0893,-2.51588  ,21.7441,-2.71844  ,21.3665,-2.85132    ,20.9889,-2.98421  ,20.6113,-3.1171   ,24.5893,-1.25617  ,24.222 ,-1.17852   ,23.7178,-1.2932   ,23.1458,-1.76518  ,22.974 ,-1.6157   ,22.3945,-2.13459   ,22.2415,-1.95707   ,21.8831,-2.16444  ,21.5735,-2.35091   ,20.9717,-2.85132  ,20.7307,-2.72597  ,20.6113,-3.1171   ,21.2471,-3.24245  ,21.7612,-2.85132  ,21.9146,-3.08596   ,22.2955,-2.86732  ,22.6275,-2.66957  ,23.1908,-2.13459   ,23.3277,-2.29601  ,23.8598,-1.76518  ,23.9916,-1.85582  ,24.222 ,-1.65215  ,22.7927,-11.3483  ,           ,   ,      ,       ,       ,       ,2
348 ,24.8946,-1.42148  ,24.497 ,-1.37568   ,24.0993,-1.3299  ,23.7474,-1.52057  ,23.3954,-1.71125  ,23.0373,-1.88998  ,22.6791,-2.06871   ,22.3339,-2.27127  ,21.9887,-2.47382  ,21.6111,-2.60671    ,21.2335,-2.7396   ,20.856 ,-2.87249  ,24.8946,-1.42148  ,24.3295,-1.20823   ,24.04  ,-1.02274  ,23.3904,-1.52057  ,23.2186,-1.37109  ,22.6391,-1.88998   ,22.4861,-1.71246   ,22.1277,-1.91983  ,21.8181,-2.1063    ,21.2164,-2.60671  ,20.9753,-2.48136  ,20.856 ,-2.87249  ,21.4918,-2.99783  ,22.0058,-2.60671  ,22.1592,-2.84135   ,22.5401,-2.62271  ,22.8721,-2.42495  ,23.4354,-1.88998   ,23.5723,-2.0514   ,24.1044,-1.52057  ,24.1587,-1.63705  ,24.6644,-1.54313  ,23.0373,-11.1037  ,           ,   ,      ,       ,       ,       ,2
349 ,25.0577,-1.42148  ,24.6601,-1.37568   ,24.2624,-1.3299  ,23.9105,-1.52057  ,23.5585,-1.71125  ,23.2004,-1.88998  ,22.8422,-2.06871   ,22.497 ,-2.27127  ,22.1517,-2.47382  ,21.7742,-2.60671    ,21.3966,-2.7396   ,21.019 ,-2.87249  ,25.0577,-1.42148  ,24.4926,-1.20823   ,24.203 ,-1.02274  ,23.5534,-1.52057  ,23.3816,-1.37109  ,22.8022,-1.88998   ,22.6492,-1.71246   ,22.2908,-1.91983  ,21.9812,-2.1063    ,21.3794,-2.60671  ,21.1384,-2.48136  ,21.019 ,-2.87249  ,21.6548,-2.99783  ,22.1689,-2.60671  ,22.3223,-2.84135   ,22.7032,-2.62271  ,23.0352,-2.42495  ,23.5985,-1.88998   ,23.7354,-2.0514   ,24.2675,-1.52057  ,24.3218,-1.63705  ,24.8275,-1.54313  ,23.2004,-11.1037  ,           ,   ,      ,       ,       ,       ,2
350 ,24.8946,-1.58455  ,24.497 ,-1.53875   ,24.0993,-1.49297 ,23.7474,-1.68364  ,23.3954,-1.87432  ,23.0373,-2.05305  ,22.6791,-2.23178   ,22.3339,-2.43434  ,21.9887,-2.6369   ,21.6111,-2.76978    ,21.2335,-2.90267  ,20.856 ,-3.03557  ,24.8946,-1.58455  ,24.3295,-1.3713    ,24.04  ,-1.18581  ,23.3904,-1.68364  ,23.2186,-1.53417  ,22.6391,-2.05305   ,22.4861,-1.87553   ,22.1277,-2.0829   ,21.8181,-2.26937   ,21.2164,-2.76978  ,20.9753,-2.64443  ,20.856 ,-3.03557  ,21.4918,-3.16091  ,22.0058,-2.76978  ,22.1592,-3.00442   ,22.5401,-2.78578  ,22.8721,-2.58803  ,23.4354,-2.05305   ,23.5723,-2.21447  ,24.1044,-1.68364  ,24.1587,-1.80013  ,24.6644,-1.70621  ,23.0373,-11.2667  ,           ,   ,      ,       ,       ,       ,2
351 ,25.1156,-1.52373  ,24.7196,-1.58241   ,24.3237,-1.6411  ,23.9344,-1.7342   ,23.5451,-1.82728  ,23.1529,-1.90722  ,22.7607,-1.98717   ,22.4154,-2.18973  ,22.0702,-2.39229  ,21.6926,-2.52517    ,21.3151,-2.65806  ,20.9375,-2.79096  ,25.1156,-1.52373  ,24.5522,-1.41496   ,24.2643,-1.33395  ,23.6819,-1.48173  ,23.4623,-1.45294  ,23.0734,-1.51711   ,22.6157,-1.60881   ,22.2092,-1.83829  ,21.8997,-2.02476   ,21.2979,-2.52517  ,21.0568,-2.39982  ,20.9375,-2.79096  ,21.5733,-2.9163   ,22.0874,-2.52517  ,22.2407,-2.75981   ,22.6216,-2.54117  ,22.9056,-2.36553  ,23.2324,-2.29734   ,23.6279,-2.20162  ,24.1869,-1.98666  ,24.3831,-1.94826  ,24.8871,-1.74986  ,23.1529,-11.1209  ,           ,   ,      ,       ,       ,       ,2
352 ,25.1398,-1.32277  ,24.7725,-1.48194   ,24.4052,-1.6411  ,24.0159,-1.7342   ,23.6266,-1.82728  ,23.2344,-1.90722  ,22.8422,-1.98717   ,22.497 ,-2.18973  ,22.1517,-2.39229  ,21.7742,-2.52517    ,21.3966,-2.65806  ,21.019 ,-2.79096  ,25.1398,-1.32277  ,24.7725,-1.24512   ,24.3063,-1.34432  ,23.7635,-1.48173  ,23.5438,-1.45294  ,23.1549,-1.51711   ,22.6973,-1.60881   ,22.2908,-1.83829  ,21.9812,-2.02476   ,21.3794,-2.52517  ,21.1384,-2.39982  ,21.019 ,-2.79096  ,21.6548,-2.9163   ,22.1689,-2.52517  ,22.3223,-2.75981   ,22.7032,-2.54117  ,22.9872,-2.36553  ,23.3139,-2.29734   ,23.7094,-2.20162  ,24.2684,-1.98666  ,24.5042,-1.93789  ,24.7725,-1.71876  ,23.2344,-11.1209  ,           ,   ,      ,       ,       ,       ,2
353 ,25.1971,-1.44219  ,24.8012,-1.50087   ,24.4052,-1.55957 ,24.0159,-1.65266  ,23.6266,-1.74574  ,23.2344,-1.82569  ,22.8422,-1.90563   ,22.497 ,-2.10819  ,22.1517,-2.31075  ,21.7742,-2.44364    ,21.3966,-2.57652  ,21.019 ,-2.70942  ,25.1971,-1.44219  ,24.6337,-1.33342   ,24.3459,-1.25241  ,23.7635,-1.4002   ,23.5438,-1.3714   ,23.1549,-1.43557   ,22.6973,-1.52727   ,22.2908,-1.75675  ,21.9812,-1.94323   ,21.3794,-2.44364  ,21.1384,-2.31828  ,21.019 ,-2.70942  ,21.6548,-2.83476  ,22.1689,-2.44364  ,22.3223,-2.67827   ,22.7032,-2.45963  ,22.9872,-2.284    ,23.3139,-2.21581   ,23.7094,-2.12009  ,24.2684,-1.90512  ,24.4646,-1.86672  ,24.9686,-1.66833  ,23.2344,-11.0394  ,           ,   ,      ,       ,       ,       ,2
354 ,25.3636,-1.56961  ,24.966 ,-1.52383   ,24.5683,-1.47803 ,24.179 ,-1.57112  ,23.7897,-1.66421  ,23.3975,-1.74415  ,23.0053,-1.8241    ,22.6601,-2.02665  ,22.3148,-2.22921  ,21.9372,-2.3621     ,21.5597,-2.49499  ,21.1821,-2.62788  ,25.3636,-1.56961  ,24.7985,-1.35637   ,24.5495,-1.16575  ,23.9265,-1.31866  ,23.7069,-1.28986  ,23.318 ,-1.35403   ,22.8604,-1.44573   ,22.4539,-1.67521  ,22.1443,-1.86169   ,21.5425,-2.3621   ,21.3014,-2.23675  ,21.1821,-2.62788  ,21.8179,-2.75322  ,22.332 ,-2.3621   ,22.4853,-2.59674   ,22.8663,-2.37809  ,23.1502,-2.20246  ,23.477 ,-2.13427   ,23.8725,-2.03855  ,24.4315,-1.82359  ,24.5871,-1.79031  ,25.1334,-1.69128  ,23.3975,-10.9578  ,           ,   ,      ,       ,       ,       ,2
355 ,25.4451,-1.48807  ,25.0475,-1.44229   ,24.6498,-1.39649 ,24.2605,-1.48959  ,23.8712,-1.58267  ,23.479 ,-1.66261  ,23.0868,-1.74256   ,22.7416,-1.94512  ,22.3964,-2.14768  ,22.0188,-2.28056    ,21.6412,-2.41345  ,21.2636,-2.54634  ,25.4451,-1.48807  ,24.88  ,-1.27483   ,24.631 ,-1.08421  ,24.0081,-1.23712  ,23.7884,-1.20833  ,23.3995,-1.2725    ,22.9419,-1.36419   ,22.5354,-1.59368  ,22.2258,-1.78015   ,21.624 ,-2.28056  ,21.383 ,-2.15521  ,21.2636,-2.54634  ,21.8994,-2.67169  ,22.4135,-2.28056  ,22.5669,-2.5152    ,22.9478,-2.29656  ,23.2318,-2.12092  ,23.5586,-2.05273   ,23.9541,-1.95701  ,24.513 ,-1.74205  ,24.6686,-1.70878  ,25.2149,-1.60974  ,23.479 ,-10.8763  ,           ,   ,      ,       ,       ,       ,2
356 ,25.4451,-1.48807  ,25.0475,-1.44229   ,24.6498,-1.39649 ,24.2605,-1.48959  ,23.8712,-1.58267  ,23.479 ,-1.66261  ,23.0868,-1.74256   ,22.7416,-1.94512  ,22.3964,-2.14768  ,22.0188,-2.28056    ,21.6412,-2.41345  ,21.2636,-2.54634  ,25.4451,-1.48807  ,24.88  ,-1.27483   ,24.631 ,-1.08421  ,24.0081,-1.23712  ,23.7884,-1.20833  ,23.3995,-1.2725    ,22.9419,-1.36419   ,22.5354,-1.59368  ,22.2258,-1.78015   ,21.624 ,-2.28056  ,21.383 ,-2.15521  ,21.2636,-2.54634  ,21.8994,-2.67169  ,22.4135,-2.28056  ,22.5669,-2.5152    ,22.9478,-2.29656  ,23.2318,-2.12092  ,23.5586,-2.05273   ,23.9541,-1.95701  ,24.513 ,-1.74205  ,24.6686,-1.70878  ,25.2149,-1.60974  ,23.479 ,-10.8763  ,           ,   ,      ,       ,       ,       ,2
357 ,25.5267,-1.48807  ,25.129 ,-1.44229   ,24.7314,-1.39649 ,24.3421,-1.48959  ,23.9528,-1.58267  ,23.5606,-1.66261  ,23.1684,-1.74256   ,22.8231,-1.94512  ,22.4779,-2.14768  ,22.1003,-2.28056    ,21.7227,-2.41345  ,21.3452,-2.54634  ,25.5267,-1.48807  ,24.9616,-1.27483   ,24.7126,-1.08421  ,24.0896,-1.23712  ,23.87  ,-1.20833  ,23.4811,-1.2725    ,23.0234,-1.36419   ,22.6169,-1.59368  ,22.3074,-1.78015   ,21.7056,-2.28056  ,21.4645,-2.15521  ,21.3452,-2.54634  ,21.981 ,-2.67169  ,22.4951,-2.28056  ,22.6484,-2.5152    ,23.0293,-2.29656  ,23.3133,-2.12092  ,23.6401,-2.05273   ,24.0356,-1.95701  ,24.5945,-1.74205  ,24.7502,-1.70878  ,25.2965,-1.60974  ,23.5606,-10.8763  ,           ,   ,      ,       ,       ,       ,2
358 ,25.6082,-1.48807  ,25.2106,-1.44229   ,24.8129,-1.39649 ,24.4236,-1.48959  ,24.0343,-1.58267  ,23.6421,-1.66261  ,23.2499,-1.74256   ,22.9047,-1.94512  ,22.5594,-2.14768  ,22.1819,-2.28056    ,21.8043,-2.41345  ,21.4267,-2.54634  ,25.6082,-1.48807  ,25.0431,-1.27483   ,24.7941,-1.08421  ,24.1712,-1.23712  ,23.9515,-1.20833  ,23.5626,-1.2725    ,23.105 ,-1.36419   ,22.6985,-1.59368  ,22.3889,-1.78015   ,21.7871,-2.28056  ,21.546 ,-2.15521  ,21.4267,-2.54634  ,22.0625,-2.67169  ,22.5766,-2.28056  ,22.73  ,-2.5152    ,23.1109,-2.29656  ,23.3948,-2.12092  ,23.7216,-2.05273   ,24.1171,-1.95701  ,24.6761,-1.74205  ,24.8317,-1.70878  ,25.378 ,-1.60974  ,23.6421,-10.8763  ,           ,   ,      ,       ,       ,       ,2
359 ,25.7679,-1.27911  ,25.3719,-1.3378    ,24.976 ,-1.39649 ,24.5867,-1.48959  ,24.1974,-1.58267  ,23.8052,-1.66261  ,23.413 ,-1.74256   ,23.0677,-1.94512  ,22.7225,-2.14768  ,22.3449,-2.28056    ,21.9674,-2.41345  ,21.5898,-2.54634  ,25.7679,-1.27911  ,25.2045,-1.17034   ,24.9166,-1.08934  ,24.3342,-1.23712  ,24.1146,-1.20833  ,23.7257,-1.2725    ,23.268 ,-1.36419   ,22.8615,-1.59368  ,22.552 ,-1.78015   ,21.9502,-2.28056  ,21.7091,-2.15521  ,21.5898,-2.54634  ,22.2256,-2.67169  ,22.7397,-2.28056  ,22.893 ,-2.5152    ,23.2739,-2.29656  ,23.5579,-2.12092  ,23.8847,-2.05273   ,24.2802,-1.95701  ,24.8392,-1.74205  ,25.0354,-1.70365  ,25.5394,-1.50525  ,23.8052,-10.8763  ,           ,   ,      ,       ,       ,       ,2
360 ,25.7679,-1.27911  ,25.3719,-1.3378    ,24.976 ,-1.39649 ,24.5867,-1.48959  ,24.1974,-1.58267  ,23.8052,-1.66261  ,23.413 ,-1.74256   ,23.0677,-1.94512  ,22.7225,-2.14768  ,22.3449,-2.28056    ,21.9674,-2.41345  ,21.5898,-2.54634  ,25.7679,-1.27911  ,25.2045,-1.17034   ,24.9166,-1.08934  ,24.3342,-1.23712  ,24.1146,-1.20833  ,23.7257,-1.2725    ,23.268 ,-1.36419   ,22.8615,-1.59368  ,22.552 ,-1.78015   ,21.9502,-2.28056  ,21.7091,-2.15521  ,21.5898,-2.54634  ,22.2256,-2.67169  ,22.7397,-2.28056  ,22.893 ,-2.5152    ,23.2739,-2.29656  ,23.5579,-2.12092  ,23.8847,-2.05273   ,24.2802,-1.95701  ,24.8392,-1.74205  ,25.0354,-1.70365  ,25.5394,-1.50525  ,23.8052,-10.8763  ,           ,   ,      ,       ,       ,       ,2
361 ,25.931 ,-1.27911  ,25.535 ,-1.3378    ,25.1391,-1.39649 ,24.7498,-1.48959  ,24.3605,-1.58267  ,23.9683,-1.66261  ,23.5761,-1.74256   ,23.2308,-1.94512  ,22.8856,-2.14768  ,22.508 ,-2.28056    ,22.1304,-2.41345  ,21.7529,-2.54634  ,25.931 ,-1.27911  ,25.3675,-1.17034   ,25.0797,-1.08934  ,24.4973,-1.23712  ,24.2777,-1.20833  ,23.8887,-1.2725    ,23.4311,-1.36419   ,23.0246,-1.59368  ,22.715 ,-1.78015   ,22.1133,-2.28056  ,21.8722,-2.15521  ,21.7529,-2.54634  ,22.3887,-2.67169  ,22.9027,-2.28056  ,23.0561,-2.5152    ,23.437 ,-2.29656  ,23.721 ,-2.12092  ,24.0478,-2.05273   ,24.4433,-1.95701  ,25.0022,-1.74205  ,25.1984,-1.70365  ,25.7025,-1.50525  ,23.9683,-10.8763  ,           ,   ,      ,       ,       ,       ,2
362 ,26.0974,-1.48807  ,25.6998,-1.44229   ,25.3021,-1.39649 ,24.9128,-1.48959  ,24.5235,-1.58267  ,24.1313,-1.66261  ,23.7391,-1.74256   ,23.3939,-1.94512  ,23.0486,-2.14768  ,22.6711,-2.28056    ,22.2935,-2.41345  ,21.9159,-2.54634  ,26.0974,-1.48807  ,25.5323,-1.27483   ,25.2833,-1.08421  ,24.6604,-1.23712  ,24.4407,-1.20833  ,24.0518,-1.2725    ,23.5942,-1.36419   ,23.1877,-1.59368  ,22.8781,-1.78015   ,22.2763,-2.28056  ,22.0353,-2.15521  ,21.9159,-2.54634  ,22.5517,-2.67169  ,23.0658,-2.28056  ,23.2192,-2.5152    ,23.6001,-2.29656  ,23.8841,-2.12092  ,24.2109,-2.05273   ,24.6064,-1.95701  ,25.1653,-1.74205  ,25.3209,-1.70878  ,25.8672,-1.60974  ,24.1313,-10.8763  ,           ,   ,      ,       ,       ,       ,2
363 ,26.3749,-1.45084  ,25.979 ,-1.50953   ,25.5831,-1.56822 ,25.1829,-1.55737  ,24.7828,-1.54653  ,24.3833,-1.52223  ,23.9837,-1.49795   ,23.6385,-1.70051  ,23.2933,-1.90306  ,22.9157,-2.03595    ,22.5381,-2.16884  ,22.1605,-2.30173  ,26.3749,-1.45084  ,26.1465,-1.34208   ,25.5643,-1.25593  ,25.4354,-1.3049   ,24.7998,-1.16352  ,24.3833,-1.12409   ,23.8894,-1.10391   ,23.4323,-1.34907  ,23.1227,-1.53554   ,22.521 ,-2.03595  ,22.2799,-1.9106   ,22.1605,-2.30173  ,22.7964,-2.42707  ,23.3104,-2.03595  ,23.4638,-2.27059   ,23.8447,-2.05195  ,24.0781,-1.89199  ,24.3833,-1.92037   ,24.7658,-1.92954  ,24.9305,-1.80983  ,25.6018,-1.8805   ,25.8115,-1.67699  ,24.3833,-10.7359  ,           ,   ,      ,       ,       ,       ,2
364 ,26.538 ,-1.45084  ,26.1421,-1.50953   ,25.7461,-1.56822 ,25.346 ,-1.55737  ,24.9459,-1.54653  ,24.5463,-1.52223  ,24.1468,-1.49795   ,23.8016,-1.70051  ,23.4563,-1.90306  ,23.0788,-2.03595    ,22.7012,-2.16884  ,22.3236,-2.30173  ,26.538 ,-1.45084  ,26.3095,-1.34208   ,25.7274,-1.25593  ,25.5985,-1.3049   ,24.9629,-1.16352  ,24.5463,-1.12409   ,24.0525,-1.10391   ,23.5954,-1.34907  ,23.2858,-1.53554   ,22.684 ,-2.03595  ,22.443 ,-1.9106   ,22.3236,-2.30173  ,22.9594,-2.42707  ,23.4735,-2.03595  ,23.6269,-2.27059   ,24.0078,-2.05195  ,24.2411,-1.89199  ,24.5463,-1.92037   ,24.9289,-1.92954  ,25.0935,-1.80983  ,25.7649,-1.8805   ,25.9746,-1.67699  ,24.5463,-10.7359  ,           ,   ,      ,       ,       ,       ,2
365 ,22.3617,-2.25139  ,22.782 ,-2.13961   ,23.1065,-2.05212 ,23.5137,-1.91017  ,23.8376,-1.76551  ,24.2201,-1.60909  ,24.5633,-1.52243   ,24.9677,-1.46886  ,25.3358,-1.45075  ,25.7624,-1.45294    ,26.134 ,-1.46445  ,26.4638,-1.46798  ,22.3617,-2.25139  ,22.6639,-1.74699   ,22.9931,-1.63001  ,23.4014,-1.48272  ,23.7258,-1.32648  ,24.1127,-1.15624   ,24.4667,-1.06016   ,24.8982,-1.00581  ,25.2933,-1.00096   ,25.7339,-1.0432   ,26.0884,-1.13839  ,26.4638,-1.46798  ,26.0638,-1.78742  ,25.6559,-1.85933  ,25.2298,-1.90447   ,24.8944,-1.94417  ,24.5358,-2.00829  ,24.2259,-2.098     ,23.858 ,-2.24622  ,23.5293,-2.37659  ,23.113 ,-2.50578  ,22.7935,-2.55847  ,24.3438,1.69464   ,-0.226259  ,587,126185,51.8879,11.659 ,124.083,0
366 ,22.3102,-2.13181  ,22.7363,-2.10697   ,23.1193,-2.03344 ,23.48  ,-1.91927  ,23.8655,-1.773    ,24.2432,-1.63393  ,24.6405,-1.52719   ,25.0127,-1.4751   ,25.4376,-1.45897  ,25.7843,-1.46944    ,26.2036,-1.4997   ,26.556 ,-1.51113  ,22.3102,-2.13181  ,22.6763,-1.74123   ,23.0487,-1.61857  ,23.3989,-1.48321  ,23.7863,-1.31537  ,24.1859,-1.16664   ,24.5855,-1.05991   ,24.9765,-1.01185  ,25.4236,-1.01073   ,25.7681,-1.05186  ,26.157 ,-1.17183  ,26.556 ,-1.51113  ,26.1409,-1.81987  ,25.6665,-1.88016  ,25.308 ,-1.90763   ,24.9144,-1.95058  ,24.5858,-2.01729  ,24.2068,-2.13361   ,23.8492,-2.26667  ,23.4619,-2.39091  ,23.0824,-2.4759   ,22.6887,-2.48409  ,24.3861,1.69694   ,-0.213328  ,590,127488,53.29  ,11.862 ,126.669,0
367 ,26.5726,-1.51973  ,26.1782,-1.49842   ,25.7837,-1.47711 ,25.3887,-1.48001  ,24.9937,-1.48292  ,24.6069,-1.56276  ,24.22  ,-1.6426    ,23.85  ,-1.78094  ,23.48  ,-1.91927  ,23.0914,-1.98988    ,22.7027,-2.06049  ,22.3141,-2.1311   ,26.5726,-1.51973  ,26.4591,-1.49842   ,25.7923,-1.10612  ,25.6882,-1.18054  ,24.9459,-1.03066  ,24.9408,-1.22881   ,24.0869,-1.18078   ,23.85  ,-1.2976   ,23.3524,-1.45592   ,22.6231,-1.98988  ,22.3964,-1.75416  ,22.3141,-2.1311   ,23.009 ,-2.36681  ,23.5596,-1.98988  ,23.6076,-2.38261   ,23.85  ,-2.26428  ,24.3531,-2.10442  ,24.2729,-1.89671   ,25.0416,-1.93517  ,25.0893,-1.77948  ,25.7752,-1.84811  ,25.8973,-1.49842  ,24.6069,-10.7765  ,           ,   ,      ,       ,       ,       ,2
368 ,22.4324,-2.16516  ,22.8804,-2.1671    ,23.2813,-2.09383 ,23.6442,-1.96185  ,24.0393,-1.79971  ,24.4236,-1.68458  ,24.7948,-1.60884   ,25.206 ,-1.55964  ,25.6424,-1.54409  ,26.0683,-1.55153    ,26.452 ,-1.56609  ,26.8123,-1.58672  ,22.4324,-2.16516  ,22.8249,-1.80643   ,23.2004,-1.67547  ,23.5532,-1.5309   ,23.9377,-1.34862  ,24.3195,-1.21769   ,24.6973,-1.13415   ,25.1254,-1.08845  ,25.5818,-1.09881   ,26.0104,-1.15313  ,26.3929,-1.24028  ,26.8123,-1.58672  ,26.3907,-1.88735  ,25.9886,-1.94569  ,25.5573,-1.99056   ,25.1438,-2.04199  ,24.7624,-2.10521  ,24.4118,-2.18096   ,24.0387,-2.28844  ,23.6363,-2.43422  ,23.2515,-2.54243  ,22.8194,-2.53475  ,24.557 ,1.76757   ,-0.201306  ,615,132496,54.8601,11.9361,130.083,0
369 ,22.6515,-2.29722  ,23.0453,-2.19028   ,23.4246,-2.07076 ,23.8036,-1.93247  ,24.184 ,-1.80086  ,24.5658,-1.70594  ,24.9451,-1.63546   ,25.4063,-1.59781  ,25.7969,-1.58324  ,26.1865,-1.57441    ,26.5738,-1.56205  ,26.923 ,-1.53502  ,22.6515,-2.29722  ,22.9042,-1.86802   ,23.278 ,-1.68565  ,23.6616,-1.52054  ,24.0474,-1.36712  ,24.4359,-1.25759   ,24.8148,-1.17925   ,25.2754,-1.1411   ,25.6758,-1.15072   ,26.0753,-1.18581  ,26.4729,-1.25265  ,26.923 ,-1.53502  ,26.5205,-1.88107  ,26.1423,-1.96214  ,25.7616,-2.01533   ,25.3805,-2.06     ,24.9229,-2.11096  ,24.5442,-2.18701   ,24.1681,-2.28561  ,23.7939,-2.39905  ,23.4189,-2.50642  ,23.0387,-2.55604  ,24.7129,1.78071   ,-0.184527  ,616,134462,53.6383,11.5034,130.426,0
370 ,22.7586,-2.31508  ,23.2119,-2.17345   ,23.585 ,-2.04097 ,23.9585,-1.89972  ,24.3346,-1.77211  ,24.7857,-1.66669  ,25.1627,-1.6181    ,25.6205,-1.58398  ,26.0067,-1.57977  ,26.3919,-1.57099    ,26.8517,-1.55462  ,27.1989,-1.53663  ,22.7586,-2.31508  ,23.0431,-1.85251   ,23.414 ,-1.66252  ,23.7929,-1.48736  ,24.1762,-1.33467  ,24.6356,-1.21764   ,25.0158,-1.16971   ,25.4787,-1.14152  ,25.8762,-1.15586   ,26.2732,-1.18789  ,26.7478,-1.26115  ,27.1989,-1.53663  ,26.8023,-1.85648  ,26.3568,-1.95391  ,25.9828,-2.00305   ,25.608 ,-2.03761  ,25.1583,-2.07854  ,24.7858,-2.14506   ,24.3411,-2.2506   ,23.9749,-2.36981  ,23.6069,-2.47739  ,23.2342,-2.53513  ,24.8851,1.76613   ,-0.172987  ,636,137008,55.8076,11.5222,135.841,0
371 ,22.94  ,-2.25251  ,23.3329,-2.13812   ,23.7101,-2.01199 ,24.0868,-1.87316  ,24.4673,-1.75942  ,24.9189,-1.65403  ,25.299 ,-1.61025   ,25.6857,-1.5891   ,26.0746,-1.58697  ,26.4627,-1.58255    ,26.9252,-1.57577  ,27.2611,-1.56749  ,22.94  ,-2.25251  ,23.189 ,-1.8251    ,23.5619,-1.62538  ,23.9422,-1.44944  ,24.3302,-1.31538  ,24.7847,-1.1993    ,25.1666,-1.15702   ,25.5579,-1.14152  ,25.9566,-1.16206   ,26.3551,-1.19436  ,26.8311,-1.2675   ,27.2611,-1.56749  ,26.8681,-1.89202  ,26.4154,-1.96987  ,26.037 ,-2.01163   ,25.6582,-2.04683  ,25.279 ,-2.07569  ,24.9018,-2.13711   ,24.4521,-2.24156  ,24.0801,-2.35002  ,23.7072,-2.45128  ,23.3295,-2.4922   ,25.0117,1.75416   ,-0.159462  ,625,135435,54.1628,11.5909,133.255,0
372 ,23.1471,-2.17098  ,23.5917,-2.03951   ,23.9593,-1.92059 ,24.3269,-1.79462  ,24.6944,-1.70225  ,25.1359,-1.62949  ,25.5078,-1.60062   ,25.8858,-1.58671  ,26.2636,-1.58777  ,26.7154,-1.58231    ,27.0841,-1.56479  ,27.4606,-1.57486  ,23.1471,-2.17098  ,23.425 ,-1.71095   ,23.7966,-1.52963  ,24.1726,-1.37085  ,24.5481,-1.24938  ,24.9958,-1.17142   ,25.3721,-1.14115   ,25.7641,-1.14146  ,26.1553,-1.17121   ,26.6239,-1.22337  ,27.0136,-1.27034  ,27.4606,-1.57486  ,27.0131,-1.86589  ,26.6568,-1.9454   ,26.2208,-2.00358   ,25.8563,-2.03149  ,25.4921,-2.06542  ,25.1283,-2.10511   ,24.6939,-2.18415  ,24.3335,-2.2655   ,23.9744,-2.35801  ,23.6115,-2.41055  ,25.1692,1.72164   ,-0.136011  ,610,131418,53.8842,11.603 ,135.255,0
373 ,23.205 ,-2.02245  ,23.6393,-2.0041    ,24.0532,-1.89098 ,24.4083,-1.771    ,24.8154,-1.6768   ,25.235 ,-1.62378  ,25.6222,-1.59498   ,26.0153,-1.5756   ,26.4562,-1.56046  ,26.8466,-1.55443    ,27.2611,-1.5458   ,27.6295,-1.52527  ,23.205 ,-2.02245  ,23.5485,-1.62037   ,23.9101,-1.46875  ,24.2199,-1.34354  ,24.5856,-1.24125  ,24.9901,-1.18937   ,25.3781,-1.16362   ,25.7964,-1.15885  ,26.2937,-1.17237   ,26.7473,-1.20663  ,27.2046,-1.27209  ,27.6295,-1.52527  ,27.2048,-1.82291  ,26.8212,-1.90379  ,26.4788,-1.9521    ,26.0791,-1.99926  ,25.7082,-2.03577  ,25.3341,-2.07506   ,24.918 ,-2.13444  ,24.4922,-2.23092  ,24.0951,-2.34715  ,23.6271,-2.40521  ,25.2707,1.69578   ,-0.127197  ,593,127726,54.9319,11.6881,129.255,0
374 ,23.2558,-1.88814  ,23.676 ,-1.9253    ,24.0794,-1.88949 ,24.4655,-1.79137  ,24.8519,-1.68391  ,25.2476,-1.60252  ,25.7022,-1.56059   ,26.0575,-1.54399  ,26.4714,-1.53722  ,26.9134,-1.53891    ,27.3027,-1.5255   ,27.6737,-1.52775  ,23.2558,-1.88814  ,23.6685,-1.5708    ,24.056 ,-1.45738  ,24.4247,-1.33641  ,24.8023,-1.2157   ,25.1679,-1.12296   ,25.5833,-1.08934   ,25.9467,-1.09051  ,26.3873,-1.12352   ,26.8506,-1.19351  ,27.2427,-1.25819  ,27.6737,-1.52775  ,27.2575,-1.80005  ,26.8561,-1.88392  ,26.4216,-1.95151   ,26.0261,-2.00259  ,25.6821,-2.04103  ,25.2131,-2.10086   ,24.7888,-2.18033  ,24.3983,-2.27857  ,23.9881,-2.34122  ,23.5727,-2.27723  ,25.3669,1.67055   ,-0.130209  ,592,126005,54.7123,12.0061,128.669,0
375 ,23.4904,-1.88949  ,23.9004,-1.84116   ,24.2832,-1.77745 ,24.6357,-1.68285  ,24.9901,-1.58374  ,25.4009,-1.51246  ,25.7952,-1.474     ,26.1391,-1.45732  ,26.5436,-1.44937  ,26.926 ,-1.4485     ,27.2777,-1.44693  ,27.6428,-1.44331  ,23.4904,-1.88949  ,23.8181,-1.50001   ,24.1848,-1.35581  ,24.5202,-1.23909  ,24.851 ,-1.12715  ,25.2493,-1.04767   ,25.6458,-1.00836   ,26.0069,-1.00326  ,26.4353,-1.02309   ,26.8377,-1.06962  ,27.2113,-1.14377  ,27.6428,-1.44331  ,27.2329,-1.75133  ,26.8903,-1.82732  ,26.5197,-1.87693   ,26.1338,-1.91642  ,25.8083,-1.94891  ,25.4268,-1.99338   ,25.0225,-2.06601  ,24.6537,-2.1563   ,24.2747,-2.2211   ,23.8744,-2.19603  ,25.4361,1.5852    ,-0.133974  ,589,125954,51.4613,11.8012,123.012,0
376 ,23.3923,-1.93184  ,23.8141,-1.85346   ,24.2327,-1.77123 ,24.5832,-1.6867   ,24.9807,-1.57729  ,25.3623,-1.50108  ,25.8025,-1.45192   ,26.1961,-1.43436  ,26.5735,-1.43102  ,26.9761,-1.43951    ,27.3297,-1.44     ,27.7212,-1.39766  ,23.3923,-1.93184  ,23.7075,-1.48609   ,24.1077,-1.33602  ,24.4436,-1.24626  ,24.8259,-1.13546  ,25.208 ,-1.0577    ,25.6628,-1.00956   ,26.0809,-1.00087  ,26.4937,-1.01534   ,26.9261,-1.06743  ,27.2708,-1.1477   ,27.7212,-1.39766  ,27.2768,-1.7359   ,26.8993,-1.80824  ,26.508 ,-1.8459    ,26.154 ,-1.87238  ,25.7875,-1.90519  ,25.3806,-1.96575   ,25.0191,-2.04957  ,24.6087,-2.15734  ,24.2373,-2.23179  ,23.8068,-2.24222  ,25.458 ,1.56706   ,-0.129852  ,589,127351,53.7508,11.4587,126.669,0
377 ,23.3917,-1.92455  ,23.8126,-1.85942   ,24.2314,-1.78368 ,24.5864,-1.70535  ,24.9894,-1.60438  ,25.3581,-1.52782  ,25.7628,-1.46787   ,26.1925,-1.43564  ,26.544 ,-1.43022  ,26.9477,-1.44106    ,27.3821,-1.46372  ,27.7235,-1.48444  ,23.3917,-1.92455  ,23.7241,-1.49952   ,24.1234,-1.35243  ,24.4561,-1.26407  ,24.8309,-1.15859  ,25.1901,-1.07925   ,25.6154,-1.02377   ,26.0978,-0.99879  ,26.5085,-1.00668   ,26.9519,-1.05054  ,27.3721,-1.15678  ,27.7235,-1.48444  ,27.2759,-1.76418  ,26.8117,-1.82633  ,26.4412,-1.85308   ,26.1438,-1.87948  ,25.7733,-1.93207  ,25.3983,-1.99962   ,25.0307,-2.07818  ,24.601 ,-2.17471  ,24.2181,-2.23833  ,23.7878,-2.23828  ,25.4859,1.57529   ,-0.131427  ,597,128540,53.7153,11.5729,126.426,0
378 ,23.442 ,-1.92677  ,23.8995,-1.87717   ,24.2889,-1.81932 ,24.6803,-1.73877  ,25.0717,-1.65121  ,25.4822,-1.57194  ,25.8581,-1.51851   ,26.3065,-1.47302  ,26.6985,-1.45975  ,27.0855,-1.46387    ,27.5036,-1.48336  ,27.8881,-1.52691  ,23.442 ,-1.92677  ,23.8204,-1.52033   ,24.1865,-1.40877  ,24.5634,-1.30742  ,24.9494,-1.20679  ,25.3614,-1.11363   ,25.7528,-1.05323   ,26.2253,-1.00931  ,26.6326,-1.01704   ,27.0275,-1.0634   ,27.4515,-1.16955  ,27.8881,-1.52691  ,27.4426,-1.78983  ,27.0169,-1.86113  ,26.6335,-1.90387   ,26.2579,-1.94571  ,25.836 ,-1.99968  ,25.4817,-2.05081   ,25.081 ,-2.1202   ,24.6857,-2.19467  ,24.2789,-2.24985  ,23.8723,-2.24601  ,25.6097,1.61449   ,-0.129246  ,607,130089,55.0637,11.6523,127.598,0
379 ,23.6161,-2.02866  ,24.0301,-1.90146   ,24.41  ,-1.82234 ,24.7909,-1.73511  ,25.2429,-1.63852  ,25.6135,-1.57777  ,26.0113,-1.52947   ,26.412 ,-1.49152  ,26.7916,-1.46572  ,27.2208,-1.46059    ,27.6162,-1.46525  ,28.0008,-1.47332  ,23.6161,-2.02866  ,23.8936,-1.56402   ,24.2447,-1.42737  ,24.6057,-1.31965  ,25.0394,-1.20359  ,25.4009,-1.12675   ,25.8103,-1.06801   ,26.2426,-1.03042  ,26.6467,-1.0149    ,27.1017,-1.05346  ,27.5267,-1.13756  ,28.0008,-1.47332  ,27.5993,-1.79157  ,27.2198,-1.86736  ,26.8116,-1.92154   ,26.4499,-1.96391  ,26.0776,-2.00547  ,25.698 ,-2.04722   ,25.3292,-2.09614  ,24.8667,-2.17599  ,24.4659,-2.24054  ,24.0626,-2.26221  ,25.7407,1.61961   ,-0.127675  ,608,130481,54.5213,11.9556,126.77 ,0
380 ,23.8954,-1.9644   ,24.2895,-1.86334   ,24.6752,-1.76386 ,25.0643,-1.67011  ,25.455 ,-1.5938   ,25.8483,-1.54542  ,26.2427,-1.52082   ,26.6291,-1.47954  ,27.0138,-1.43311  ,27.4006,-1.38764    ,27.7875,-1.31809  ,28.1253,-1.21542  ,23.8954,-1.9644   ,24.1414,-1.54914   ,24.5112,-1.37579  ,24.8989,-1.25952  ,25.2882,-1.15522  ,25.6815,-1.08677   ,26.077 ,-1.05998   ,26.4619,-1.03784  ,26.8401,-1.00244   ,27.2241,-1.00802  ,27.62  ,-1.02659  ,28.1253,-1.21542  ,27.8021,-1.64266  ,27.4211,-1.78495  ,27.0337,-1.88154   ,26.6424,-1.93988  ,26.2504,-1.98774  ,25.8576,-2.0208    ,25.4651,-2.06014  ,25.0735,-2.11297  ,24.684 ,-2.19202  ,24.2909,-2.21967  ,25.9678,1.57043   ,-0.142244  ,607,131695,52.837 ,11.6571,129.598,0
381 ,24.0912,-1.96875  ,24.4934,-1.82206   ,24.9095,-1.69628 ,25.305 ,-1.61147  ,25.6785,-1.55394  ,26.0812,-1.50604  ,26.4956,-1.46096   ,26.9076,-1.41442  ,27.3148,-1.36759  ,27.7121,-1.32271    ,28.1399,-1.26932  ,28.5155,-1.22046  ,24.0912,-1.96875  ,24.3084,-1.50926   ,24.6364,-1.30706  ,24.9519,-1.19835  ,25.2689,-1.13056  ,25.6405,-1.07831   ,26.061 ,-1.03684   ,26.5188,-1.0032   ,27.0034,-0.979342  ,27.4912,-0.970214 ,28.0187,-0.988767 ,28.5155,-1.22046  ,28.1474,-1.56517  ,27.8029,-1.69007  ,27.4914,-1.77116   ,27.1597,-1.84143  ,26.792 ,-1.9002   ,26.3849,-1.94899   ,25.9589,-1.99476  ,25.5404,-2.0464   ,25.0748,-2.11333  ,24.5808,-2.17031  ,26.189 ,1.51853   ,-0.137917  ,606,131269,55.2216,14.0489,127.598,0
382 ,24.184 ,-1.8349   ,24.6347,-1.75277   ,25.0055,-1.66937 ,25.4339,-1.57794  ,25.8646,-1.51724  ,26.2827,-1.47679  ,26.6472,-1.4435    ,27.0856,-1.40484  ,27.5103,-1.36471  ,27.9107,-1.32205    ,28.2676,-1.26706  ,28.6558,-1.15447  ,24.184 ,-1.8349   ,24.453 ,-1.44761   ,24.7334,-1.29698  ,25.0762,-1.16794  ,25.4404,-1.08549  ,25.8311,-1.04053   ,26.2114,-1.01397   ,26.7119,-0.998412 ,27.2267,-0.993266  ,27.7172,-0.995486 ,28.1409,-1.0021   ,28.6558,-1.15447  ,28.2834,-1.55324  ,27.9755,-1.66388  ,27.6549,-1.74969   ,27.3143,-1.82433  ,26.9361,-1.88555  ,26.5907,-1.92583   ,26.157 ,-1.96412  ,25.68  ,-2.00838  ,25.1723,-2.06626  ,24.711 ,-2.08008  ,26.3328,1.49228   ,-0.121336  ,603,128714,55.6037,14.3061,128.184,0
383 ,24.3667,-1.78701  ,24.7564,-1.70189   ,25.1998,-1.60609 ,25.5867,-1.53858  ,25.943 ,-1.49205  ,26.3908,-1.44488  ,26.7584,-1.41056   ,27.1714,-1.37564  ,27.5577,-1.34955  ,27.9235,-1.32238    ,28.3156,-1.26385  ,28.688 ,-1.1733   ,24.3667,-1.78701  ,24.644 ,-1.34984   ,25.0284,-1.19213  ,25.3496,-1.10006  ,25.6565,-1.03794  ,26.0767,-0.982925  ,26.4511,-0.9521    ,26.891 ,-0.933736 ,27.3183,-0.943878  ,27.7352,-0.972434 ,28.1864,-1.0025   ,28.688 ,-1.1733   ,28.3384,-1.54746  ,27.993 ,-1.683    ,27.6715,-1.76315   ,27.3183,-1.82803  ,26.9213,-1.88219  ,26.5551,-1.92147   ,26.0833,-1.96358  ,25.6881,-1.99789  ,25.2511,-2.04402  ,24.7709,-2.07614  ,26.4455,1.46198   ,-0.109646  ,588,124707,53.629 ,12.9196,125.598,0
384 ,24.5036,-1.59954  ,24.9194,-1.59109   ,25.2811,-1.51367 ,25.6832,-1.42784  ,26.081 ,-1.37104  ,26.4454,-1.33672  ,26.8219,-1.31116   ,27.1939,-1.29128  ,27.6109,-1.27047  ,27.9865,-1.24519    ,28.3721,-1.18906  ,28.7098,-1.08489  ,24.5036,-1.59954  ,24.8655,-1.21517   ,25.198 ,-1.07574  ,25.5589,-0.97764  ,25.9122,-0.915681 ,26.2397,-0.878147  ,26.5905,-0.854886  ,26.9589,-0.846814 ,27.4007,-0.85626   ,27.8168,-0.880794 ,28.2469,-0.914337 ,28.7098,-1.08489  ,28.3947,-1.48549  ,28.0366,-1.61984  ,27.6878,-1.69173   ,27.2827,-1.74304  ,26.9021,-1.77674  ,26.502 ,-1.80741   ,26.1103,-1.84285  ,25.6849,-1.90031  ,25.2577,-1.97749  ,24.8738,-1.9801   ,26.5429,1.36561   ,-0.107935  ,580,123792,52.1695,11.9342,123.012,0
385 ,24.5273,-1.45751  ,24.9237,-1.48467   ,25.3602,-1.40954 ,25.7104,-1.33113  ,26.0853,-1.25809  ,26.4969,-1.19975  ,26.8655,-1.16533   ,27.3078,-1.13702  ,27.6676,-1.12517  ,28.0718,-1.11276    ,28.4343,-1.09248  ,28.8066,-1.04524  ,24.5273,-1.45751  ,24.92  ,-1.1019    ,25.342 ,-0.971936 ,25.6671,-0.887154 ,26.0136,-0.809539 ,26.3898,-0.744385  ,26.7241,-0.705816  ,27.1296,-0.682525 ,27.4799,-0.693733  ,27.9011,-0.730231 ,28.307 ,-0.786109 ,28.8066,-1.04524  ,28.4473,-1.40738  ,28.113 ,-1.50017  ,27.714 ,-1.56052   ,27.3385,-1.59813  ,26.857 ,-1.63655  ,26.4612,-1.67196   ,26.0275,-1.72916  ,25.634 ,-1.80111  ,25.2654,-1.8723   ,24.8269,-1.87327  ,26.6075,1.2445    ,-0.113675  ,578,123170,52.9203,11.5306,124.184,0
386 ,24.518 ,-1.44312  ,24.9403,-1.44599   ,25.3484,-1.41784 ,25.7108,-1.37096  ,26.1241,-1.29763  ,26.5199,-1.21984  ,26.9098,-1.15884   ,27.2846,-1.12681  ,27.6896,-1.10808  ,28.0822,-1.10368    ,28.4896,-1.11548  ,28.8471,-1.15137  ,24.518 ,-1.44312  ,24.9188,-1.11089   ,25.3127,-1.01034  ,25.6615,-0.940554 ,26.06  ,-0.854876 ,26.4441,-0.76891   ,26.798 ,-0.702034  ,27.1525,-0.678196 ,27.5619,-0.673577  ,27.9767,-0.70277  ,28.419 ,-0.796211 ,28.8471,-1.15137  ,28.4513,-1.42975  ,28.0617,-1.50409  ,27.6814,-1.54679   ,27.2859,-1.5845   ,26.9046,-1.62861  ,26.4846,-1.69209   ,26.0723,-1.7629   ,25.6396,-1.81942  ,25.2638,-1.83719  ,24.8539,-1.78388  ,26.6705,1.24295   ,-0.120835  ,582,124101,53.4371,11.4389,125.012,0
387 ,24.6125,-1.56063  ,25.032 ,-1.48166   ,25.4099,-1.42091 ,25.8066,-1.36177  ,26.1994,-1.29826  ,26.6516,-1.22225  ,27.0396,-1.16021   ,27.4442,-1.10988  ,27.8006,-1.08274  ,28.2178,-1.05909    ,28.579 ,-1.02815  ,28.9644,-0.929137 ,24.6125,-1.56063  ,24.9119,-1.1447    ,25.2421,-1.02367  ,25.5905,-0.946595 ,25.939 ,-0.876116 ,26.3606,-0.794669  ,26.7546,-0.734641  ,27.1882,-0.693981 ,27.5784,-0.683142  ,28.0401,-0.694549 ,28.4435,-0.730261 ,28.9644,-0.929137 ,28.604 ,-1.33967  ,28.2622,-1.4314   ,27.8792,-1.49138   ,27.5613,-1.53977  ,27.1938,-1.60536  ,26.8142,-1.67161   ,26.3297,-1.74195  ,25.8902,-1.79712  ,25.4472,-1.83769  ,25.0352,-1.83989  ,26.7164,1.23071   ,-0.133138  ,586,125403,54.019 ,12.1083,126.184,0
388 ,24.7437,-1.66076  ,25.1616,-1.51607   ,25.5386,-1.42553 ,25.9474,-1.35843  ,26.361 ,-1.29516  ,26.7707,-1.23043  ,27.1662,-1.16046   ,27.551 ,-1.08823  ,27.9334,-1.02481  ,28.3749,-0.981651   ,28.7748,-0.950407 ,29.1318,-0.885273 ,24.7437,-1.66076  ,25.0193,-1.17096   ,25.3656,-1.02403  ,25.7429,-0.943898 ,26.1196,-0.873538 ,26.498 ,-0.798501  ,26.8962,-0.725732  ,27.3197,-0.66244  ,27.7573,-0.618416  ,28.2422,-0.614744 ,28.6733,-0.667356 ,29.1318,-0.885273 ,28.7704,-1.24597  ,28.3844,-1.35715  ,27.9845,-1.45027   ,27.6545,-1.53764  ,27.3065,-1.61914  ,26.9084,-1.6846    ,26.4646,-1.73779  ,26.0139,-1.79398  ,25.5801,-1.85295  ,25.1882,-1.89689  ,26.8473,1.21762   ,-0.1586    ,600,128032,54.7794,12.0572,130.083,0
389 ,24.9098,-1.66941  ,25.2963,-1.55665   ,25.7536,-1.45119 ,26.1396,-1.39039  ,26.5255,-1.32621  ,26.9121,-1.27251  ,27.2986,-1.21798   ,27.6767,-1.15295  ,28.1294,-1.07351  ,28.511 ,-1.02007    ,28.8942,-0.961346 ,29.2502,-0.909052 ,24.9098,-1.66941  ,25.1481,-1.2452    ,25.6004,-1.0666   ,25.9906,-0.97543  ,26.3816,-0.889533 ,26.7739,-0.817093  ,27.1677,-0.763804  ,27.5484,-0.707598 ,28.0034,-0.669198  ,28.3901,-0.665694 ,28.7856,-0.677797 ,29.2502,-0.909052 ,28.8497,-1.26677  ,28.4781,-1.39201  ,28.1045,-1.50537   ,27.6537,-1.62182  ,27.2753,-1.69364  ,26.8956,-1.75107   ,26.5146,-1.78534  ,26.134 ,-1.82804  ,25.7535,-1.87098  ,25.2964,-1.90342  ,27.0079,1.25827   ,-0.162857  ,616,131828,54.1061,11.5515,132.426,0
390 ,25.0416,-1.7447   ,25.422 ,-1.61615   ,25.8763,-1.50609 ,26.2607,-1.43292  ,26.6462,-1.37431  ,27.0318,-1.316    ,27.4173,-1.25446   ,27.8027,-1.19501  ,28.1791,-1.12058  ,28.6299,-1.04       ,29.0017,-0.956121 ,29.3371,-0.870503 ,25.0416,-1.7447   ,25.2469,-1.32032   ,25.6895,-1.12707  ,26.0781,-1.03173  ,26.4687,-0.954389 ,26.8594,-0.878933  ,27.251 ,-0.812654  ,27.6439,-0.764729 ,28.024 ,-0.70912   ,28.4777,-0.676683 ,28.8631,-0.671447 ,29.3371,-0.870503 ,28.9977,-1.28019  ,28.6316,-1.42644  ,28.1835,-1.55802   ,27.8074,-1.64885  ,27.4292,-1.71994  ,27.0496,-1.77175   ,26.6699,-1.82403  ,26.2896,-1.86381  ,25.9099,-1.91538  ,25.4533,-1.95811  ,27.1314,1.297     ,-0.174141  ,612,132484,53.8516,11.34  ,134.083,0
391 ,25.2269,-1.7675   ,25.6201,-1.63234   ,26.0013,-1.52976 ,26.3885,-1.45615  ,26.7769,-1.3923   ,27.1655,-1.32962  ,27.631 ,-1.24396   ,28.0145,-1.16977  ,28.3935,-1.09952  ,28.7733,-1.03267    ,29.1582,-0.974226 ,29.5123,-0.909509 ,25.2269,-1.7675   ,25.4424,-1.33509   ,25.8148,-1.152    ,26.2061,-1.0414   ,26.6011,-0.961804 ,26.9961,-0.881949  ,27.4711,-0.796062  ,27.8638,-0.742743 ,28.2438,-0.69009   ,28.6248,-0.654935 ,29.0222,-0.668272 ,29.5123,-0.909509 ,29.1414,-1.30863  ,28.7683,-1.43423  ,28.3915,-1.53492   ,28.0138,-1.62931  ,27.6357,-1.72043  ,27.1794,-1.80282   ,26.7973,-1.84742  ,26.4158,-1.89938  ,26.0339,-1.94623  ,25.6514,-1.97186  ,27.3265,1.29678   ,-0.179744  ,616,132283,53.6943,11.5153,131.255,0
392 ,25.3455,-1.77179  ,25.7695,-1.6459    ,26.1942,-1.54487 ,26.5904,-1.471    ,26.9912,-1.39904  ,27.3804,-1.32225  ,27.7642,-1.24247   ,28.158 ,-1.16691  ,28.5557,-1.09701  ,28.9619,-1.05427    ,29.4142,-1.03557  ,29.7782,-1.03007  ,25.3455,-1.77179  ,25.6307,-1.3177    ,26.0003,-1.13963  ,26.3608,-1.04952  ,26.7414,-0.972364 ,27.1202,-0.890011  ,27.5097,-0.807459  ,27.9359,-0.739229 ,28.3917,-0.694449  ,28.8463,-0.680266 ,29.3406,-0.738552 ,29.7782,-1.03007  ,29.364 ,-1.33495  ,28.9428,-1.43867  ,28.5903,-1.52534   ,28.2472,-1.61867  ,27.8899,-1.70388  ,27.5126,-1.78089   ,27.1086,-1.85038  ,26.686 ,-1.9164   ,26.2603,-1.97646  ,25.7966,-2.00536  ,27.4986,1.30933   ,-0.176027  ,602,129169,55.2892,11.942 ,129.841,0
393 ,25.6118,-1.78937  ,25.995 ,-1.62959   ,26.3916,-1.50809 ,26.7574,-1.42871  ,27.1928,-1.34616  ,27.559 ,-1.27336  ,27.9258,-1.2008    ,28.3679,-1.12376  ,28.7605,-1.06322  ,29.1598,-1.02595    ,29.5408,-1.00701  ,29.8895,-0.995456 ,25.6118,-1.78937  ,25.8423,-1.31597   ,26.1918,-1.1156   ,26.5076,-1.01144  ,26.8978,-0.917691 ,27.2451,-0.840255  ,27.6185,-0.769895  ,28.1046,-0.709947 ,28.5587,-0.671796  ,29.0247,-0.674035 ,29.455 ,-0.718407 ,29.8895,-0.995456 ,29.5056,-1.30031  ,29.1627,-1.38746  ,28.8292,-1.47078   ,28.503 ,-1.55822  ,28.1094,-1.65538  ,27.7515,-1.73114   ,27.364 ,-1.79819  ,26.8832,-1.87056  ,26.4729,-1.93058  ,26.0435,-1.98309  ,27.6554,1.27493   ,-0.174557  ,591,126456,53.6284,12.568 ,125.598,0
394 ,25.7347,-1.74937  ,26.1215,-1.61297   ,26.5019,-1.4936  ,26.8758,-1.42194  ,27.2574,-1.3484   ,27.6699,-1.26016  ,28.0391,-1.18488   ,28.4234,-1.11692  ,28.8247,-1.05866  ,29.23  ,-1.0258     ,29.6065,-1.01447  ,29.9451,-1.02185  ,25.7347,-1.74937  ,25.9733,-1.27143   ,26.324 ,-1.09703  ,26.6575,-1.00681  ,26.9959,-0.916457 ,27.3799,-0.81564   ,27.762 ,-0.746684  ,28.193 ,-0.701158 ,28.6585,-0.669078  ,29.1265,-0.677549 ,29.544 ,-0.730351 ,29.9451,-1.02185  ,29.5509,-1.29956  ,29.2005,-1.38189  ,28.855 ,-1.46351   ,28.5234,-1.55447  ,28.191 ,-1.64722  ,27.8394,-1.73021   ,27.4053,-1.80413  ,26.9892,-1.85422  ,26.5697,-1.91792  ,26.166 ,-1.99432  ,27.7163,1.27293   ,-0.177939  ,582,123743,52.6825,12.553 ,126.083,0
395 ,25.7682,-1.63115  ,26.1703,-1.52353   ,26.5497,-1.41167 ,26.8931,-1.32484  ,27.3175,-1.23389  ,27.706 ,-1.16467  ,28.0435,-1.11327   ,28.4473,-1.05662  ,28.8443,-1.0047   ,29.2421,-0.979361   ,29.6214,-0.972573 ,29.9726,-0.976475 ,25.7682,-1.63115  ,26.0396,-1.15858   ,26.4171,-1.01172  ,26.7456,-0.921991 ,27.124 ,-0.816118 ,27.4672,-0.727673  ,27.7919,-0.669039  ,28.2224,-0.622019 ,28.6691,-0.592986  ,29.1168,-0.611598 ,29.5404,-0.678634 ,29.9726,-0.976475 ,29.582 ,-1.26681  ,29.2359,-1.35263  ,28.8866,-1.4296    ,28.5388,-1.50922  ,28.1593,-1.57727  ,27.8121,-1.62332   ,27.3865,-1.67682  ,26.9235,-1.75528  ,26.5713,-1.8427   ,26.1979,-1.91941  ,27.7867,1.19187   ,-0.165252  ,570,122030,52.4153,12.0159,123.012,0
396 ,25.8128,-1.52968  ,26.2061,-1.46723   ,26.6185,-1.39712 ,26.976 ,-1.32568  ,27.3896,-1.23719  ,27.7498,-1.16348  ,28.1275,-1.09832   ,28.5215,-1.04417  ,28.9243,-0.994092 ,29.2587,-0.973549   ,29.6961,-0.972703 ,30.0319,-0.995834 ,25.8128,-1.52968  ,26.0853,-1.12937   ,26.4469,-0.996262 ,26.7624,-0.910674 ,27.1402,-0.815571 ,27.4818,-0.735407  ,27.8554,-0.664998  ,28.2761,-0.618844 ,28.733 ,-0.584784  ,29.1193,-0.596887 ,29.6178,-0.67724  ,30.0319,-0.995834 ,29.658 ,-1.26474  ,29.2658,-1.35576  ,28.9809,-1.4154    ,28.6343,-1.48616  ,28.2704,-1.55151  ,27.8963,-1.6156    ,27.5202,-1.68388  ,27.0713,-1.76564  ,26.6699,-1.81969  ,26.2163,-1.82307  ,27.8537,1.17568   ,-0.160004  ,580,123714,52.3473,12.0048,122.77 ,0
397 ,25.8234,-1.59131  ,26.2347,-1.45867   ,26.614 ,-1.37045 ,26.9796,-1.30446  ,27.3482,-1.22453  ,27.7368,-1.13729  ,28.1715,-1.06434   ,28.519 ,-1.0229   ,28.9506,-0.990668 ,29.2989,-0.971956   ,29.732 ,-0.95412  ,30.0725,-0.940952 ,25.8234,-1.59131  ,26.0777,-1.12557   ,26.4455,-0.977132 ,26.8256,-0.888608 ,27.1814,-0.798859 ,27.5456,-0.706144  ,27.9739,-0.63464   ,28.3359,-0.596539 ,28.808 ,-0.583371  ,29.1982,-0.592807 ,29.6812,-0.645698 ,30.0725,-0.940952 ,29.6698,-1.26686  ,29.2641,-1.35774  ,28.95  ,-1.40704   ,28.5596,-1.46247  ,28.2369,-1.51135  ,27.8128,-1.59256   ,27.4083,-1.67506  ,27.0296,-1.73973  ,26.6752,-1.78482  ,26.287 ,-1.82203  ,27.8673,1.15468   ,-0.152282  ,576,124408,52.9309,11.3544,125.012,0
398 ,25.8088,-1.58494  ,26.207 ,-1.46305   ,26.6196,-1.37602 ,27.0138,-1.30111  ,27.4351,-1.21687  ,27.81  ,-1.13368  ,28.2005,-1.05588   ,28.6417,-0.981591 ,29.0139,-0.953941 ,29.4151,-0.955195   ,29.8682,-0.97126  ,30.217 ,-1.01354  ,25.8088,-1.58494  ,26.0787,-1.10618   ,26.5152,-0.980526 ,26.9486,-0.876465 ,27.3794,-0.765754 ,27.7533,-0.667356  ,28.161 ,-0.583361  ,28.6297,-0.51755  ,28.9828,-0.517052  ,29.3711,-0.569914 ,29.8315,-0.671865 ,30.217 ,-1.01354  ,29.784 ,-1.26479  ,29.3234,-1.33802  ,28.9166,-1.39472   ,28.5317,-1.46182  ,28.108 ,-1.55217  ,27.74  ,-1.62793   ,27.3674,-1.69428  ,26.9646,-1.74672  ,26.6089,-1.7958   ,26.2196,-1.84551  ,27.9263,1.15205   ,-0.155572  ,596,126908,54.9557,11.8996,130.083,0
399 ,25.9469,-1.57675  ,26.3477,-1.51063   ,26.7323,-1.44123 ,27.1168,-1.36183  ,27.5005,-1.27605  ,27.8833,-1.18563  ,28.259 ,-1.10284   ,28.7121,-1.03096  ,29.0992,-0.998989 ,29.4867,-0.995964   ,29.8693,-1.03717  ,30.2045,-1.0942   ,25.9469,-1.57675  ,26.2404,-1.18353   ,26.6299,-1.05797  ,27.0224,-0.953194 ,27.4142,-0.843698 ,27.8056,-0.729903  ,28.1832,-0.631127  ,28.6402,-0.579678 ,29.035 ,-0.570292  ,29.4336,-0.603735 ,29.826 ,-0.707189 ,30.2045,-1.0942   ,29.7633,-1.34917  ,29.3854,-1.38758  ,29.0084,-1.43645   ,28.6333,-1.50848  ,28.1845,-1.60723  ,27.8095,-1.68063   ,27.4338,-1.74707  ,27.0573,-1.8028   ,26.6803,-1.85018  ,26.3057,-1.85659  ,28.0295,1.2022    ,-0.159755  ,602,129707,53.0087,11.9713,131.255,0
400 ,26.12  ,-1.60022  ,26.5789,-1.49721   ,26.9565,-1.41872 ,27.3333,-1.32581  ,27.7101,-1.23193  ,28.0838,-1.14537  ,28.5303,-1.07145   ,28.9049,-1.02697  ,29.2865,-1.00361  ,29.6677,-1.01927    ,30.1112,-1.10644  ,30.4412,-1.21797  ,26.12  ,-1.60022  ,26.4497,-1.15665   ,26.8381,-1.02593  ,27.2289,-0.910823 ,27.6191,-0.790498 ,28.0069,-0.690558  ,28.4624,-0.603805  ,28.845 ,-0.571835 ,29.2435,-0.574433  ,29.6409,-0.623473 ,30.1002,-0.788378 ,30.4412,-1.21797  ,29.9818,-1.38163  ,29.5425,-1.40251  ,29.177 ,-1.43817   ,28.8126,-1.49414  ,28.4489,-1.55672  ,28.0122,-1.62976   ,27.6497,-1.70458  ,27.2873,-1.78167  ,26.9239,-1.84717  ,26.5579,-1.86881  ,28.2125,1.19861   ,-0.140598  ,617,132747,54.1253,11.6881,133.255,0
401 ,26.2831,-1.5942   ,26.7419,-1.48059   ,27.1182,-1.39401 ,27.4943,-1.29826  ,27.8709,-1.20431  ,28.2436,-1.1252   ,28.6907,-1.06218   ,29.0674,-1.03047  ,29.4487,-1.0074   ,29.8294,-1.02473    ,30.2727,-1.12593  ,30.5849,-1.24947  ,26.2831,-1.5942   ,26.6125,-1.14444   ,26.9994,-1.00037  ,27.3892,-0.873946 ,27.7805,-0.757692 ,28.1667,-0.664799  ,28.6245,-0.597156  ,29.0107,-0.570661 ,29.4104,-0.574751  ,29.8083,-0.62411  ,30.271 ,-0.795565 ,30.5849,-1.24947  ,30.1374,-1.4088   ,29.699 ,-1.40933  ,29.3347,-1.44542   ,28.9715,-1.50172  ,28.6075,-1.54481  ,28.1717,-1.61158   ,27.8102,-1.68572  ,27.4488,-1.76107  ,27.0862,-1.82298  ,26.7217,-1.84978  ,28.3778,1.18826   ,-0.130978  ,621,133199,53.9859,11.6242,134.083,0
402 ,26.4717,-1.58124  ,26.9142,-1.46144   ,27.2855,-1.37643 ,27.6585,-1.28507  ,28.0327,-1.20132  ,28.4062,-1.13579  ,28.8498,-1.08509   ,29.2203,-1.06361  ,29.5982,-1.07308  ,30.0496,-1.12126    ,30.4107,-1.23281  ,30.7234,-1.37568  ,26.4717,-1.58124  ,26.7931,-1.13134   ,27.1716,-0.972066 ,27.5607,-0.846227 ,27.9522,-0.73692  ,28.3462,-0.668421  ,28.8041,-0.614296  ,29.1873,-0.614266 ,29.582 ,-0.649869  ,30.0555,-0.748177 ,30.4317,-0.912993 ,30.7234,-1.37568  ,30.2521,-1.4986   ,29.8938,-1.46723  ,29.4633,-1.49018   ,29.1048,-1.5184   ,28.7474,-1.56723  ,28.3187,-1.6268    ,27.9634,-1.70029  ,27.6071,-1.76195  ,27.25  ,-1.81642  ,26.8916,-1.8251   ,28.5486,1.21202   ,-0.0938109 ,613,130693,53.4817,11.8159,131.841,0
403 ,26.5584,-1.61112  ,26.9464,-1.4952    ,27.3202,-1.40931 ,27.6964,-1.32028  ,28.145 ,-1.22367  ,28.5154,-1.16349  ,28.8889,-1.12503   ,29.2704,-1.10967  ,29.6519,-1.10644  ,30.0317,-1.12736    ,30.4782,-1.20042  ,30.7884,-1.29875  ,26.5584,-1.61112  ,26.8141,-1.18668   ,27.1904,-1.00604  ,27.5809,-0.889553 ,28.0475,-0.775519 ,28.4244,-0.690169  ,28.8053,-0.653392  ,29.2038,-0.652297 ,29.6026,-0.662559  ,29.9993,-0.721204 ,30.4651,-0.874544 ,30.7884,-1.29875  ,30.3497,-1.49456  ,29.9126,-1.51984  ,29.5486,-1.54945   ,29.1845,-1.57316  ,28.8205,-1.60409  ,28.4577,-1.65451   ,28.0949,-1.70451  ,27.661 ,-1.78365  ,27.2986,-1.83966  ,26.9343,-1.84122  ,28.6217,1.2334    ,-0.101511  ,607,128701,52.8439,11.8341,129.598,0
404 ,26.5996,-1.44236  ,27.029 ,-1.3824    ,27.4174,-1.33445 ,27.8147,-1.2689   ,28.1759,-1.20383  ,28.5552,-1.14554  ,28.9501,-1.10469   ,29.373 ,-1.09303  ,29.7489,-1.09554  ,30.1124,-1.10599    ,30.5527,-1.12918  ,30.8936,-1.16914  ,26.5996,-1.44236  ,26.9826,-1.04665   ,27.367 ,-0.916616 ,27.7733,-0.814396 ,28.1422,-0.728231 ,28.5352,-0.656896  ,28.9411,-0.613061  ,29.3748,-0.622666 ,29.7627,-0.659016  ,30.1242,-0.718178 ,30.5359,-0.837438 ,30.8936,-1.16914  ,30.467 ,-1.41398  ,29.9826,-1.48935  ,29.6102,-1.53008   ,29.2469,-1.56434  ,28.8432,-1.60407  ,28.4645,-1.64896   ,28.1043,-1.69777  ,27.7557,-1.74162  ,27.3694,-1.76605  ,26.9815,-1.72794  ,28.7296,1.20093   ,-0.0776977 ,597,126831,53.044 ,12.2132,128.184,0
405 ,26.7548,-1.37136  ,27.1528,-1.35574   ,27.5538,-1.33678 ,27.9528,-1.2909   ,28.3345,-1.22371  ,28.7292,-1.16522  ,29.1083,-1.13528   ,29.5086,-1.12014  ,29.899 ,-1.12211  ,30.302 ,-1.14869    ,30.6832,-1.20992  ,31.0564,-1.28052  ,26.7548,-1.37136  ,27.1234,-1.04159   ,27.5227,-0.938523 ,27.9044,-0.855613 ,28.2446,-0.761624 ,28.6021,-0.690428  ,28.9873,-0.669417  ,29.4176,-0.671059 ,29.84  ,-0.69652   ,30.2657,-0.762759 ,30.6529,-0.895296 ,31.0564,-1.28052  ,30.6254,-1.50792  ,30.2318,-1.52344  ,29.8323,-1.54457   ,29.4658,-1.57202  ,29.0986,-1.60919  ,28.7366,-1.65289   ,28.3154,-1.70521  ,27.8897,-1.74279  ,27.4682,-1.74325  ,27.0749,-1.67272  ,28.8401,1.21912   ,-0.0741293 ,580,122903,53.1146,11.9187,125.598,0
406 ,26.8421,-1.33324  ,27.264 ,-1.38619   ,27.6241,-1.38615 ,28.0469,-1.32714  ,28.4096,-1.2568   ,28.8011,-1.19704  ,29.146 ,-1.15727   ,29.5769,-1.13328  ,29.9254,-1.13109  ,30.3074,-1.15363    ,30.7329,-1.24159  ,31.0396,-1.38197  ,26.8421,-1.33324  ,27.2975,-1.00282   ,27.703 ,-0.941529 ,28.1493,-0.867965 ,28.4988,-0.788557 ,28.8821,-0.724389  ,29.2283,-0.685889  ,29.6708,-0.677399 ,30.0225,-0.699725  ,30.3892,-0.764769 ,30.7856,-0.933139 ,31.0396,-1.38197  ,30.5847,-1.51912  ,30.1052,-1.53093  ,29.6923,-1.56033   ,29.34  ,-1.59421  ,28.9222,-1.64145  ,28.5852,-1.68733   ,28.1964,-1.74798  ,27.825 ,-1.80812  ,27.423 ,-1.83819  ,27.1178,-1.76039  ,28.9188,1.23629   ,-0.0806143 ,573,122111,52.2728,12.3586,123.598,0
407 ,26.8434,-1.38835  ,27.2807,-1.35394   ,27.6766,-1.32639 ,28.0373,-1.28839  ,28.4653,-1.23321  ,28.8459,-1.18737  ,29.24  ,-1.14753   ,29.6472,-1.12691  ,30.0444,-1.12747  ,30.4023,-1.15305    ,30.798 ,-1.23162  ,31.153 ,-1.38548  ,26.8434,-1.38835  ,27.2288,-0.974076  ,27.6205,-0.887025 ,27.9898,-0.830331 ,28.4422,-0.768581 ,28.8559,-0.72419   ,29.287 ,-0.689791  ,29.7248,-0.677121 ,30.1409,-0.699087  ,30.4948,-0.761116 ,30.8591,-0.917641 ,31.153 ,-1.38548  ,30.6471,-1.52018  ,30.1979,-1.53261  ,29.8195,-1.55236   ,29.4337,-1.58095  ,29.0615,-1.61924  ,28.7067,-1.66465   ,28.3646,-1.71407  ,27.9641,-1.76092  ,27.6142,-1.77567  ,27.2301,-1.73932  ,28.9519,1.21906   ,-0.0669493 ,591,124896,53.5685,11.7298,123.941,0
408 ,26.8515,-1.34815  ,27.2521,-1.34145   ,27.6567,-1.31704 ,28.0172,-1.27955  ,28.4356,-1.23205  ,28.8067,-1.19583  ,29.1955,-1.16955   ,29.5436,-1.15446  ,29.9593,-1.13895  ,30.3206,-1.14473    ,30.7188,-1.16979  ,31.0808,-1.22058  ,26.8515,-1.34815  ,27.2706,-0.962043  ,27.7283,-0.871418 ,28.1522,-0.805438 ,28.6322,-0.738861 ,29.0168,-0.701815  ,29.3921,-0.686845  ,29.7154,-0.68577  ,30.0777,-0.688955  ,30.3853,-0.731565 ,30.7254,-0.843957 ,31.0808,-1.22058  ,30.604 ,-1.48689  ,30.1364,-1.55355  ,29.7204,-1.59102   ,29.2552,-1.62799  ,28.8848,-1.6586   ,28.4891,-1.69811   ,28.1325,-1.73706  ,27.7796,-1.76449  ,27.4813,-1.77212  ,27.1406,-1.72207  ,28.9792,1.22073   ,-0.057012  ,596,126395,52.0839,13.8271,126.426,0
409 ,26.8521,-1.45934  ,27.2711,-1.3894    ,27.7036,-1.34664 ,28.079 ,-1.29741  ,28.4763,-1.24102  ,28.9138,-1.19438  ,29.3065,-1.16549   ,29.7128,-1.15808  ,30.1213,-1.16615  ,30.5713,-1.19603    ,30.9591,-1.24452  ,31.3211,-1.32247  ,26.8521,-1.45934  ,27.2271,-1.03776   ,27.6886,-0.922528 ,28.0952,-0.842385 ,28.5163,-0.766113 ,28.9804,-0.711449  ,29.3906,-0.682356  ,29.8093,-0.690169 ,30.2215,-0.72626   ,30.6532,-0.805777 ,30.9912,-0.935866 ,31.3211,-1.32247  ,30.8246,-1.53822  ,30.3677,-1.57484  ,29.8861,-1.60134   ,29.4799,-1.6261   ,29.0887,-1.6547   ,28.7187,-1.68895   ,28.3173,-1.73142  ,27.955 ,-1.76819  ,27.61  ,-1.78281  ,27.2133,-1.75139  ,29.0399,1.23626   ,-0.0624576 ,605,128140,55.2379,12.4869,129.012,0
410 ,26.9705,-1.42029  ,27.4208,-1.38083   ,27.7781,-1.34469 ,28.1997,-1.2897   ,28.5762,-1.23885  ,28.9679,-1.19765  ,29.3815,-1.16863   ,29.739 ,-1.14336  ,30.1728,-1.12749  ,30.5838,-1.12346    ,30.9524,-1.13204  ,31.32  ,-1.14611  ,26.9705,-1.42029  ,27.3276,-1.00453   ,27.6828,-0.917223 ,28.1076,-0.844226 ,28.485 ,-0.785601 ,28.9009,-0.73691   ,29.3503,-0.703019  ,29.7287,-0.676046 ,30.1852,-0.677638  ,30.6022,-0.712654 ,30.9532,-0.794559 ,31.32  ,-1.14611  ,30.8366,-1.46524  ,30.4334,-1.53381  ,30.0177,-1.58113   ,29.6038,-1.61784  ,29.2707,-1.64238  ,28.902 ,-1.66985   ,28.5395,-1.7084   ,28.1695,-1.75239  ,27.7537,-1.78549  ,27.3988,-1.76735  ,29.0895,1.21637   ,-0.0842823 ,610,128964,53.5341,11.6516,126.77 ,0
411 ,26.9395,-1.45479  ,27.3553,-1.39006   ,27.7867,-1.33597 ,28.1853,-1.28763  ,28.5295,-1.24661  ,28.9576,-1.20031  ,29.3188,-1.1631    ,29.7344,-1.11333  ,30.118 ,-1.05497  ,30.5204,-0.969687   ,30.8934,-0.861017 ,31.2358,-0.760668 ,26.9395,-1.45479  ,27.2421,-1.03621   ,27.6322,-0.928182 ,27.9794,-0.865626 ,28.2752,-0.818089 ,28.6552,-0.766232  ,28.9956,-0.727464  ,29.4151,-0.680793 ,29.8311,-0.631893  ,30.2937,-0.575358 ,30.7334,-0.533286 ,31.2358,-0.760668 ,30.9508,-1.21789  ,30.6374,-1.391    ,30.2821,-1.49904   ,29.9193,-1.56359  ,29.4986,-1.61387  ,29.1154,-1.64927   ,28.6444,-1.69135  ,28.2562,-1.72603  ,27.8122,-1.75952  ,27.3567,-1.75928  ,29.1149,1.16113   ,-0.136922  ,607,129263,53.4863,12.4994,125.355,0
412 ,26.9617,-1.52596  ,27.3553,-1.41267   ,27.8115,-1.32978 ,28.1618,-1.28132  ,28.5902,-1.22797  ,29.0317,-1.18074  ,29.3987,-1.14214   ,29.8172,-1.09007  ,30.1958,-1.01985  ,30.5756,-0.878197   ,30.9072,-0.667993 ,31.2346,-0.439178 ,26.9617,-1.52596  ,27.2083,-1.08974   ,27.6207,-0.933875 ,27.9254,-0.866412 ,28.287 ,-0.801527 ,28.6719,-0.746664  ,29.0215,-0.708513  ,29.4642,-0.666122 ,29.901 ,-0.618635  ,30.3334,-0.529116 ,30.6915,-0.413449 ,31.2346,-0.439178 ,31.031 ,-0.984657 ,30.7171,-1.27876  ,30.3709,-1.44891   ,30.0353,-1.53281  ,29.6309,-1.59165  ,29.2431,-1.62988   ,28.749 ,-1.67147  ,28.257 ,-1.71495  ,27.8648,-1.74684  ,27.3863,-1.76249  ,29.1189,1.1286    ,-0.163688  ,612,130707,54.9215,13.1593,128.426,0
413 ,27.0609,-1.39238  ,27.5371,-1.36371   ,27.9261,-1.31889 ,28.3148,-1.26203  ,28.7822,-1.20508  ,29.1725,-1.17135  ,29.563 ,-1.14003   ,29.9513,-1.07903  ,30.41  ,-0.947043 ,30.7711,-0.755453   ,31.0826,-0.503436 ,31.3177,-0.235853 ,27.0609,-1.39238  ,27.3999,-1.01421   ,27.7702,-0.927276 ,28.1421,-0.856638 ,28.5888,-0.775678 ,28.9627,-0.731197  ,29.3372,-0.697565  ,29.7119,-0.666252 ,30.1592,-0.592588  ,30.5255,-0.48351  ,30.8542,-0.321869 ,31.3177,-0.235853 ,31.2006,-0.795764 ,30.8789,-1.11363  ,30.5104,-1.36014   ,30.0361,-1.52396  ,29.6326,-1.59721  ,29.2263,-1.62851   ,28.8198,-1.65257  ,28.3322,-1.69089  ,27.9261,-1.72757  ,27.5196,-1.72677  ,29.2318,1.0992    ,-0.192293  ,630,135148,55.8672,11.6132,134.912,0
414 ,27.0673,-1.36775  ,27.5471,-1.33722   ,27.9381,-1.30206 ,28.3282,-1.24454  ,28.7965,-1.17374  ,29.188 ,-1.13205  ,29.5797,-1.09415   ,29.9707,-1.05069  ,30.4293,-0.905628 ,30.794 ,-0.706941   ,31.1092,-0.447439 ,31.3495,-0.186056 ,27.0673,-1.36775  ,27.4102,-0.991873  ,27.7834,-0.912864 ,28.1566,-0.834263 ,28.6047,-0.74318  ,28.9799,-0.686716  ,29.3567,-0.65804   ,29.7338,-0.642224 ,30.1831,-0.567416  ,30.5489,-0.434042 ,30.8805,-0.242521 ,31.3495,-0.186056 ,31.2194,-0.757792 ,30.901 ,-1.07432  ,30.5251,-1.3083    ,30.0516,-1.48304  ,29.6461,-1.5481   ,29.2391,-1.58934   ,28.8321,-1.62943  ,28.3437,-1.6772   ,27.9361,-1.70886  ,27.5283,-1.69623  ,29.2564,1.06102   ,-0.201173  ,632,135052,56.2455,11.5175,136.083,0
415 ,27.0673,-1.36775  ,27.5355,-1.3253    ,27.9228,-1.27508 ,28.3107,-1.22361  ,28.7753,-1.15054  ,29.1639,-1.11015  ,29.5529,-1.07784   ,29.9401,-1.02018  ,30.3204,-0.904722 ,30.7493,-0.664878   ,31.0404,-0.38975  ,31.2427,-0.1172   ,27.0673,-1.36775  ,27.39  ,-0.973559  ,27.7549,-0.87964  ,28.1238,-0.816387 ,28.5654,-0.729564 ,28.9351,-0.677797  ,29.3062,-0.649779  ,29.6772,-0.621362 ,30.0462,-0.562131  ,30.4764,-0.409199 ,30.7837,-0.201613 ,31.2427,-0.1172   ,31.1898,-0.690786 ,30.8895,-1.01663  ,30.4441,-1.30428   ,30.0485,-1.44596  ,29.6443,-1.52128  ,29.2372,-1.55823   ,28.8299,-1.58947  ,28.3426,-1.65466  ,27.9355,-1.69003  ,27.528 ,-1.69619  ,29.2266,1.03302   ,-0.210728  ,629,134451,55.5335,11.4645,135.497,0
416 ,27.0984,-1.3106   ,27.5558,-1.31362   ,28.0103,-1.26217 ,28.3893,-1.21205  ,28.8435,-1.14612  ,29.2231,-1.10571  ,29.6788,-1.06377   ,30.0544,-0.985821 ,30.4888,-0.791673 ,30.8083,-0.542582   ,31.0445,-0.23005  ,31.1852,0.14692   ,27.0984,-1.3106   ,27.4366,-0.955295  ,27.8556,-0.859982 ,28.2072,-0.803527 ,28.6277,-0.71984  ,28.98  ,-0.674344  ,29.4041,-0.648833  ,29.7575,-0.621581 ,30.1752,-0.519013  ,30.5046,-0.353341 ,30.766 ,-0.11298  ,31.1852,0.14692   ,31.2474,-0.478613 ,30.9976,-0.844256 ,30.6612,-1.1463    ,30.2026,-1.39316  ,29.8021,-1.49971  ,29.3146,-1.55534   ,28.9077,-1.58977  ,28.4203,-1.64892  ,28.0134,-1.68394  ,27.5251,-1.68093  ,29.2628,0.999023  ,-0.243039  ,634,135969,57.1775,11.558 ,141.397,0
417 ,27.0984,-1.3106   ,27.5477,-1.31863   ,27.9964,-1.27378 ,28.371 ,-1.23138  ,28.8195,-1.16879  ,29.2688,-1.11516  ,29.643 ,-1.06744   ,30.0861,-0.961804 ,30.4337,-0.787751 ,30.7866,-0.466868   ,30.9923,-0.139266 ,31.1228,0.240899  ,27.0984,-1.3106   ,27.4238,-0.962053  ,27.8336,-0.873718 ,28.1771,-0.820806 ,28.5875,-0.738562 ,28.9998,-0.678932  ,29.3448,-0.652924  ,29.7585,-0.61557  ,30.0973,-0.523532  ,30.4699,-0.289411 ,30.714 ,-0.0262866,31.1228,0.240899  ,31.1998,-0.388227 ,31.0013,-0.765406 ,30.6355,-1.13903   ,30.2675,-1.3542   ,29.7914,-1.5008   ,29.388 ,-1.569     ,28.9017,-1.61574  ,28.4151,-1.6587   ,28.0094,-1.69063  ,27.5229,-1.68045  ,29.268 ,0.982771  ,-0.269255  ,641,136409,57.37  ,11.9092,138.326,0
418 ,27.0738,-1.31084  ,27.5192,-1.30113   ,27.9672,-1.25642 ,28.3405,-1.20921  ,28.7876,-1.14188  ,29.1602,-1.08341  ,29.607 ,-1.00988   ,29.9725,-0.901427 ,30.3809,-0.669994 ,30.663 ,-0.384773   ,30.872 ,-0.0539965,31.0095,0.302719  ,27.0738,-1.31084  ,27.365 ,-0.962112  ,27.773 ,-0.870532 ,28.1161,-0.817949 ,28.5253,-0.729355 ,28.8678,-0.670333  ,29.2798,-0.614116  ,29.6234,-0.571885 ,30.0242,-0.424955  ,30.3294,-0.211228 ,30.5734,0.0720218 ,31.0095,0.302719  ,31.0959,-0.314941 ,30.8961,-0.682973 ,30.6086,-1.00865   ,30.1776,-1.28857  ,29.7854,-1.43099  ,29.3039,-1.52381   ,28.9006,-1.57491  ,28.4159,-1.62454  ,28.0118,-1.6589   ,27.5261,-1.64975  ,29.2242,0.930806  ,-0.294728  ,623,134761,56.252 ,11.782 ,141.882,0
419 ,27.0738,-1.30483  ,27.5156,-1.29547   ,27.9621,-1.25259 ,28.3342,-1.20737  ,28.7801,-1.14514  ,29.1518,-1.09098  ,29.5967,-1.0141    ,29.9604,-0.898601 ,30.2965,-0.701387 ,30.6171,-0.354456   ,30.7939,-0.0179258,30.8964,0.340262  ,27.0738,-1.30483  ,27.3605,-0.957126  ,27.7651,-0.8689   ,28.1054,-0.819701 ,28.5112,-0.731416 ,28.8509,-0.673727  ,29.2594,-0.615679  ,29.5994,-0.56438  ,29.9281,-0.448166  ,30.2746,-0.202997 ,30.4855,0.0786607 ,30.8964,0.340262  ,31.0399,-0.248543 ,30.869 ,-0.635834 ,30.538 ,-1.04717   ,30.1784,-1.29439  ,29.7859,-1.43724  ,29.3041,-1.53232   ,28.9002,-1.57799  ,28.4144,-1.6152   ,28.0101,-1.65302  ,27.5237,-1.64592  ,29.2073,0.925571  ,-0.301075  ,623,133675,55.7739,11.9673,141.054,0
420 ,27.0802,-1.29858  ,27.521 ,-1.28016   ,27.9663,-1.24233 ,28.3377,-1.20176  ,28.7826,-1.14154  ,29.1533,-1.08776  ,29.5959,-1.00082   ,29.9551,-0.872284 ,30.3314,-0.601058 ,30.5671,-0.288525   ,30.713 ,0.066229  ,30.7706,0.467535  ,27.0802,-1.29858  ,27.3599,-0.95412   ,27.7594,-0.862829 ,28.0961,-0.814774 ,28.4981,-0.733695 ,28.8342,-0.677588  ,29.238 ,-0.617122  ,29.5746,-0.5707   ,29.9562,-0.409587  ,30.2217,-0.181139 ,30.4057,0.12358   ,30.7706,0.467535  ,30.9773,-0.1364   ,30.8315,-0.530061 ,30.595 ,-0.899815  ,30.1952,-1.24007  ,29.807 ,-1.41677  ,29.3243,-1.52295   ,28.9187,-1.5703   ,28.4309,-1.606    ,28.0246,-1.63765  ,27.537 ,-1.62209  ,29.2055,0.885922  ,-0.336761  ,616,134512,56.0602,12.0366,139.397,0
421 ,27.0802,-1.29234  ,27.5842,-1.27763   ,27.9515,-1.25429 ,28.3921,-1.2088   ,28.8321,-1.15928  ,29.2717,-1.09597  ,29.7056,-0.988797  ,30.1032,-0.772612 ,30.3614,-0.490278 ,30.5712,-0.0811689  ,30.7071,0.339287  ,30.7774,0.723682  ,27.0802,-1.29234  ,27.4171,-0.926828  ,27.7484,-0.863326 ,28.1478,-0.812784 ,28.5455,-0.73905  ,28.9443,-0.67717   ,29.3442,-0.634849  ,29.7341,-0.520635 ,30.0118,-0.316414  ,30.265 ,0.0251021 ,30.4431,0.392945  ,30.7774,0.723682  ,30.9319,0.14692   ,30.8203,-0.329065 ,30.6221,-0.791693  ,30.3509,-1.11638  ,29.9237,-1.38672  ,29.4526,-1.53462   ,28.972 ,-1.59757  ,28.4896,-1.62185  ,28.0074,-1.64981  ,27.605 ,-1.64143  ,29.2166,0.852211  ,-0.387026  ,633,135934,58.702 ,12.2252,143.397,0
422 ,27.1113,-1.23531  ,27.5494,-1.26381   ,27.9902,-1.24245 ,28.4307,-1.19429  ,28.8705,-1.13433  ,29.2363,-1.07395  ,29.6661,-0.931845  ,30.0427,-0.672622 ,30.2839,-0.373068 ,30.4871,0.0404302   ,30.6369,0.389003  ,30.7527,0.774434  ,27.1113,-1.23531  ,27.4228,-0.924847  ,27.8175,-0.857683 ,28.2125,-0.796311 ,28.6069,-0.729455 ,28.9356,-0.672791  ,29.3278,-0.58558   ,29.6942,-0.41748  ,29.9426,-0.185668  ,30.1758,0.164358  ,30.3437,0.472302  ,30.7527,0.774434  ,30.8731,0.169852  ,30.7397,-0.224834 ,30.5413,-0.691652  ,30.2794,-1.03376  ,29.8633,-1.33864  ,29.391 ,-1.50379   ,28.9876,-1.56165  ,28.5021,-1.60851  ,28.016 ,-1.63719  ,27.5314,-1.60427  ,29.2175,0.785722  ,-0.43732   ,627,136232,57.471 ,11.6218,142.468,0
423 ,27.0994,-1.23544  ,27.5325,-1.22029   ,27.9754,-1.18615 ,28.4191,-1.14743  ,28.7878,-1.09225  ,29.2237,-0.99875  ,29.6426,-0.831774  ,29.952 ,-0.594429 ,30.258 ,-0.225959 ,30.4512,0.119887    ,30.6232,0.463922  ,30.7909,0.836801  ,27.0994,-1.23544  ,27.3742,-0.892818  ,27.771 ,-0.813948 ,28.1748,-0.758757 ,28.5107,-0.702472 ,28.9119,-0.616366  ,29.3089,-0.498838  ,29.6183,-0.314822 ,29.9325,-0.0061113 ,30.1556,0.297324  ,30.3544,0.60067   ,30.7909,0.836801  ,30.8243,0.192884  ,30.6741,-0.196975 ,30.4955,-0.580902  ,30.1702,-0.982885 ,29.8399,-1.23783  ,29.393 ,-1.42158   ,28.9179,-1.51013  ,28.5159,-1.55899  ,28.0318,-1.56852  ,27.5483,-1.55309  ,29.2048,0.707186  ,-0.460566  ,615,135270,57.1282,11.5041,139.397,0
424 ,27.1488,-1.10949  ,27.5888,-1.17587   ,28.0273,-1.16125 ,28.4658,-1.11363  ,28.9033,-1.04828  ,29.2646,-0.959574 ,29.6814,-0.76671   ,29.9828,-0.517092 ,30.2662,-0.139027 ,30.4507,0.204042    ,30.6465,0.603745  ,30.7776,0.967607  ,27.1488,-1.10949  ,27.4996,-0.840752  ,27.8921,-0.777051 ,28.2849,-0.716177 ,28.6771,-0.650127 ,29.0023,-0.577329  ,29.3834,-0.435734  ,29.6668,-0.242352 ,29.95  ,0.0710962  ,30.1496,0.367126  ,30.392 ,0.708195  ,30.7776,0.967607  ,30.8557,0.370431  ,30.6823,-0.0974325,30.4997,-0.481619  ,30.1876,-0.905588 ,29.8461,-1.17806  ,29.3833,-1.38425   ,28.9841,-1.47469  ,28.5006,-1.53008  ,28.0161,-1.55565  ,27.534 ,-1.50509  ,29.2103,0.669491  ,-0.474432  ,607,133792,57.5642,10.9437,142.711,0
425 ,27.1673,-1.10741  ,27.6035,-1.16115   ,28.0645,-1.14657 ,28.4634,-1.11186  ,28.909 ,-1.05122  ,29.3664,-0.948506 ,29.7157,-0.782486  ,30.0686,-0.465375 ,30.2878,-0.145557 ,30.4827,0.230697    ,30.6856,0.672781  ,30.7897,1.03264   ,27.1673,-1.10741  ,27.5111,-0.835806  ,27.889 ,-0.762579 ,28.2265,-0.714794 ,28.6244,-0.655004 ,29.0632,-0.572293  ,29.4066,-0.462389  ,29.7398,-0.23645  ,29.95  ,0.0302878  ,30.1469,0.368749  ,30.387 ,0.769845  ,30.7897,1.03264   ,30.9374,0.46438   ,30.7658,-0.0158058,30.5625,-0.428617  ,30.3079,-0.79661  ,29.9132,-1.17274  ,29.5463,-1.36178   ,29.0518,-1.47017  ,28.5432,-1.5255   ,28.0799,-1.54019  ,27.5578,-1.48324  ,29.3125,0.62235   ,-0.51013   ,599,131446,58.3903,11.3516,135.054,0
426 ,27.3872,-1.11762  ,27.8299,-1.16559   ,28.2463,-1.12673 ,28.6907,-1.07095  ,29.1019,-0.998711 ,29.5149,-0.874394 ,29.8763,-0.652198  ,30.1767,-0.322824 ,30.3973,0.0273715 ,30.6124,0.434161    ,30.7923,0.792877  ,30.9877,1.14519   ,27.3872,-1.11762  ,27.7301,-0.835557  ,28.076 ,-0.743977 ,28.4338,-0.678136 ,28.774 ,-0.611817 ,29.1552,-0.523173  ,29.5188,-0.353898  ,29.8411,-0.054952 ,30.0933,0.28104    ,30.3436,0.663495  ,30.5573,0.973509  ,30.9877,1.14519   ,30.9759,0.5133    ,30.8287,0.100498  ,30.6447,-0.325442  ,30.4363,-0.691443 ,30.1369,-1.02883  ,29.7635,-1.27065   ,29.3007,-1.41233  ,28.8013,-1.48439  ,28.271 ,-1.52604  ,27.8027,-1.49922  ,29.4666,0.543766  ,-0.564644  ,589,128231,57.8406,11.819 ,133.882,0
427 ,27.6047,-1.15766  ,28.0232,-1.16926   ,28.43  ,-1.09719 ,28.8581,-1.00745  ,29.2113,-0.925912 ,29.6287,-0.789055 ,29.9561,-0.587282  ,30.249 ,-0.253062 ,30.4396,0.0874295 ,30.6347,0.42598     ,30.8596,0.812943  ,31.0364,1.12221   ,27.6047,-1.15766  ,27.9383,-0.846097  ,28.2747,-0.72193  ,28.6156,-0.627384 ,28.9038,-0.547788 ,29.278 ,-0.43226   ,29.6021,-0.273108  ,29.9202,0.0402709 ,30.1462,0.354237   ,30.3683,0.67518   ,30.6348,1.00616   ,31.0364,1.12221   ,31.0287,0.524049  ,30.8439,0.0812485 ,30.6799,-0.278632  ,30.5162,-0.637198 ,30.2233,-0.974196 ,29.8791,-1.18587   ,29.4065,-1.33327  ,28.9782,-1.41327  ,28.4643,-1.49659  ,28.0005,-1.50339  ,29.5704,0.503891  ,-0.590768  ,567,124140,55.1025,11.8222,129.882,0
428 ,27.7761,-1.161    ,28.174 ,-1.20785   ,28.5646,-1.09866 ,28.9626,-0.950298 ,29.3058,-0.83906  ,29.6756,-0.699356 ,30.0449,-0.453988  ,30.2901,-0.166598 ,30.4834,0.163025  ,30.6715,0.497424    ,30.9067,0.878495  ,31.0767,1.1786    ,27.7761,-1.161    ,28.0858,-0.866531  ,28.4148,-0.7113   ,28.7302,-0.589602 ,29.0025,-0.487272 ,29.3138,-0.368848  ,29.6615,-0.1469    ,29.9211,0.117369  ,30.1449,0.408631   ,30.371 ,0.709688  ,30.6697,1.03033   ,31.0767,1.1786    ,31.0847,0.632809  ,30.9161,0.18951   ,30.7703,-0.178044  ,30.5952,-0.540671 ,30.3525,-0.830411 ,29.9487,-1.06969   ,29.5133,-1.22276  ,29.0949,-1.34434  ,28.6163,-1.52534  ,28.1658,-1.55217  ,29.6788,0.425838  ,-0.639099  ,557,121679,53.7057,11.9204,126.368,0
429 ,28.0101,-1.35941  ,28.3707,-1.21346   ,28.74  ,-1.05433 ,29.1064,-0.925037 ,29.4858,-0.756508 ,29.8292,-0.565883 ,30.1414,-0.313498  ,30.37  ,-0.0547728,30.5915,0.304112  ,30.7436,0.616067    ,30.9346,0.976415  ,31.1049,1.29025   ,28.0101,-1.35941  ,28.1574,-0.899278  ,28.4853,-0.692907 ,28.818 ,-0.566281 ,29.1675,-0.403804 ,29.473 ,-0.252743  ,29.7514,-0.0556885 ,29.9804,0.170728  ,30.2414,0.510941   ,30.4318,0.802412  ,30.6728,1.12301   ,31.1049,1.29025   ,31.142 ,0.729943  ,31.0041,0.324337  ,30.8884,-0.00389173,30.6781,-0.385719 ,30.4292,-0.668063 ,30.0825,-0.944575  ,29.7113,-1.15417  ,29.2937,-1.32177  ,28.8889,-1.4559   ,28.4797,-1.57632  ,29.7441,0.37901   ,-0.673368  ,563,122981,52.3912,11.365 ,124.368,0
430 ,27.9788,-1.15393  ,28.404 ,-1.13622   ,28.7808,-1.04276 ,29.135 ,-0.921155 ,29.4664,-0.742096 ,29.7984,-0.51335  ,30.1052,-0.267136  ,30.3715,0.0193093 ,30.5834,0.350763  ,30.7777,0.698948    ,30.9393,0.991723  ,31.1002,1.34108   ,27.9788,-1.15393  ,28.273 ,-0.788985  ,28.574 ,-0.658876 ,28.8608,-0.55158  ,29.1316,-0.41745  ,29.4154,-0.234897  ,29.7126,-0.00188117,29.9986,0.275566  ,30.2396,0.576035   ,30.4671,0.883691  ,30.6781,1.12983   ,31.1002,1.34108   ,31.1488,0.757334  ,31.0331,0.415181  ,30.8701,0.027889   ,30.6754,-0.326387 ,30.4153,-0.605427 ,30.088 ,-0.859952  ,29.7061,-1.1251   ,29.3125,-1.33182  ,28.882 ,-1.456    ,28.4251,-1.50309  ,29.729 ,0.345955  ,-0.678962  ,564,123050,52.4078,11.3604,124.953,0
431 ,27.9395,-1.10193  ,28.3692,-1.13531   ,28.7667,-1.04732 ,29.141 ,-0.917472 ,29.4834,-0.719681 ,29.7899,-0.494976 ,30.106 ,-0.226895  ,30.3866,0.0627952 ,30.604 ,0.359611  ,30.8132,0.717461    ,31.0059,1.07103   ,31.1854,1.3816    ,27.9395,-1.10193  ,28.2695,-0.784516  ,28.5883,-0.663873 ,28.8964,-0.539606 ,29.2076,-0.352286 ,29.4982,-0.131761  ,29.7793,0.0847222  ,30.0257,0.302997  ,30.2422,0.565564   ,30.4938,0.906882  ,30.7437,1.23098   ,31.1854,1.3816    ,31.2138,0.815123  ,31.0761,0.424049  ,30.8993,0.0540661  ,30.6633,-0.275686 ,30.3293,-0.631953 ,29.9766,-0.940365  ,29.6612,-1.15158  ,29.2839,-1.33957  ,28.8341,-1.46224  ,28.353 ,-1.49768  ,29.7581,0.30905   ,-0.690376  ,577,124155,53.7282,11.5232,127.196,0
432 ,27.9533,-1.09798  ,28.3444,-1.15389   ,28.7737,-1.04784 ,29.1327,-0.923126 ,29.5137,-0.706363 ,29.8036,-0.482126 ,30.1019,-0.207755  ,30.3717,0.0887035 ,30.5929,0.421441  ,30.8045,0.804144    ,31.0099,1.14703   ,31.1847,1.45602   ,27.9533,-1.09798  ,28.2546,-0.795067  ,28.6244,-0.669576 ,28.9195,-0.563086 ,29.2588,-0.342213 ,29.5253,-0.11707   ,29.7886,0.131562   ,30.0295,0.392198  ,30.2618,0.692956   ,30.5006,1.03679   ,30.7541,1.32731   ,31.1847,1.45602   ,31.2084,0.872672  ,31.0504,0.473138  ,30.8718,0.0561464  ,30.6327,-0.31309  ,30.317 ,-0.643817 ,29.9831,-0.929804  ,29.675 ,-1.13374  ,29.2454,-1.32603  ,28.8224,-1.45576  ,28.3415,-1.52172  ,29.7937,0.256581  ,-0.715991  ,579,126537,54.3687,11.5079,128.853,0
433 ,27.9668,-1.03974  ,28.4033,-1.07145   ,28.8282,-1.00168 ,29.2574,-0.837826 ,29.6135,-0.61553  ,29.9457,-0.352047 ,30.2455,-0.05112   ,30.4865,0.306312  ,30.6679,0.695893  ,30.8473,1.06324     ,31.0538,1.41981   ,31.196 ,1.79568   ,27.9668,-1.03974  ,28.281 ,-0.742802  ,28.6226,-0.630191 ,28.9722,-0.503635 ,29.2732,-0.310811 ,29.5941,-0.0450684 ,29.8918,0.244771   ,30.1454,0.578165  ,30.3178,0.899715   ,30.511 ,1.2039    ,30.7641,1.52536   ,31.196 ,1.79568   ,31.2856,1.2142    ,31.1287,0.81779   ,30.9705,0.3898     ,30.7793,-0.0573109,30.5201,-0.433704 ,30.2069,-0.740055  ,29.8534,-0.990569 ,29.4399,-1.22412  ,28.9178,-1.40115  ,28.4019,-1.40799  ,29.853 ,0.127046  ,-0.762232  ,602,130255,57.5541,11.3643,134.024,0
434 ,27.9569,-1.02336  ,28.4253,-1.06665   ,28.8523,-0.972514,29.2532,-0.813998 ,29.6371,-0.579081 ,29.9692,-0.305983 ,30.2699,-0.00293621,30.5366,0.407188  ,30.7068,0.763565  ,30.9132,1.18701     ,31.0956,1.58599   ,31.2613,1.9606    ,27.9569,-1.02336  ,28.3175,-0.714764  ,28.7053,-0.610981 ,29.0766,-0.454297 ,29.4337,-0.194726 ,29.7326,0.0759534  ,29.9958,0.365733   ,30.234 ,0.732958  ,30.3856,1.03688    ,30.6127,1.40908   ,30.8421,1.74146   ,31.2613,1.9606    ,31.298 ,1.31703   ,31.1606,0.85407   ,30.9802,0.388078   ,30.7862,-0.0213597,30.4543,-0.472999 ,30.0961,-0.785342  ,29.7302,-1.04294  ,29.3201,-1.22723  ,28.8786,-1.3692   ,28.414 ,-1.42953  ,29.927 ,0.01502   ,-0.794434  ,608,133128,59.5827,11.7232,138.024,0
435 ,28.0284,-0.989982 ,28.5012,-0.995167  ,28.9589,-0.904115,29.3721,-0.738234 ,29.701 ,-0.512255 ,30.0244,-0.233364 ,30.3555,0.150931   ,30.5456,0.480802  ,30.7442,0.925216  ,30.9205,1.31084     ,31.0759,1.72806   ,31.1391,2.13253   ,28.0284,-0.989982 ,28.3843,-0.644802  ,28.7882,-0.551023 ,29.1655,-0.390506 ,29.4811,-0.150513 ,29.7693,0.119151   ,30.0414,0.461135   ,30.221 ,0.768093  ,30.4095,1.15838    ,30.6024,1.48795   ,30.7917,1.8303    ,31.1391,2.13253   ,31.3224,1.50398   ,31.1897,1.02012   ,31.0291,0.582804   ,30.8163,0.0834283 ,30.5883,-0.270888 ,30.1742,-0.687074  ,29.8114,-0.957156 ,29.4677,-1.14692  ,29.0011,-1.28995  ,28.4912,-1.3616   ,29.9656,-0.0731436,-0.821584  ,612,133925,59.7769,11.2064,138.61 ,0
436 ,28.038 ,-0.918657 ,28.5021,-0.949601  ,28.9584,-0.882606,29.3488,-0.733994 ,29.7335,-0.484903 ,30.0586,-0.198727 ,30.3453,0.140281   ,30.5496,0.508234  ,30.7236,0.883293  ,30.9135,1.29347     ,31.0702,1.72574   ,31.095 ,2.12707   ,28.038 ,-0.918657 ,28.3906,-0.627912  ,28.7888,-0.52393  ,29.1386,-0.378194 ,29.4865,-0.134598 ,29.7634,0.120882   ,30.0028,0.418206   ,30.2052,0.758608  ,30.3629,1.07796    ,30.5655,1.40989   ,30.7694,1.75117   ,31.095 ,2.12707   ,31.3355,1.57651   ,31.2085,1.05762   ,31.0306,0.576155   ,30.8459,0.156207  ,30.6055,-0.250364 ,30.2477,-0.624597  ,29.87  ,-0.917432 ,29.4496,-1.14294  ,29.0084,-1.26939  ,28.4793,-1.27931  ,29.9757,-0.0807272,-0.818138  ,604,132730,59.3793,11.0398,139.439,0
437 ,28.1491,-0.882297 ,28.589 ,-0.924459  ,29.0136,-0.834751,29.4535,-0.653631 ,29.7862,-0.417659 ,30.1226,-0.102061 ,30.3968,0.230587   ,30.6089,0.628957  ,30.7761,0.987961  ,30.9744,1.43327     ,31.1056,1.84887   ,31.1207,2.2377    ,28.1491,-0.882297 ,28.4716,-0.590587  ,28.8274,-0.472362 ,29.1961,-0.307695 ,29.4954,-0.074968 ,29.8071,0.232707   ,30.0677,0.543588   ,30.2829,0.908444  ,30.4269,1.20629    ,30.6391,1.56413   ,30.8296,1.90166   ,31.1207,2.2377    ,31.3563,1.67622   ,31.2623,1.18708   ,31.0745,0.663654   ,30.89  ,0.251648  ,30.6503,-0.189291 ,30.3295,-0.548863  ,29.964 ,-0.852049 ,29.6026,-1.05892  ,29.0825,-1.2302   ,28.5843,-1.26842  ,30.0306,-0.148591 ,-0.844385  ,608,131740,59.1375,11.5295,138.024,0
438 ,28.2885,-0.844236 ,28.7332,-0.853592  ,29.1583,-0.753064,29.5564,-0.5622   ,29.9428,-0.269803 ,30.2542,0.0509209 ,30.4767,0.371277   ,30.6791,0.768322  ,30.8609,1.14751   ,31.0367,1.55217     ,31.2155,1.96105   ,31.3812,2.33517   ,28.2885,-0.844236 ,28.6199,-0.5431    ,28.9524,-0.393761 ,29.315 ,-0.194586 ,29.6883,0.113835  ,29.969 ,0.42164    ,30.1682,0.715769   ,30.3629,1.0808    ,30.534 ,1.39823    ,30.745 ,1.73626   ,30.9724,2.08794   ,31.3812,2.33517   ,31.4079,1.71778   ,31.2777,1.25225   ,31.1368,0.783023   ,30.945 ,0.355411  ,30.7247,-0.0760031,30.4447,-0.430419  ,30.0868,-0.749242 ,29.6872,-0.997257 ,29.246 ,-1.15133  ,28.7233,-1.17782  ,30.1326,-0.254736 ,-0.876842  ,604,129705,59.0522,11.9683,136.853,0
439 ,28.5228,-0.89016  ,28.9524,-0.824827  ,29.3587,-0.638761,29.715 ,-0.43451  ,30.0286,-0.184663 ,30.3215,0.120614  ,30.5539,0.468839   ,30.741 ,0.843629  ,30.9125,1.20289   ,31.0743,1.59216     ,31.2311,2.00315   ,31.3488,2.33936   ,28.5228,-0.89016  ,28.8102,-0.515768  ,29.1722,-0.277407 ,29.5055,-0.044093 ,29.8036,0.228467  ,30.0622,0.523173   ,30.2497,0.836005   ,30.4062,1.16891   ,30.578 ,1.47018    ,30.7793,1.79156   ,30.993 ,2.12342   ,31.3488,2.33936   ,31.426 ,1.76591   ,31.3236,1.27823   ,31.1996,0.828729   ,31.0264,0.421829  ,30.8073,0.00693743,30.4918,-0.386246  ,30.1488,-0.691374 ,29.8217,-0.892539 ,29.4447,-1.05092  ,28.9921,-1.16726  ,30.2414,-0.335021 ,-0.909896  ,579,124630,56.1208,12.3357,130.61 ,0
440 ,28.7584,-0.867845 ,29.145 ,-0.763435  ,29.5238,-0.538641,29.8105,-0.342114 ,30.1485,-0.0604362,30.4057,0.222674  ,30.6103,0.544095   ,30.7789,0.888697  ,30.9524,1.26988   ,31.0943,1.62596     ,31.2181,1.96967   ,31.3443,2.34016   ,28.7584,-0.867845 ,28.9885,-0.468222  ,29.3376,-0.179129 ,29.6219,0.0595802 ,29.9392,0.374183  ,30.142 ,0.635685   ,30.2834,0.910286   ,30.43  ,1.21553   ,30.6205,1.53391    ,30.7965,1.81985   ,30.9561,2.10141   ,31.3443,2.34016   ,31.4469,1.74219   ,31.3537,1.3309    ,31.2419,0.90513    ,31.0845,0.474472  ,30.891 ,0.0898382 ,30.5926,-0.286136  ,30.2631,-0.584087 ,29.9027,-0.812714 ,29.6151,-0.960928 ,29.209 ,-1.09748  ,30.3377,-0.416075 ,-0.94345   ,554,120292,53.2303,12.5844,125.439,0
441 ,29.01  ,-0.889324 ,29.3614,-0.720995  ,29.696 ,-0.505029,29.9963,-0.275855 ,30.3057,0.00610135,30.5354,0.263105  ,30.7535,0.600958   ,30.8922,0.920737  ,31.0129,1.28349   ,31.1409,1.68236     ,31.2541,2.006     ,31.3429,2.35792   ,29.01  ,-0.889324 ,29.0974,-0.46858   ,29.3626,-0.23633  ,29.6628,0.0180453 ,29.9675,0.320286  ,30.1778,0.568889   ,30.375 ,0.890957   ,30.5073,1.19734   ,30.6414,1.49878    ,30.8067,1.81785   ,30.9666,2.08388   ,31.3429,2.35792   ,31.5063,1.82535   ,31.4363,1.43384   ,31.3502,0.957524   ,31.2404,0.550197  ,31.0842,0.218524  ,30.8099,-0.144691  ,30.5424,-0.409308 ,30.2277,-0.652138 ,29.9315,-0.843698 ,29.5346,-1.02429  ,30.4608,-0.454386 ,-0.974244  ,543,118848,51.3978,11.9926,120.125,0
442 ,29.0504,-0.861326 ,29.4371,-0.690577  ,29.7446,-0.482236,30.0498,-0.224386 ,30.2935,0.00987364,30.5481,0.294597  ,30.7713,0.622019   ,30.9319,0.975669  ,31.0632,1.35404   ,31.1762,1.71885     ,31.266 ,2.03832   ,31.3318,2.41017   ,29.0504,-0.861326 ,29.2062,-0.421869  ,29.4627,-0.160098 ,29.7567,0.121639  ,29.9987,0.363682  ,30.2454,0.644255   ,30.4384,0.95413    ,30.5712,1.30001   ,30.7062,1.61149    ,30.847 ,1.88388   ,30.9833,2.12722   ,31.3318,2.41017   ,31.5221,1.84385   ,31.4729,1.44765   ,31.3886,0.995964   ,31.2575,0.563624  ,31.0517,0.198388  ,30.773 ,-0.150036  ,30.4943,-0.438531 ,30.2419,-0.661176 ,29.9241,-0.8818   ,29.5671,-1.0163   ,30.4894,-0.49401  ,-0.983836  ,545,120477,51.4572,12.3452,120.711,0
443 ,29.0771,-0.919891 ,29.4179,-0.713151  ,29.7545,-0.473099,30.0798,-0.193173 ,30.3409,0.0767795 ,30.5983,0.40683   ,30.7807,0.708623   ,30.9753,1.10055   ,31.0935,1.47356   ,31.2117,1.82248     ,31.3488,2.23564   ,31.4223,2.57252   ,29.0771,-0.919891 ,29.1615,-0.474681  ,29.4351,-0.185748 ,29.7115,0.0615709 ,29.923 ,0.277756  ,30.1447,0.566998   ,30.3433,0.863844   ,30.5677,1.25154   ,30.7107,1.61013    ,30.8616,1.92911   ,31.0657,2.28543   ,31.4223,2.57252   ,31.5991,2.07213   ,31.5189,1.59687   ,31.4435,1.22608    ,31.3414,0.848625  ,31.1636,0.455909  ,30.9779,0.140062   ,30.6587,-0.235584 ,30.3403,-0.548823 ,29.9632,-0.844345 ,29.5642,-1.02324  ,30.508 ,-0.5524   ,-0.990769  ,564,122615,53.5607,11.4818,126.368,0
444 ,28.9955,-0.824708 ,29.3994,-0.645091  ,29.7158,-0.437197,30.0652,-0.17898  ,30.3321,0.107386  ,30.5561,0.422855  ,30.7566,0.792718   ,30.9267,1.15884   ,31.072 ,1.53585   ,31.2105,1.86037     ,31.3729,2.25617   ,31.4877,2.61235   ,28.9955,-0.824708 ,29.2136,-0.338172  ,29.5094,-0.0706781,29.8424,0.207864  ,30.0452,0.457512  ,30.2022,0.733426   ,30.3882,1.07645    ,30.5615,1.40761   ,30.7039,1.73746    ,30.8597,2.02329   ,31.0709,2.3595    ,31.4877,2.61235   ,31.6315,2.04006   ,31.5133,1.58722   ,31.3977,1.22716    ,31.2466,0.803657  ,31.0744,0.404202  ,30.8411,0.00621084 ,30.5356,-0.345139 ,30.1925,-0.64748  ,29.8176,-0.874763 ,29.4817,-1.01371  ,30.5018,-0.619005 ,-0.993279  ,578,124642,54.2313,11.8714,128.61 ,0
445 ,28.9737,-0.663196 ,29.3841,-0.574841  ,29.7727,-0.348384,30.1018,-0.0685083,30.3583,0.213219  ,30.6212,0.615261  ,30.7669,0.952159   ,30.929 ,1.33742   ,31.0737,1.73266   ,31.2546,2.13965     ,31.4493,2.54282   ,31.6269,2.86183   ,28.9737,-0.663196 ,29.2266,-0.249897  ,29.6025,0.0465116 ,29.9215,0.359651  ,30.1267,0.621084  ,30.3019,0.970473   ,30.4098,1.28576    ,30.5549,1.63463   ,30.7186,1.96165    ,30.9409,2.31881   ,31.1939,2.68148   ,31.6269,2.86183   ,31.6509,2.29453   ,31.5112,1.84235   ,31.3857,1.38945    ,31.2599,0.929227  ,31.0775,0.508114  ,30.8815,0.145905   ,30.494 ,-0.310154 ,30.1728,-0.601356 ,29.8343,-0.820935 ,29.4265,-0.942315 ,30.5289,-0.768001 ,-1.02079   ,599,129403,56.8254,12.5705,132.61 ,0
446 ,29.0192,-0.606801 ,29.4826,-0.483699  ,29.8389,-0.278652,30.1687,0.00279687,30.4404,0.340043  ,30.6282,0.684904  ,30.7991,1.07525    ,30.9628,1.47874   ,31.0969,1.91083   ,31.2378,2.28474     ,31.4504,2.68692   ,31.6771,3.00572   ,29.0192,-0.606801 ,29.2692,-0.163851  ,29.6269,0.0937697 ,29.9636,0.411428  ,30.1915,0.738274  ,30.316 ,1.06892    ,30.4538,1.44713    ,30.6008,1.81995   ,30.7528,2.18893    ,30.9332,2.50333   ,31.2078,2.86022   ,31.6771,3.00572   ,31.6283,2.40751   ,31.4899,1.94286   ,31.4013,1.50784    ,31.2835,1.0183    ,31.0952,0.590866  ,30.8868,0.187689   ,30.6117,-0.173525 ,30.2687,-0.510095 ,29.9367,-0.730699 ,29.5707,-0.853293 ,30.5485,-0.868178 ,-1.04497   ,613,131986,57.8227,13.1208,135.782,0
447 ,29.0238,-0.484605 ,29.5007,-0.45353   ,29.8478,-0.256844,30.1696,0.0244353 ,30.4298,0.329712  ,30.6507,0.754358  ,30.8156,1.13001    ,30.9655,1.51514   ,31.0926,1.91646   ,31.2564,2.30833     ,31.4549,2.71238   ,31.5911,3.07831   ,29.0238,-0.484605 ,29.3534,-0.091361  ,29.6742,0.135225  ,29.9702,0.419978  ,30.1787,0.715232  ,30.3317,1.11328    ,30.4565,1.4537     ,30.5885,1.78987   ,30.7217,2.12283    ,30.9022,2.45672   ,31.1521,2.81221   ,31.5911,3.07831   ,31.7008,2.49815   ,31.5578,2.04688   ,31.4249,1.59663    ,31.3042,1.12798   ,31.1266,0.698908  ,30.9227,0.287002   ,30.6078,-0.158048 ,30.2668,-0.470889 ,29.9089,-0.73052  ,29.5286,-0.854229 ,30.576 ,-0.926801 ,-1.04402   ,611,133385,57.7394,12.4593,136.024,0
448 ,29.0004,-0.539616 ,29.4506,-0.482614  ,29.8816,-0.222545,30.176 ,0.0476363 ,30.4718,0.414703  ,30.6831,0.813879  ,30.8461,1.20145    ,31.03  ,1.66009   ,31.176 ,2.0829    ,31.3537,2.51282     ,31.5237,2.88467   ,31.7101,3.26996   ,29.0004,-0.539616 ,29.2911,-0.135504  ,29.7127,0.160277  ,29.9845,0.432579  ,30.2031,0.761813  ,30.3541,1.13389    ,30.497 ,1.51784    ,30.6707,1.94662   ,30.8285,2.30872    ,31.0315,2.68931   ,31.2588,3.0169    ,31.7101,3.26996   ,31.7348,2.62993   ,31.6195,2.2131    ,31.4806,1.73492    ,31.3453,1.25626   ,31.1488,0.771746  ,30.9635,0.38559    ,30.6565,-0.0548923,30.2533,-0.454138 ,29.9292,-0.698998 ,29.4872,-0.870403 ,30.6081,-0.999255 ,-1.05191   ,623,135297,60.729 ,12.1502,141.439,0
449 ,29.1561,-0.603188 ,29.599 ,-0.397653  ,29.9446,-0.158536,30.2531,0.136559  ,30.5002,0.482704  ,30.726 ,0.919522  ,30.8789,1.29116    ,31.0434,1.74051   ,31.1761,2.11518   ,31.3545,2.56055     ,31.4927,2.92406   ,31.5928,3.33288   ,29.1561,-0.603188 ,29.3363,-0.138987  ,29.6447,0.111785  ,29.9278,0.387232  ,30.1462,0.716058  ,30.3442,1.12706    ,30.4793,1.47556    ,30.6411,1.89381   ,30.7936,2.23892    ,31.0159,2.6444    ,31.2027,2.97065   ,31.5928,3.33288   ,31.7314,2.73427   ,31.6343,2.32792   ,31.503 ,1.84209    ,31.3891,1.43782   ,31.2212,0.957385  ,31.0433,0.563982   ,30.7648,0.107107  ,30.4666,-0.241635 ,30.1087,-0.531664 ,29.7219,-0.735447 ,30.6249,-1.05306  ,-1.06223   ,636,137093,59.1751,11.0985,143.439,0
450 ,29.1689,-0.60919  ,29.5961,-0.41742   ,29.9902,-0.147069,30.2813,0.150006  ,30.5136,0.497444  ,30.7397,0.935269  ,30.8945,1.30735    ,31.0612,1.75729   ,31.1927,2.13285   ,31.3585,2.58143     ,31.4912,2.9507    ,31.6123,3.37103   ,29.1689,-0.60919  ,29.3204,-0.164856  ,29.6711,0.111447  ,29.9428,0.384823  ,30.1511,0.711768  ,30.3562,1.12543    ,30.4923,1.47718    ,30.6604,1.89836   ,30.8103,2.24746    ,31.0237,2.65926   ,31.199 ,2.99655   ,31.6123,3.37103   ,31.7287,2.75928   ,31.6403,2.35369   ,31.522 ,1.86834    ,31.4101,1.46559   ,31.2337,0.988887  ,31.0592,0.596658   ,30.7874,0.140391  ,30.5156,-0.217111 ,30.1799,-0.507447 ,29.7307,-0.738333 ,30.6438,-1.0747   ,-1.07188   ,637,137693,59.6876,10.8876,147.782,0
451 ,29.1626,-0.603188 ,29.5862,-0.409139  ,29.9872,-0.137713,30.2829,0.157759  ,30.5168,0.504213  ,30.7376,0.93921   ,30.8915,1.30823    ,31.0576,1.75438   ,31.2146,2.20136   ,31.351 ,2.5724      ,31.5043,3.01002   ,31.5928,3.41441   ,29.1626,-0.603188 ,29.3087,-0.163244  ,29.664 ,0.1277    ,29.942 ,0.405456  ,30.1622,0.732411  ,30.3571,1.14195    ,30.4904,1.48898    ,30.6527,1.905     ,30.8329,2.31748    ,31.0032,2.65701   ,31.215 ,3.05158   ,31.5928,3.41441   ,31.7454,2.82536   ,31.6416,2.33996   ,31.5376,1.93744    ,31.407 ,1.45517   ,31.2298,0.980088  ,31.0556,0.589064   ,30.785 ,0.134041  ,30.5155,-0.218524 ,30.1795,-0.506143 ,29.7257,-0.727414 ,30.6475,-1.09247  ,-1.07383   ,645,138564,60.1209,11.0087,145.782,0
452 ,29.1626,-0.603188 ,29.5914,-0.401336  ,29.9329,-0.169225,30.2989,0.189868  ,30.5369,0.541418  ,30.7214,0.906802  ,30.9059,1.35307    ,31.044 ,1.72775   ,31.2042,2.17773   ,31.3415,2.5515      ,31.4913,2.99267   ,31.5611,3.40168   ,29.1626,-0.603188 ,29.3133,-0.159153  ,29.6148,0.0832193 ,29.9515,0.418167  ,30.1664,0.750984  ,30.33  ,1.09601    ,30.4983,1.51558    ,30.6354,1.86586   ,30.8147,2.2833     ,30.9866,2.62648   ,31.1996,3.02807   ,31.5611,3.40168   ,31.7414,2.81528   ,31.6377,2.32774   ,31.5346,1.92339    ,31.3961,1.44008   ,31.2522,1.04174   ,31.0463,0.569814   ,30.821 ,0.188724  ,30.5384,-0.172082 ,30.1186,-0.525463 ,29.7307,-0.71978  ,30.6382,-1.0778   ,-1.06984   ,636,138183,59.8158,10.9204,146.024,0
453 ,29.1407,-0.571716 ,29.5955,-0.386973  ,29.9444,-0.160825,30.2554,0.133015  ,30.5011,0.47929   ,30.6903,0.842265  ,30.8782,1.28645    ,31.0199,1.65936   ,31.1521,2.03371   ,31.3145,2.48137     ,31.4508,2.85188   ,31.541 ,3.26344   ,29.1407,-0.571716 ,29.3564,-0.118036  ,29.6679,0.123112  ,29.9455,0.402182  ,30.1568,0.729425  ,30.3186,1.06827    ,30.4834,1.48089    ,30.62  ,1.82485   ,30.7627,2.16774    ,30.9594,2.57392   ,31.1349,2.90937   ,31.541 ,3.26344   ,31.7176,2.64814   ,31.6154,2.2396    ,31.4862,1.75028    ,31.3644,1.34448   ,31.2112,0.943719  ,30.9949,0.469048   ,30.7553,0.0874593 ,30.4505,-0.262916 ,30.0854,-0.545887 ,29.6912,-0.728858 ,30.6285,-1.05479  ,-1.06438   ,628,137159,58.2042,11.0938,141.196,0
454 ,29.2066,-0.585033 ,29.6442,-0.353042  ,29.9873,-0.11084 ,30.2847,0.19162   ,30.5216,0.54299   ,30.7331,0.985552  ,30.8832,1.35975    ,31.0452,1.81187   ,31.1893,2.18669   ,31.3659,2.63517     ,31.4983,3.00259   ,31.5928,3.41441   ,29.2066,-0.585033 ,29.353 ,-0.118464  ,29.6611,0.136987  ,29.9328,0.423949  ,30.1499,0.755523  ,30.3463,1.1724     ,30.4913,1.52361    ,30.6594,1.94624   ,30.8147,2.29545    ,31.0311,2.70802   ,31.2088,3.04223   ,31.5928,3.41441   ,31.7382,2.81867   ,31.6415,2.41292   ,31.5022,1.92888    ,31.3787,1.52649   ,31.217 ,1.0458    ,31.0527,0.650406   ,30.811 ,0.185638  ,30.5269,-0.17046  ,30.181 ,-0.463195 ,29.7953,-0.672104 ,30.6386,-1.10891  ,-1.07489   ,630,137953,59.3418,10.7727,145.681,0
455 ,29.2881,-0.503098 ,29.7167,-0.243477  ,30.0478,0.0250026,30.3333,0.337874  ,30.5532,0.695176  ,30.7285,1.06396   ,30.9016,1.51389    ,31.0407,1.88959   ,31.1847,2.26413   ,31.3594,2.71223     ,31.4874,3.08      ,31.5867,3.49596   ,29.2881,-0.503098 ,29.4219,-0.0132777 ,29.7144,0.265473  ,29.9759,0.562977  ,30.172 ,0.90292   ,30.3321,1.25122    ,30.5023,1.67358    ,30.6513,2.02417   ,30.8067,2.37351    ,31.0286,2.78502   ,31.2062,3.11981   ,31.5867,3.49596   ,31.7187,2.89618   ,31.6344,2.48975   ,31.5009,2.00585    ,31.3775,1.60419   ,31.2418,1.20451   ,31.0573,0.728619   ,30.8565,0.341716  ,30.589 ,-0.0228826,30.255 ,-0.329523 ,29.8773,-0.565495 ,30.6531,-1.203    ,-1.08735   ,622,134622,58.4347,10.9623,142.853,0
456 ,29.365 ,-0.397354 ,29.774 ,-0.17896   ,30.0751,0.0928042,30.3837,0.439536  ,30.6135,0.815073  ,30.7755,1.19331   ,30.9179,1.56987    ,31.0956,1.99848   ,31.2575,2.40146   ,31.3925,2.76958     ,31.5434,3.20896   ,31.6755,3.55919   ,29.365 ,-0.397354 ,29.5421,0.0978804  ,29.8424,0.446454  ,30.1388,0.822807  ,30.3048,1.17351   ,30.4315,1.52737    ,30.5641,1.88241    ,30.7416,2.27562   ,30.9249,2.64789    ,31.096 ,2.96775   ,31.2952,3.33355   ,31.6755,3.55919   ,31.7481,2.96123   ,31.6449,2.4464    ,31.5447,2.03558    ,31.403 ,1.61216   ,31.2301,1.15051   ,31.079 ,0.750526   ,30.8656,0.34919   ,30.5492,-0.0477259,30.2111,-0.35573  ,29.8979,-0.532609 ,30.7329,-1.33114  ,-1.11292   ,596,128201,57.8995,12.4028,134.953,0
457 ,29.5708,-0.267275 ,29.9541,-0.00480743,30.2237,0.246284 ,30.4599,0.516097  ,30.6723,0.870891  ,30.8359,1.26134   ,30.9746,1.6188     ,31.1115,1.9926    ,31.2261,2.34258   ,31.3683,2.74772     ,31.4791,3.09638   ,31.5595,3.4848    ,29.5708,-0.267275 ,29.7024,0.199663   ,29.8971,0.465464  ,30.0862,0.721283  ,30.2695,1.05636   ,30.4254,1.45355    ,30.5563,1.8138     ,30.6968,2.17274   ,30.8373,2.48815    ,31.0129,2.85189   ,31.1734,3.151     ,31.5595,3.4848    ,31.7536,2.92456   ,31.6818,2.52897   ,31.5759,2.07904    ,31.4881,1.7008    ,31.3535,1.3204    ,31.2055,0.970304   ,31.0291,0.587372  ,30.7494,0.203992  ,30.4443,-0.0793375,30.0986,-0.296438 ,30.8226,-1.44092  ,-1.14175   ,570,123426,53.6273,11.4983,126.711,0
458 ,29.8918,-0.309975 ,30.107 ,0.0381608  ,30.3594,0.367256 ,30.6001,0.694081  ,30.7746,0.996153  ,30.9574,1.39848   ,31.072 ,1.73582    ,31.1951,2.14785   ,31.313 ,2.48666   ,31.464 ,2.89223     ,31.5901,3.25594   ,31.7055,3.58831   ,29.8918,-0.309975 ,29.767 ,0.202081   ,29.968 ,0.557751  ,30.1983,0.873996  ,30.3716,1.16874   ,30.5539,1.57055    ,30.6665,1.90957    ,30.7911,2.3174    ,30.9263,2.62477    ,31.112 ,2.9737    ,31.2959,3.29705   ,31.7055,3.58831   ,31.844 ,3.09601   ,31.7715,2.69072   ,31.6587,2.23666    ,31.5626,1.86212   ,31.4415,1.44606   ,31.3188,1.1203     ,31.1271,0.725583  ,30.9303,0.408462  ,30.663 ,0.0652038 ,30.3728,-0.230259 ,30.8946,-1.50654  ,-1.14919   ,560,122715,53.1825,11.0744,125.882,0
459 ,29.8875,-0.37062  ,30.0562,-0.0051757 ,30.2851,0.337973 ,30.5294,0.648306  ,30.7368,1.00377   ,30.9036,1.3639    ,31.0431,1.7667     ,31.1556,2.11594   ,31.2838,2.49009   ,31.442 ,2.89894     ,31.5806,3.27949   ,31.7111,3.59847   ,29.8875,-0.37062  ,29.7194,0.0968552  ,29.8629,0.494498  ,30.0956,0.82625   ,30.337 ,1.18599   ,30.5069,1.53429    ,30.6466,1.92407    ,30.7516,2.28216   ,30.9017,2.65764    ,31.0953,3.01721   ,31.2901,3.35903   ,31.7111,3.59847   ,31.829 ,3.07746   ,31.7396,2.65583   ,31.6267,2.21528    ,31.5223,1.83702   ,31.4019,1.49116   ,31.2559,1.08563    ,31.0852,0.721333  ,30.8886,0.367385  ,30.6231,0.0735845 ,30.3325,-0.226158 ,30.8571,-1.50155  ,-1.14205   ,568,124066,53.9248,11.2367,129.296,0
460 ,29.8108,-0.359283 ,29.9858,0.0103613  ,30.2257,0.352356 ,30.4686,0.686417  ,30.6699,1.01712   ,30.8354,1.39392   ,30.9832,1.76304    ,31.1239,2.14527   ,31.2556,2.5415    ,31.4254,2.92581     ,31.5631,3.28289   ,31.6611,3.63819   ,29.8108,-0.359283 ,29.6346,0.114731   ,29.8041,0.474203  ,30.0278,0.79657   ,30.233 ,1.13106   ,30.4025,1.51559    ,30.5593,1.87944    ,30.7209,2.24124   ,30.8601,2.63005    ,31.0494,2.9971    ,31.2468,3.31652   ,31.6611,3.63819   ,31.8389,3.1307    ,31.7499,2.74034   ,31.6099,2.34286    ,31.4898,1.93614   ,31.3644,1.54133   ,31.2263,1.16587    ,31.0483,0.793315  ,30.8332,0.465882  ,30.5614,0.11721   ,30.2715,-0.20664  ,30.8197,-1.54215  ,-1.12789   ,566,124473,54.3851,10.9759,127.296,0
461 ,29.5815,-0.170081 ,29.9301,0.0922867  ,30.2208,0.41316  ,30.4704,0.761027  ,30.6529,1.0869    ,30.8393,1.49725   ,30.9983,1.88115    ,31.153 ,2.28396   ,31.2821,2.62799   ,31.4533,3.02147     ,31.6065,3.44159   ,31.7097,3.78717   ,29.5815,-0.170081 ,29.6802,0.324865   ,29.9134,0.66024   ,30.1282,0.993346  ,30.2811,1.31463   ,30.4553,1.73609    ,30.6051,2.11235    ,30.7686,2.4692    ,30.9171,2.78449    ,31.1169,3.1626    ,31.3264,3.52916   ,31.7097,3.78717   ,31.8496,3.23082   ,31.7397,2.76764   ,31.6024,2.35678    ,31.4948,1.98391   ,31.3456,1.53609   ,31.1778,1.15463    ,30.9714,0.755363  ,30.7389,0.413359  ,30.4347,0.052394  ,30.0816,-0.232021 ,30.8305,-1.64213  ,-1.12425   ,580,126223,56.1138,11.508 ,130.711,0
462 ,29.7537,-0.216583 ,30.0308,0.130507   ,30.3174,0.485709 ,30.52  ,0.77956   ,30.7185,1.1618    ,30.8809,1.52393   ,31.0382,1.91278    ,31.1906,2.32861   ,31.3262,2.68043   ,31.4862,3.09957     ,31.6232,3.4668    ,31.727 ,3.85559   ,29.7537,-0.216583 ,29.704 ,0.27477    ,29.9269,0.634222  ,30.119 ,0.924917  ,30.3151,1.30095   ,30.4771,1.66136    ,30.6212,2.05206    ,30.7623,2.45652   ,30.9183,2.79183    ,31.1144,3.1848    ,31.2994,3.52316   ,31.727 ,3.85559   ,31.9054,3.28823   ,31.811 ,2.89272   ,31.6882,2.4516     ,31.5751,2.08283   ,31.4112,1.65647   ,31.2393,1.28169    ,31.0734,0.917512  ,30.8491,0.518933  ,30.6153,0.21715   ,30.2664,-0.125073 ,30.8954,-1.72629  ,-1.1366    ,588,127992,56.0262,10.9712,132.125,0
463 ,29.7466,-0.114592 ,30.0857,0.206471   ,30.3543,0.519361 ,30.5964,0.883969  ,30.7829,1.30173   ,30.956 ,1.70758   ,31.0939,2.07346    ,31.2548,2.50134   ,31.4117,2.93435   ,31.5573,3.29659     ,31.7153,3.75884   ,31.7553,4.12341   ,29.7466,-0.114592 ,29.7799,0.398758   ,30.008 ,0.713908  ,30.23  ,1.05778   ,30.3965,1.46046   ,30.5577,1.87214    ,30.6848,2.24576    ,30.8416,2.66774   ,31.0219,3.05459    ,31.1827,3.37568   ,31.3919,3.7674    ,31.7553,4.12341   ,32.0001,3.61688   ,31.8831,3.09375   ,31.7547,2.69334    ,31.625 ,2.20885   ,31.456 ,1.78024   ,31.3058,1.42495    ,31.1201,1.02622   ,30.8967,0.590905  ,30.5994,0.198548  ,30.2828,-0.10219  ,30.9538,-1.85988  ,-1.15158   ,606,131776,58.5483,11.1354,136.368,0
464 ,29.916 ,0.0608344 ,30.2097,0.383061   ,30.4678,0.721632 ,30.6826,1.08857   ,30.8569,1.46646   ,31.0381,1.92541   ,31.1791,2.30975    ,31.3209,2.69379   ,31.4601,3.078     ,31.61  ,3.45975     ,31.7931,3.90791   ,31.9   ,4.25513   ,29.916 ,0.0608344 ,29.8899,0.514146   ,30.0971,0.871518  ,30.2982,1.23017   ,30.4575,1.59803   ,30.6167,2.04529    ,30.7533,2.41737    ,30.9031,2.78708   ,31.0601,3.15538    ,31.2469,3.51743   ,31.487 ,3.93786   ,31.9   ,4.25513   ,32.0407,3.73244   ,31.9152,3.24922   ,31.7978,2.84822    ,31.6807,2.44718   ,31.5518,2.04785   ,31.3958,1.65311    ,31.1914,1.18272   ,30.9868,0.798202  ,30.7418,0.430479  ,30.4244,0.12775   ,31.0236,-2.02482  ,-1.15902   ,617,134713,57.4318,10.791 ,139.539,0
465 ,30.0161,0.205057  ,30.3188,0.54096    ,30.5757,0.888707 ,30.7776,1.26615   ,30.9403,1.65233   ,31.0829,2.04215   ,31.2261,2.43192    ,31.3757,2.82039   ,31.5317,3.20737   ,31.7341,3.66817     ,31.9036,4.03651   ,32.0383,4.3742    ,30.0161,0.205057  ,30.0058,0.683471   ,30.2086,1.05243   ,30.3914,1.42583   ,30.5433,1.80558   ,30.6729,2.18915    ,30.8183,2.57014    ,30.9774,2.9485    ,31.1565,3.32283    ,31.4052,3.76427   ,31.6227,4.11001   ,32.0383,4.3742    ,32.1169,3.8201    ,31.9982,3.41806   ,31.8438,2.93736    ,31.7144,2.5369    ,31.5792,2.13737   ,31.4337,1.73954    ,31.2754,1.34399   ,31.0907,0.953722  ,30.8463,0.577857  ,30.5236,0.271426  ,31.0954,-2.14799  ,-1.16134   ,611,133329,57.2655,10.8388,139.782,0
466 ,30.0172,0.27267   ,30.336 ,0.618675   ,30.581 ,0.911361 ,30.8224,1.29994   ,30.9762,1.68813   ,31.1255,2.0867    ,31.2719,2.49134    ,31.4231,2.89057   ,31.5814,3.30474   ,31.735 ,3.65755     ,31.9002,4.09608   ,31.9899,4.4572    ,30.0172,0.27267   ,30.0314,0.770502   ,30.2091,1.07082   ,30.4207,1.44233   ,30.5667,1.84061   ,30.7094,2.24864    ,30.8594,2.64778    ,31.0139,3.03892   ,31.1949,3.42475    ,31.3769,3.75822   ,31.6052,4.15793   ,31.9899,4.4572    ,32.1553,3.90584   ,32.0419,3.43754   ,31.9194,3.06576    ,31.7875,2.62891   ,31.6436,2.21836   ,31.4977,1.81149    ,31.3445,1.42203   ,31.171 ,1.04896   ,30.8614,0.635606  ,30.5402,0.353221  ,31.1439,-2.23344  ,-1.16547   ,600,130924,57.4047,11.0551,134.711,0
467 ,30.1046,0.442025  ,30.4124,0.743867   ,30.6541,1.06956  ,30.8662,1.42594   ,31.0388,1.82485   ,31.1725,2.1763    ,31.3281,2.59025    ,31.4655,2.94246   ,31.6173,3.36655   ,31.7564,3.72476     ,31.9066,4.09884   ,31.9877,4.4738    ,30.1046,0.442025  ,30.137 ,0.959684   ,30.304 ,1.28592   ,30.4814,1.62622   ,30.6439,2.03761   ,30.7724,2.38546    ,30.9148,2.80273    ,31.0595,3.13105   ,31.2419,3.49269    ,31.397 ,3.80575   ,31.579 ,4.14268   ,31.9877,4.4738    ,32.1877,3.92702   ,32.0673,3.52324   ,31.9483,3.12102    ,31.8271,2.63403   ,31.6955,2.26123   ,31.5284,1.84859    ,31.387 ,1.49868   ,31.192 ,1.10811   ,30.9226,0.73685   ,30.609 ,0.433216  ,31.2001,-2.34066  ,-1.17087   ,583,126524,55.2762,11.6521,131.296,0
468 ,30.2846,0.655791  ,30.5864,0.994351   ,30.794 ,1.30947  ,30.9761,1.63144   ,31.1364,2.01464   ,31.2755,2.41531   ,31.4011,2.75248    ,31.5472,3.14695   ,31.6712,3.50592   ,31.8422,3.91255     ,31.99  ,4.26121   ,32.1464,4.60033   ,30.2846,0.655791  ,30.2741,1.2039     ,30.4598,1.53203   ,30.614 ,1.83909   ,30.7535,2.23709   ,30.882 ,2.65657    ,30.997 ,3.01075    ,31.1506,3.3911    ,31.3094,3.69732    ,31.5272,4.06474   ,31.7133,4.38086   ,32.1464,4.60033   ,32.2209,4.02554   ,32.1061,3.64663   ,31.9886,3.19457    ,31.9037,2.78652   ,31.7615,2.38431   ,31.6294,2.05883    ,31.4776,1.6808    ,31.2836,1.31554   ,31.0623,0.980655  ,30.8236,0.685372  ,31.2836,-2.512    ,-1.17949   ,568,122196,53.904 ,12.1211,128.225,0
469 ,30.3707,0.811032  ,30.6686,1.10802    ,30.9072,1.41892  ,31.0956,1.72745   ,31.2526,2.08153   ,31.3802,2.46015   ,31.5004,2.85425    ,31.6241,3.24851   ,31.7316,3.58894   ,31.8748,3.96236     ,32.0023,4.34648   ,32.0918,4.68141   ,30.3707,0.811032  ,30.3737,1.28733    ,30.54  ,1.61943   ,30.6936,1.89968   ,30.837 ,2.25426   ,30.9472,2.66267    ,31.066 ,3.06017    ,31.2091,3.41887   ,31.3461,3.70426    ,31.5144,4.03497   ,31.7094,4.38108   ,32.0918,4.68141   ,32.2665,4.2025    ,32.193 ,3.78339   ,32.0794,3.36284    ,32.0039,2.96387   ,31.8994,2.53691   ,31.7789,2.14562    ,31.6287,1.80594   ,31.4423,1.4539    ,31.202 ,1.11392   ,30.8759,0.831157  ,31.3721,-2.58982  ,-1.19964   ,560,121038,52.6884,12.069 ,124.811,0
470 ,30.5736,0.740622  ,30.7982,1.10176    ,31.0069,1.4279   ,31.2074,1.75114   ,31.3922,2.13177   ,31.4996,2.4754    ,31.5846,2.84046    ,31.6692,3.20944   ,31.7894,3.61778   ,31.915 ,3.96347     ,32.0618,4.36371   ,32.1542,4.68446   ,30.5736,0.740622  ,30.4785,1.26166    ,30.6312,1.62326   ,30.8181,1.94321   ,30.9926,2.30724   ,31.0897,2.65008    ,31.1726,3.01404    ,31.2586,3.37672   ,31.3982,3.74512    ,31.5493,4.05441   ,31.7583,4.41373   ,32.1542,4.68446   ,32.328 ,4.20408   ,32.236 ,3.75686   ,32.1432,3.37536    ,32.0498,2.92133   ,31.9696,2.54294   ,31.8781,2.18334    ,31.7476,1.84545   ,31.5328,1.45167   ,31.3131,1.12419   ,31.0508,0.835169  ,31.4578,-2.60331  ,-1.22031   ,555,121643,52.5396,11.3546,123.983,0
471 ,30.6582,0.71555   ,30.7923,1.10169    ,30.9813,1.4304   ,31.2041,1.79428   ,31.3788,2.14529   ,31.5071,2.53092   ,31.5996,2.88223    ,31.6714,3.24005   ,31.7766,3.65098   ,31.9012,3.9863      ,32.0616,4.38199   ,32.1838,4.71179   ,30.6582,0.71555   ,30.4548,1.21468    ,30.5786,1.58165   ,30.7863,1.95191   ,30.9775,2.31615   ,31.1116,2.71378    ,31.2065,3.06896    ,31.274 ,3.41164   ,31.385 ,3.78043    ,31.535 ,4.07922   ,31.7557,4.44429   ,32.1838,4.71179   ,32.3243,4.2081    ,32.2219,3.78209   ,32.1326,3.40667    ,32.046 ,2.94958   ,31.965 ,2.57622   ,31.8686,2.23415    ,31.737 ,1.87182   ,31.5635,1.53496   ,31.3158,1.17247   ,31.0802,0.877321  ,31.4495,-2.62417  ,-1.21706   ,555,123522,52.789 ,11.0924,126.225,0
472 ,30.4958,0.796719  ,30.6892,1.1819     ,30.929 ,1.54756  ,31.1175,1.85626   ,31.3077,2.27008   ,31.4296,2.62332   ,31.5577,3.05057    ,31.6505,3.42881   ,31.7799,3.83457   ,31.9337,4.23222     ,32.0848,4.5808    ,32.2573,4.92228   ,30.4958,0.796719  ,30.3362,1.33607    ,30.5438,1.70567   ,30.7062,2.00455   ,30.8928,2.42679   ,31.0055,2.78475    ,31.144 ,3.19509    ,31.246 ,3.57312   ,31.3933,3.96924    ,31.5848,4.32794   ,31.7871,4.65223   ,32.2573,4.92228   ,32.3312,4.39565   ,32.2349,4.02002   ,32.1257,3.58918    ,32.024 ,3.15933   ,31.9382,2.78187   ,31.814 ,2.34106    ,31.6805,2.00285   ,31.4717,1.60727   ,31.2451,1.28458   ,30.9811,0.925713  ,31.4103,-2.76456  ,-1.20066   ,582,126375,55.3277,11.3106,131.054,0
473 ,30.2455,0.961286  ,30.5914,1.24464    ,30.8283,1.57146  ,31.0378,1.90859   ,31.2176,2.2968    ,31.3702,2.70741   ,31.5102,3.11943    ,31.6123,3.4682    ,31.7462,3.90525   ,31.9008,4.27242     ,32.0794,4.64161   ,32.2977,4.97059   ,30.2455,0.961286  ,30.3132,1.4727     ,30.506 ,1.79257   ,30.6705,2.09663   ,30.8309,2.47264   ,30.9673,2.88414    ,31.0902,3.31588    ,31.2076,3.68054   ,31.3861,4.09402    ,31.5689,4.43458   ,31.8014,4.76897   ,32.2977,4.97059   ,32.2969,4.39365   ,32.1761,3.98837   ,32.0628,3.59065    ,31.9875,3.13702   ,31.8912,2.80714   ,31.7287,2.41241    ,31.5599,2.00717   ,31.3413,1.60974   ,31.0759,1.23754   ,30.7835,0.919204  ,31.3579,-2.83988  ,-1.18291   ,580,125999,56.1409,11.6586,134.368,0
474 ,30.2428,1.01379   ,30.5744,1.27716    ,30.8275,1.59501  ,31.0545,1.98336   ,31.2102,2.36629   ,31.3722,2.77052   ,31.5122,3.13823    ,31.6435,3.49796   ,31.7825,3.91347   ,31.9336,4.31749     ,32.0866,4.66936   ,32.2319,5.03762   ,30.2428,1.01379   ,30.3213,1.50057    ,30.508 ,1.81493   ,30.7031,2.18534   ,30.8436,2.58772   ,30.9862,2.99032    ,31.1004,3.35038    ,31.2237,3.69584   ,31.3985,4.05292    ,31.5757,4.40913   ,31.7596,4.73566   ,32.2319,5.03762   ,32.3612,4.48598   ,32.2447,4.11042   ,32.127 ,3.65617    ,32.0223,3.18059   ,31.8771,2.80425   ,31.7098,2.43131    ,31.5334,2.03422   ,31.3541,1.67162   ,31.0663,1.26412   ,30.7398,0.960689  ,31.3875,-2.91562  ,-1.17343   ,583,127683,55.8939,11.6556,132.125,0
475 ,30.3992,0.981213  ,30.6693,1.36662    ,30.9105,1.71295  ,31.0885,2.0562    ,31.249 ,2.46548   ,31.4068,2.88592   ,31.5425,3.25278    ,31.7037,3.6557    ,31.8573,4.07761   ,32.0036,4.43715     ,32.2033,4.81161   ,32.4385,5.13641   ,30.3992,0.981213  ,30.3529,1.54066    ,30.5547,1.8823    ,30.7159,2.21751   ,30.8641,2.64978   ,31.0179,3.0806     ,31.1376,3.46829    ,31.3085,3.87486   ,31.4969,4.25017    ,31.6595,4.58407   ,31.9073,4.95009   ,32.4385,5.13641   ,32.4265,4.54942   ,32.2931,4.16853   ,32.1736,3.78483    ,32.0532,3.32066   ,31.9   ,2.91785   ,31.7513,2.56891    ,31.5892,2.16208   ,31.4111,1.78027   ,31.192 ,1.4281    ,30.9041,1.07964   ,31.4361,-3.01783  ,-1.17094   ,596,128904,57.1237,11.5322,134.711,0
476 ,30.4297,1.16748   ,30.7684,1.5301     ,31.0246,1.89666  ,31.1953,2.25873   ,31.3353,2.63984   ,31.4882,3.08278   ,31.6434,3.52268    ,31.7847,3.88892   ,31.9539,4.30568   ,32.1386,4.72831     ,32.3541,5.10704   ,32.4998,5.46674   ,30.4297,1.16748   ,30.4437,1.66856    ,30.6407,2.02728   ,30.7998,2.38633   ,30.9274,2.76065   ,31.0731,3.20481    ,31.2211,3.64654    ,31.37  ,3.9959    ,31.5593,4.3754     ,31.7579,4.7664    ,32.0274,5.14957   ,32.4998,5.46674   ,32.6098,4.93735   ,32.4575,4.56693   ,32.3008,4.11704    ,32.1509,3.66207   ,32.0213,3.27307   ,31.8582,2.83605    ,31.6998,2.39077   ,31.5383,2.00806   ,31.3392,1.64412   ,30.9929,1.27439   ,31.5246,-3.19415  ,-1.17379   ,603,131431,59.0483,10.8301,137.539,0
477 ,30.6362,1.37131   ,30.9155,1.714      ,31.1392,2.07414  ,31.3171,2.45529   ,31.465 ,2.84253   ,31.6253,3.31024   ,31.7686,3.69828    ,31.9205,4.08443   ,32.095 ,4.46601   ,32.2929,4.84208     ,32.5016,5.19997   ,32.6766,5.53941   ,30.6362,1.37131   ,30.6102,1.85639    ,30.7691,2.23282   ,30.9235,2.61022   ,31.0571,2.99128   ,31.21  ,3.44985    ,31.3529,3.82927    ,31.5229,4.20356   ,31.7176,4.57245    ,31.9483,4.9324    ,32.2095,5.26655   ,32.6766,5.53941   ,32.7117,4.99688   ,32.552 ,4.60299   ,32.3944,4.20874    ,32.2546,3.81137   ,32.1288,3.4118    ,31.989 ,3.01442    ,31.8143,2.53879   ,31.6435,2.14709   ,31.428 ,1.76538   ,31.1292,1.43931   ,31.6516,-3.34517  ,-1.16664   ,607,131694,57.2377,10.9453,138.125,0
478 ,30.6615,1.50286   ,31.0089,1.81864    ,31.2171,2.14216  ,31.3918,2.54398   ,31.5406,2.96221   ,31.6616,3.33446   ,31.8386,3.74152    ,31.9884,4.08927   ,32.1711,4.49649   ,32.3647,4.84936     ,32.5621,5.2144    ,32.7373,5.56332   ,30.6615,1.50286   ,30.7119,2.03923    ,30.8763,2.3542    ,31.0295,2.75615   ,31.1522,3.20182   ,31.2632,3.57683    ,31.431 ,3.95849    ,31.5848,4.26492   ,31.7924,4.63565    ,32.0309,4.98308   ,32.289 ,5.33657   ,32.7373,5.56332   ,32.7734,4.96917   ,32.631 ,4.59679   ,32.4916,4.24032    ,32.3431,3.79896   ,32.1932,3.40854   ,32.0162,2.97142    ,31.8883,2.59975   ,31.7096,2.21527   ,31.4961,1.818     ,31.2262,1.50067   ,31.7316,-3.42566  ,-1.15956   ,593,128357,56.51  ,11.8495,133.296,0
479 ,30.7245,1.73615   ,31.0857,2.00542    ,31.3097,2.30744  ,31.4705,2.68901   ,31.6214,3.09059   ,31.7608,3.44676   ,31.9298,3.83669    ,32.0966,4.21883   ,32.247 ,4.56754   ,32.4679,4.96969     ,32.6512,5.3321    ,32.7947,5.64646   ,30.7245,1.73615   ,30.7915,2.19595    ,30.9523,2.50638   ,31.1062,2.88631   ,31.2297,3.31038   ,31.3407,3.66787    ,31.5076,4.02932    ,31.6871,4.37856   ,31.8723,4.6904     ,32.141 ,5.08408   ,32.3861,5.42323   ,32.7947,5.64646   ,32.8621,5.11922   ,32.7263,4.7398    ,32.5689,4.32837    ,32.4584,3.94614   ,32.3046,3.53598   ,32.1317,3.10884    ,31.97  ,2.75255   ,31.7912,2.38078   ,31.6097,2.00302   ,31.2836,1.72468   ,31.8171,-3.53992  ,-1.15268   ,569,123900,55.0444,11.8795,128.468,0
480 ,30.9898,1.78518   ,31.212 ,2.11782    ,31.4334,2.47722  ,31.5916,2.78244   ,31.732 ,3.1602    ,31.8479,3.50788   ,32.0064,3.88803    ,32.1377,4.19704   ,32.2886,4.57653   ,32.4521,4.89972     ,32.6424,5.26643   ,32.7752,5.58496   ,30.9898,1.78518   ,30.8743,2.29722    ,31.0598,2.67105   ,31.21  ,2.96546   ,31.3254,3.36154   ,31.4184,3.71229    ,31.5658,4.06637    ,31.7061,4.34398   ,31.8792,4.67413    ,32.0741,4.97985   ,32.3318,5.353     ,32.7752,5.58496   ,32.9056,5.07744   ,32.7726,4.71224   ,32.6506,4.36966    ,32.5266,3.94618   ,32.4016,3.60559   ,32.236 ,3.1878     ,32.1008,2.84657   ,31.9275,2.49618   ,31.7453,2.18207   ,31.4888,1.83752   ,31.897 ,-3.60592  ,-1.1613    ,562,121676,51.672 ,11.9139,125.296,0
481 ,31.0203,1.80082   ,31.2563,2.16774    ,31.4453,2.48051  ,31.6235,2.78636   ,31.7963,3.13747   ,31.9371,3.52629   ,32.0595,3.85781    ,32.1982,4.25269   ,32.3289,4.60618   ,32.4869,4.95272     ,32.6709,5.28677   ,32.8425,5.57716   ,31.0203,1.80082   ,30.9029,2.34296    ,31.063 ,2.66316   ,31.2186,2.95255   ,31.3873,3.2955    ,31.5307,3.67476    ,31.6443,4.01023    ,31.7873,4.38802   ,31.9362,4.72696    ,32.1321,5.06622   ,32.3553,5.39366   ,32.8425,5.57716   ,32.9229,5.0701    ,32.7862,4.72632   ,32.6737,4.36685    ,32.5701,4.00141   ,32.4332,3.59621   ,32.305 ,3.26396    ,32.1597,2.87612   ,31.9732,2.51997   ,31.7649,2.19418   ,31.5454,1.88917   ,31.9469,-3.63588  ,-1.16343   ,556,122383,51.6279,10.9264,125.296,0
482 ,30.9894,1.8647    ,31.2101,2.20986    ,31.4134,2.55606  ,31.614 ,2.93023   ,31.7745,3.29908   ,31.9116,3.63189   ,32.0791,4.03038    ,32.2085,4.37158   ,32.3644,4.78994   ,32.5484,5.14667     ,32.7331,5.50824   ,32.8541,5.82585   ,30.9894,1.8647    ,30.8664,2.36441    ,31.0198,2.73234   ,31.2092,3.10223   ,31.3638,3.47611   ,31.493 ,3.80296    ,31.6594,4.16272    ,31.8023,4.47012   ,31.9713,4.87929    ,32.1804,5.22738   ,32.4392,5.56866   ,32.8541,5.82585   ,32.9732,5.33062   ,32.8502,4.94566   ,32.7055,4.58178    ,32.574 ,4.15678   ,32.4533,3.78407   ,32.2822,3.34842    ,32.1406,3.01432   ,31.9686,2.65492   ,31.7402,2.26621   ,31.4878,1.94124   ,31.9261,-3.71339  ,-1.15022   ,568,123987,53.8399,11.17  ,127.882,0
483 ,30.8296,1.92427   ,31.1413,2.22879    ,31.3427,2.53988  ,31.5431,2.90789   ,31.7016,3.2916    ,31.8472,3.63811   ,32.0363,4.02531    ,32.1862,4.42668   ,32.3277,4.77984   ,32.5041,5.12185     ,32.7149,5.46181   ,32.9443,5.77335   ,30.8296,1.92427   ,30.828 ,2.43907    ,30.9856,2.74095   ,31.164 ,3.08485   ,31.309 ,3.47289   ,31.4255,3.82625    ,31.6226,4.20281    ,31.7883,4.58026   ,31.9474,4.91512    ,32.1565,5.26183   ,32.4093,5.618     ,32.9443,5.77335   ,32.9467,5.1936    ,32.7886,4.86954   ,32.6549,4.52746    ,32.5429,4.15587   ,32.4002,3.73727   ,32.215 ,3.33661    ,32.051 ,2.99535   ,31.8712,2.62684   ,31.6357,2.23251   ,31.378 ,1.92235   ,31.9052,-3.77676  ,-1.138     ,579,125535,54.3428,11.3943,129.539,0
484 ,30.8897,1.88391   ,31.1331,2.24237    ,31.35  ,2.59767  ,31.5439,2.99011   ,31.7209,3.39106   ,31.8762,3.74072   ,32.0611,4.12391    ,32.2303,4.55038   ,32.3876,4.91363   ,32.608 ,5.29534     ,32.846 ,5.66673   ,33.0522,5.96536   ,30.8897,1.88391   ,30.8157,2.37846    ,30.9718,2.73747   ,31.1405,3.11959   ,31.2938,3.50757   ,31.4267,3.84028    ,31.5979,4.20553    ,31.7948,4.61311   ,31.9713,4.96813    ,32.2287,5.36996   ,32.5513,5.76185   ,33.0522,5.96536   ,33.0634,5.45451   ,32.9089,5.09223   ,32.7413,4.7343     ,32.6235,4.37563   ,32.4728,3.936     ,32.2732,3.52718    ,32.0971,3.15675   ,31.8971,2.75074   ,31.6614,2.34171   ,31.374 ,1.988     ,31.9341,-3.86241  ,-1.12242   ,592,128829,56.8336,11.2281,133.782,0
485 ,30.8792,1.9223    ,31.1626,2.25901    ,31.41  ,2.66404  ,31.5803,3.01687   ,31.7581,3.43488   ,31.9201,3.79268   ,32.1068,4.20017    ,32.2743,4.60226   ,32.4498,4.95308   ,32.6993,5.36018     ,32.9337,5.72492   ,33.1399,6.03208   ,30.8792,1.9223    ,30.8258,2.4008     ,31.0351,2.78734   ,31.1821,3.12121   ,31.3305,3.52992   ,31.4676,3.88739    ,31.655 ,4.3029     ,31.8319,4.68898   ,32.0262,5.04205    ,32.3242,5.47465   ,32.6391,5.85242   ,33.1399,6.03208   ,33.1514,5.47875   ,32.9984,5.12591   ,32.8082,4.749      ,32.668 ,4.3979    ,32.508 ,3.98411   ,32.3171,3.57831    ,32.1361,3.21918   ,31.9247,2.79641   ,31.7217,2.42186   ,31.4201,2.00855   ,31.9975,-3.93558  ,-1.11595   ,606,130998,57.7957,11.1682,136.61 ,0
486 ,31.0149,1.86598   ,31.2409,2.26674    ,31.4606,2.63767  ,31.6276,2.98341   ,31.7871,3.39312   ,31.9724,3.79746   ,32.1523,4.2047     ,32.2972,4.54903   ,32.5098,4.95109   ,32.7505,5.29763     ,33.0148,5.6449    ,33.1982,5.97404   ,31.0149,1.86598   ,30.8921,2.37279    ,31.0631,2.7448    ,31.2217,3.08201   ,31.3745,3.50424   ,31.5398,3.91282    ,31.7125,4.31096    ,31.8595,4.65043   ,32.0734,5.03718    ,32.33  ,5.39179   ,32.6757,5.74326   ,33.1982,5.97404   ,33.2733,5.43091   ,33.0813,5.08721   ,32.8776,4.74974    ,32.6838,4.33437   ,32.5449,3.98157   ,32.3487,3.56662    ,32.1522,3.16556   ,31.9857,2.76939   ,31.7896,2.41238   ,31.5145,2.0319    ,32.05  ,-3.91486  ,-1.10602   ,606,132332,57.274 ,10.9792,134.368,0
487 ,31.0703,1.91162   ,31.3146,2.27237    ,31.5166,2.60143  ,31.6945,2.97485   ,31.851 ,3.35004   ,32.0253,3.72619   ,32.2024,4.10703    ,32.3815,4.47609   ,32.5853,4.85177   ,32.8367,5.17662     ,33.1419,5.46281   ,33.4144,5.68803   ,31.0703,1.91162   ,30.9929,2.42523    ,31.1557,2.78115   ,31.3229,3.1673    ,31.4693,3.57041   ,31.6327,3.95138    ,31.8128,4.33054    ,32.0104,4.71896   ,32.2477,5.10663    ,32.543 ,5.4403    ,32.8948,5.68148   ,33.4144,5.68803   ,33.2876,5.15697   ,33.035 ,4.80779   ,32.8554,4.48647    ,32.7016,4.13009   ,32.5424,3.77355   ,32.3649,3.3942     ,32.1875,3.0215    ,32.0195,2.67671   ,31.8184,2.31372   ,31.56  ,2.00787   ,32.1129,-3.83184  ,-1.08731   ,596,130694,55.1725,11.285 ,130.368,0
488 ,31.0606,1.8643    ,31.3069,2.20517    ,31.5276,2.5825   ,31.7153,2.96235   ,31.8841,3.37013   ,32.0409,3.71356   ,32.2123,4.09859    ,32.4076,4.48917   ,32.6113,4.81774   ,32.9035,5.12658     ,33.2527,5.3692    ,33.6076,5.54269   ,31.0606,1.8643    ,30.979 ,2.3905     ,31.1872,2.80707   ,31.3656,3.19753   ,31.5162,3.62115   ,31.6795,3.98475    ,31.8586,4.38953    ,32.0673,4.77905   ,32.3138,5.1259     ,32.6416,5.4463    ,33.0242,5.64304   ,33.6076,5.54269   ,33.3659,5.02764   ,33.0553,4.71015   ,32.8311,4.40149    ,32.6884,4.08757   ,32.5167,3.69704   ,32.35  ,3.33144    ,32.2019,3.00117   ,32.015 ,2.61524   ,31.811 ,2.25005   ,31.5646,1.91878   ,32.1549,-3.82409  ,-1.0653    ,600,131066,56.3398,11.717 ,133.196,0
489 ,31.0289,1.98618   ,31.3168,2.36941    ,31.5601,2.72751  ,31.7365,3.10438   ,31.8903,3.48822   ,32.06  ,3.86061   ,32.2452,4.26881    ,32.4306,4.63429   ,32.6907,5.00981   ,33.0023,5.26711     ,33.4617,5.40128   ,33.8336,5.38083   ,31.0289,1.98618   ,31.0039,2.55149    ,31.2028,2.92599   ,31.3781,3.30905   ,31.5222,3.73342   ,31.6842,4.13445    ,31.8913,4.55466    ,32.1067,4.94204   ,32.4225,5.34118    ,32.7748,5.5937    ,33.3167,5.67564   ,33.8336,5.38083   ,33.4715,5.11183   ,33.1134,4.87036   ,32.8719,4.57611    ,32.6936,4.21881   ,32.5534,3.88103   ,32.3874,3.48314    ,32.2119,3.13398   ,32.0511,2.78949   ,31.8568,2.42499   ,31.5508,2.08673   ,32.1898,-3.9392   ,-1.03267   ,616,135560,58.0294,11.7553,136.368,0
490 ,30.988 ,2.0857    ,31.3134,2.37587    ,31.5528,2.74544  ,31.7346,3.1598    ,31.8796,3.51768   ,32.0772,3.94276   ,32.2526,4.30376    ,32.4739,4.71331   ,32.7206,5.01965   ,33.0514,5.25804     ,33.4701,5.38259   ,33.876 ,5.3689    ,30.988 ,2.0857    ,31.0454,2.61871    ,31.2482,3.01112   ,31.409 ,3.44843   ,31.5374,3.84958   ,31.7357,4.30276    ,31.9336,4.66269    ,32.2089,5.08092   ,32.5033,5.38863    ,32.8744,5.59428   ,33.3553,5.68079   ,33.876 ,5.3689    ,33.44  ,5.0624    ,33.1037,4.85583   ,32.8455,4.55735    ,32.668 ,4.23345   ,32.5155,3.82397   ,32.3593,3.46178    ,32.1707,3.06622   ,32.0132,2.75075   ,31.7979,2.36767   ,31.4985,2.041     ,32.2252,-3.99572  ,-1.01282   ,606,133793,57.696 ,12.8399,135.539,0
491 ,31.2234,2.12785   ,31.4303,2.48645    ,31.6442,2.84605  ,31.8001,3.22223   ,31.969 ,3.63898   ,32.1383,4.01946   ,32.3061,4.34987    ,32.5642,4.72293   ,32.8246,4.99118   ,33.1828,5.23645     ,33.5324,5.37117   ,33.9306,5.46197   ,31.2234,2.12785   ,31.1262,2.66871    ,31.2981,3.05663   ,31.4408,3.46945   ,31.6122,3.93292   ,31.7939,4.34151    ,31.9879,4.68778    ,32.3108,5.09679   ,32.6051,5.36172    ,32.9623,5.54258   ,33.338 ,5.65076   ,33.9306,5.46197   ,33.6074,5.05765   ,33.2942,4.8689    ,32.9507,4.54059    ,32.7377,4.24708   ,32.562 ,3.90228   ,32.4322,3.58743    ,32.2818,3.23882   ,32.1186,2.8692    ,31.9361,2.52995   ,31.6692,2.20423   ,32.3032,-4.03407  ,-0.991946  ,587,128971,55.5371,12.1169,132.368,0
492 ,31.3355,2.20045   ,31.5223,2.58395    ,31.7299,2.97502  ,31.8906,3.32716   ,32.0446,3.70718   ,32.2023,4.08038   ,32.396 ,4.4554     ,32.6387,4.78074   ,32.9319,5.07386   ,33.2521,5.29855     ,33.6466,5.45031   ,34.0333,5.44477   ,31.3355,2.20045   ,31.2167,2.7766     ,31.3942,3.23857   ,31.5484,3.63112   ,31.6914,4.03509   ,31.8492,4.40162    ,32.066 ,4.77379    ,32.3827,5.13121   ,32.7406,5.44165    ,33.0898,5.63434   ,33.5235,5.73341   ,34.0333,5.44477   ,33.65  ,5.13936   ,33.3046,4.89942   ,33.0213,4.61613    ,32.8046,4.32395   ,32.6597,4.02797   ,32.5101,3.65364    ,32.3539,3.26953   ,32.1874,2.92057   ,32.0188,2.61      ,31.7732,2.29805   ,32.375 ,-4.10459  ,-0.987879  ,585,128205,55.5   ,12.4167,131.782,0
493 ,31.2527,2.3925    ,31.5659,2.7264     ,31.7802,3.0866   ,31.9497,3.46787   ,32.1018,3.8516    ,32.2652,4.22292   ,32.4424,4.54412    ,32.7234,4.90348   ,33.0364,5.18075   ,33.3961,5.41019     ,33.7686,5.56228   ,34.1114,5.67339   ,31.2527,2.3925    ,31.2884,2.97518    ,31.4793,3.40133   ,31.6289,3.82132   ,31.779 ,4.23129   ,31.9564,4.60569    ,32.1676,4.94273    ,32.5055,5.3165    ,32.8304,5.54114    ,33.1902,5.70352   ,33.602 ,5.79763   ,34.1114,5.67339   ,33.8133,5.2832    ,33.4777,5.05247   ,33.1304,4.73085    ,32.8488,4.39272   ,32.6507,4.039     ,32.5248,3.73342    ,32.3803,3.36376   ,32.2256,3.00516   ,32.0276,2.6625    ,31.7701,2.38538   ,32.4244,-4.20192  ,-0.976248  ,577,126466,55.7759,12.9455,130.953,0
494 ,31.2906,2.47126   ,31.5562,2.78704    ,31.8134,3.1401   ,31.996 ,3.51328   ,32.1314,3.88236   ,32.2934,4.27998   ,32.4889,4.63041    ,32.7407,4.93488   ,33.0517,5.20685   ,33.4484,5.44574     ,33.7952,5.58883   ,34.1643,5.68314   ,31.2906,2.47126   ,31.2591,3.01895    ,31.4892,3.41739   ,31.6564,3.80478   ,31.7879,4.20349   ,31.963 ,4.62546    ,32.1985,4.997      ,32.4996,5.32377   ,32.8415,5.57793    ,33.2598,5.74121   ,33.6472,5.81958   ,34.1643,5.68314   ,33.8298,5.31671   ,33.5214,5.09214   ,33.1528,4.75318    ,32.8878,4.44651   ,32.7116,4.16229   ,32.5799,3.83626    ,32.4378,3.45748   ,32.292 ,3.11453   ,32.0725,2.75795   ,31.7746,2.46484   ,32.4511,-4.25073  ,-0.969022  ,574,125934,55.4684,12.2854,129.782,0
495 ,31.2667,2.45168   ,31.5413,2.79641    ,31.776 ,3.08864  ,31.9953,3.43576   ,32.176 ,3.80268   ,32.3588,4.18988   ,32.5697,4.55298    ,32.815 ,4.84581   ,33.1075,5.11325   ,33.4674,5.35944     ,33.7823,5.52518   ,34.1558,5.66049   ,31.2667,2.45168   ,31.2466,3.01406    ,31.4404,3.3576    ,31.6454,3.72249   ,31.8316,4.0989    ,32.0309,4.51769    ,32.2814,4.92193    ,32.588 ,5.25011   ,32.9106,5.51136    ,33.2667,5.68213   ,33.6011,5.77799   ,34.1558,5.66049   ,33.8612,5.22257   ,33.5623,4.97381   ,33.2046,4.63368    ,32.9509,4.34443   ,32.7913,4.08854   ,32.6456,3.77595    ,32.4788,3.41842   ,32.2917,3.05218   ,32.037 ,2.71962   ,31.7578,2.48714   ,32.4936,-4.1967   ,-0.94091   ,579,125891,54.6577,11.9825,127.439,0
496 ,31.2071,2.53807   ,31.523 ,2.81045    ,31.7798,3.1082   ,31.9844,3.44512   ,32.179 ,3.79264   ,32.4026,4.12722   ,32.6425,4.46737    ,32.8985,4.76279   ,33.2049,5.03783   ,33.5314,5.27003     ,33.8519,5.47028   ,34.1835,5.64832   ,31.2071,2.53807   ,31.2687,3.07169    ,31.4733,3.40598   ,31.6673,3.77375   ,31.8616,4.14733   ,32.1146,4.50913    ,32.4057,4.88532    ,32.7052,5.20366   ,33.0278,5.45983    ,33.3514,5.61627   ,33.6787,5.7158    ,34.1835,5.64832   ,33.9211,5.16241   ,33.6023,4.85164   ,33.2753,4.52968    ,32.998 ,4.22426   ,32.8062,3.95154   ,32.6241,3.64837    ,32.4409,3.34623   ,32.2553,3.03464   ,32.0234,2.72269   ,31.696 ,2.47279   ,32.5289,-4.15356  ,-0.905369  ,574,124872,53.7431,12.5371,125.439,0
497 ,31.2118,2.55483   ,31.5337,2.79524    ,31.8117,3.137    ,32.0192,3.49277   ,32.2177,3.8173    ,32.4282,4.12969   ,32.7131,4.46873    ,32.9755,4.7407    ,33.2781,5.01752   ,33.5941,5.26162     ,33.9082,5.46275   ,34.2436,5.68243   ,31.2118,2.55483   ,31.3007,3.04675    ,31.5211,3.43367   ,31.7174,3.84411   ,31.9345,4.21687   ,32.1542,4.54801    ,32.4527,4.86146    ,32.7318,5.11497   ,33.0504,5.37145    ,33.3672,5.56602   ,33.6979,5.6814    ,34.2436,5.68243   ,34.0174,5.1805    ,33.7147,4.88279   ,33.4022,4.57417    ,33.1245,4.27311   ,32.8966,3.98869   ,32.6391,3.62651    ,32.4415,3.32413   ,32.2674,3.05259   ,32.0465,2.74959   ,31.6844,2.47137   ,32.5739,-4.14363  ,-0.881979  ,569,125795,54.1975,12.7704,126.853,0
498 ,31.3192,2.49925   ,31.6301,2.79874    ,31.8522,3.13643  ,32.0424,3.47391   ,32.2754,3.84856   ,32.5183,4.15543   ,32.7843,4.43844    ,33.1059,4.74076   ,33.3981,4.99576   ,33.7266,5.2722      ,34.0403,5.51807   ,34.3426,5.70216   ,31.3192,2.49925   ,31.3987,3.09345    ,31.586 ,3.5001    ,31.7786,3.88576   ,32.0506,4.3217    ,32.3248,4.65131    ,32.5906,4.91663    ,32.9063,5.18381   ,33.1865,5.38421    ,33.4936,5.56863   ,33.812 ,5.71012   ,34.3426,5.70216   ,34.1803,5.26326   ,33.8682,4.8994    ,33.5127,4.52419    ,33.209 ,4.21072   ,32.8942,3.8756    ,32.6449,3.58435    ,32.4455,3.29483   ,32.2567,2.9764    ,32.0737,2.69114   ,31.8028,2.44099   ,32.6715,-4.17479  ,-0.86412   ,582,127222,54.7351,13.6614,127.095,0
499 ,31.4945,2.44936   ,31.7198,2.8435     ,31.9114,3.18074  ,32.1031,3.52593   ,32.3344,3.88986   ,32.5811,4.21653   ,32.8681,4.53172    ,33.2021,4.83009   ,33.4969,5.06489   ,33.8322,5.32165     ,34.1587,5.55539   ,34.5036,5.73974   ,31.4945,2.44936   ,31.4191,3.05222    ,31.5879,3.43514   ,31.7793,3.82063   ,32.0411,4.24431   ,32.3308,4.62441    ,32.6409,4.96193    ,32.9827,5.23652   ,33.275 ,5.42437    ,33.598 ,5.61426   ,33.9302,5.77014   ,34.5036,5.73974   ,34.2946,5.27927   ,33.9722,4.958     ,33.621 ,4.62901    ,33.323 ,4.3413    ,33.0072,4.01426   ,32.7555,3.71534    ,32.5641,3.44307   ,32.3751,3.14292   ,32.1904,2.84085   ,31.9669,2.55462   ,32.7648,-4.24203  ,-0.850476  ,582,128089,55.8294,12.4608,127.924,0
500 ,31.7058,2.5275    ,31.8788,2.94511    ,32.0415,3.31585  ,32.2338,3.67499   ,32.466 ,4.03708   ,32.7227,4.35205   ,33.0059,4.63322    ,33.3577,4.9296    ,33.6869,5.17783   ,34.0197,5.40302     ,34.3463,5.62059   ,34.6654,5.86276   ,31.7058,2.5275    ,31.5379,3.09072    ,31.6714,3.51404   ,31.8642,3.90635   ,32.1032,4.29541   ,32.3927,4.64365    ,32.747 ,4.98749    ,33.1572,5.31973   ,33.4835,5.54511    ,33.7876,5.70509   ,34.1049,5.84263   ,34.6654,5.86276   ,34.4838,5.3271    ,34.1405,5.02746   ,33.7797,4.73122    ,33.4516,4.45523   ,33.1696,4.19134   ,32.9612,3.95745    ,32.754 ,3.67397   ,32.5459,3.34114   ,32.3626,3.01352   ,32.1725,2.69397   ,32.9049,-4.33653  ,-0.833551  ,590,128651,56.0454,11.2007,131.095,0
501 ,31.8213,2.60455   ,31.9576,3.01361    ,32.1338,3.43326  ,32.3267,3.7909    ,32.6152,4.1775    ,32.8827,4.47725   ,33.1861,4.76368    ,33.5501,5.06165   ,33.8479,5.28273   ,34.243 ,5.53365     ,34.6086,5.69136   ,35.0094,5.79626   ,31.8213,2.60455   ,31.6299,3.17551    ,31.7952,3.68402   ,32.0064,4.09353   ,32.3239,4.52327   ,32.5947,4.83552    ,32.8947,5.1059     ,33.2603,5.36544   ,33.5577,5.54859    ,33.9704,5.7711    ,34.3973,5.89507   ,35.0094,5.79626   ,34.7144,5.44944   ,34.4143,5.24122   ,34.0404,4.94679    ,33.7379,4.67918   ,33.373 ,4.32844   ,33.0761,4.02032    ,32.8251,3.73184   ,32.5878,3.39666   ,32.434 ,3.09234   ,32.2438,2.7567    ,33.0322,-4.4189   ,-0.802697  ,590,129880,57.9646,11.6107,134.51 ,0
502 ,31.8793,2.70239   ,32.0146,3.1298     ,32.1864,3.4968   ,32.3852,3.85963   ,32.6671,4.24174   ,32.9347,4.53275   ,33.2349,4.81174    ,33.5898,5.10091   ,33.9332,5.33722   ,34.2722,5.53433     ,34.6588,5.72993   ,35.0289,5.86258   ,31.8793,2.70239   ,31.6982,3.28784    ,31.8379,3.72392   ,32.0507,4.13717   ,32.3459,4.55781   ,32.6092,4.85403    ,32.9097,5.12126    ,33.275 ,5.39224   ,33.6391,5.61249    ,34.0129,5.7938    ,34.4527,5.94782   ,35.0289,5.86258   ,34.7685,5.46656   ,34.4349,5.22221   ,34.1297,5.00037    ,33.8049,4.73359   ,33.4579,4.41186   ,33.1652,4.11553    ,32.9081,3.82838   ,32.6619,3.48936   ,32.4908,3.18034   ,32.2901,2.87712   ,33.1128,-4.50282  ,-0.783009  ,589,129222,57.0075,11.3376,131.924,0
503 ,31.8546,2.92462   ,32.0685,3.27006    ,32.2966,3.64123  ,32.4943,3.99273   ,32.7162,4.29868   ,32.9917,4.59526   ,33.3253,4.89001    ,33.6423,5.10469   ,34.0201,5.32407   ,34.3529,5.51374     ,34.6927,5.71626   ,35.0313,5.90627   ,31.8546,2.92462   ,31.7778,3.45552    ,31.9485,3.86797   ,32.1227,4.22745   ,32.3249,4.54103   ,32.5971,4.84738    ,32.9707,5.16685    ,33.3328,5.40121   ,33.7377,5.60874    ,34.0852,5.77619   ,34.4427,5.93059   ,35.0313,5.90627   ,34.8449,5.44595   ,34.5257,5.1944    ,34.206 ,4.98587    ,33.861 ,4.75319   ,33.5875,4.53848   ,33.2898,4.24802    ,33.0253,3.9546    ,32.8025,3.65599   ,32.5914,3.3185    ,32.3   ,2.99593   ,33.1985,-4.57972  ,-0.747154  ,568,125240,54.7411,11.2335,127.439,0
504 ,31.9135,3.20113   ,32.1995,3.52581    ,32.4258,3.84895  ,32.6162,4.13958   ,32.8475,4.43696   ,33.1327,4.72492   ,33.424 ,4.95409    ,33.7904,5.17751   ,34.1183,5.37704   ,34.45  ,5.54872     ,34.7763,5.73783   ,35.0448,5.97526   ,31.9135,3.20113   ,31.9107,3.77543    ,32.1081,4.1359    ,32.2792,4.42878   ,32.4922,4.72633   ,32.7745,5.02037    ,33.0745,5.25413    ,33.4507,5.46613   ,33.7841,5.64867    ,34.1312,5.79671   ,34.4977,5.93314   ,35.0448,5.97526   ,34.9659,5.48361   ,34.6741,5.25175   ,34.3577,5.05176    ,34.0385,4.83335   ,33.6786,4.58826   ,33.3922,4.33919    ,33.1169,4.04763   ,32.8871,3.75294   ,32.6798,3.46583   ,32.4209,3.19374   ,33.3041,-4.6829   ,-0.709679  ,550,122071,52.1564,11.313 ,122.61 ,0
505 ,32.0381,3.37203   ,32.3005,3.7087     ,32.5219,3.97936  ,32.7735,4.29749   ,32.9997,4.57076   ,33.2945,4.87356   ,33.593 ,5.11599    ,33.9253,5.32698   ,34.2322,5.49411   ,34.6052,5.67603     ,34.9329,5.8273    ,35.2671,5.96871   ,32.0381,3.37203   ,32.039 ,3.92256    ,32.2137,4.24951   ,32.4264,4.57742   ,32.6249,4.84735   ,32.9167,5.15829    ,33.2342,5.41553    ,33.5901,5.63281   ,33.9239,5.79031    ,34.348 ,5.94529   ,34.7354,6.04449   ,35.2671,5.96871   ,35.0389,5.56801   ,34.768 ,5.3623    ,34.4498,5.15167    ,34.1764,4.97138   ,33.868 ,4.75619   ,33.5859,4.5076     ,33.2954,4.20351   ,33.0491,3.92659   ,32.7566,3.61816   ,32.4901,3.40799   ,33.4158,-4.80523  ,-0.696486  ,552,121907,51.8708,11.4473,122.61 ,0
506 ,31.8616,3.38829   ,32.1758,3.69387    ,32.464 ,3.97543  ,32.6896,4.22209   ,32.9568,4.55945   ,33.1866,4.83718   ,33.4806,5.11324    ,33.7806,5.31149   ,34.1616,5.51265   ,34.5248,5.67116     ,34.8661,5.8133    ,35.204 ,5.94155   ,31.8616,3.38829   ,31.9338,3.91776    ,32.1788,4.24697   ,32.3853,4.50577   ,32.6239,4.844     ,32.8413,5.12957    ,33.1381,5.41797    ,33.4572,5.62586   ,33.8592,5.81726    ,34.2571,5.96345   ,34.6504,6.05944   ,35.204 ,5.94155   ,34.9849,5.52741   ,34.6978,5.33914   ,34.3776,5.16625    ,34.0194,4.94788   ,33.7368,4.73889   ,33.452 ,4.45538    ,33.2168,4.17979   ,32.9086,3.84005   ,32.6529,3.60594   ,32.3269,3.38534   ,33.3823,-4.82226  ,-0.704735  ,550,122019,52.6255,11.1571,123.439,0
507 ,31.9166,3.45383   ,32.2131,3.79088    ,32.4765,4.08078  ,32.7152,4.3523    ,32.964 ,4.69603   ,33.2067,4.99663   ,33.4908,5.24826    ,33.8502,5.45232   ,34.1734,5.58824   ,34.5706,5.72202     ,34.9411,5.82894   ,35.2906,5.90189   ,31.9166,3.45383   ,31.9164,4.00661    ,32.1429,4.35509   ,32.3845,4.63458   ,32.6236,4.96779   ,32.8766,5.28118    ,33.181 ,5.55938    ,33.5676,5.79081   ,33.9123,5.92815    ,34.3534,6.03862   ,34.7926,6.08984   ,35.2906,5.90189   ,34.9665,5.53626   ,34.6702,5.36849   ,34.3248,5.20717    ,34.0278,5.06266   ,33.7017,4.86443   ,33.4498,4.61558    ,33.2306,4.32213   ,32.9726,3.979     ,32.7234,3.71225   ,32.4236,3.47893   ,33.3754,-4.90437  ,-0.679936  ,564,123903,52.9864,10.8684,126.125,0
508 ,31.9235,3.43355   ,32.1674,3.79144    ,32.4101,4.07095  ,32.6684,4.36028   ,32.9762,4.70631   ,33.2456,4.99495   ,33.5139,5.2473     ,33.8473,5.4796    ,34.1767,5.61591   ,34.578 ,5.73202     ,34.9597,5.83794   ,35.3241,5.92157   ,31.9235,3.43355   ,31.8962,3.97813    ,32.081 ,4.3033    ,32.3076,4.60296   ,32.5883,4.95228   ,32.8443,5.24808    ,33.1154,5.51114    ,33.4759,5.76063   ,33.8461,5.92015    ,34.3241,6.03773   ,34.766 ,6.08763   ,35.3241,5.92157   ,35.067 ,5.56321   ,34.7437,5.40236   ,34.4208,5.28307    ,34.1385,5.15406   ,33.8245,4.90755   ,33.5568,4.64877    ,33.275 ,4.36133   ,32.9423,4.01995   ,32.6546,3.74392   ,32.3656,3.51485   ,33.3894,-4.92929  ,-0.665951  ,561,124177,53.6576,11.4205,126.024,0
509 ,32.0433,3.41463   ,32.2875,3.75251    ,32.5357,4.05505  ,32.8061,4.37282   ,33.0775,4.67032   ,33.3273,4.9202    ,33.6254,5.18228    ,33.9449,5.40065   ,34.2968,5.57592   ,34.6309,5.69861     ,35.0563,5.82241   ,35.3874,5.88068   ,32.0433,3.41463   ,32.0015,3.95532    ,32.204 ,4.31599   ,32.4631,4.66198   ,32.7357,4.97761   ,32.9949,5.24297    ,33.3089,5.51816    ,33.636 ,5.72382   ,33.991 ,5.88738    ,34.3596,6.00785   ,34.875 ,6.08333   ,35.3874,5.88068   ,35.131 ,5.53547   ,34.8026,5.35565   ,34.5123,5.2261     ,34.1658,5.02516   ,33.8452,4.76833   ,33.5584,4.49981    ,33.3234,4.2618    ,33.0666,3.98879   ,32.795 ,3.70724   ,32.5055,3.4642    ,33.4835,-4.88078  ,-0.674274  ,577,126061,52.7033,11.4383,125.196,0
510 ,32.059 ,3.36227   ,32.335 ,3.72099    ,32.5721,3.98982  ,32.87  ,4.33122   ,33.1234,4.61352   ,33.4237,4.90298   ,33.7297,5.14382    ,34.0708,5.342     ,34.4129,5.50664   ,34.7748,5.66776     ,35.1525,5.82226   ,35.5209,5.92376   ,32.059 ,3.36227   ,32.0635,3.93267    ,32.2455,4.22634   ,32.498 ,4.57415   ,32.7049,4.8521    ,32.9613,5.12709    ,33.2661,5.39389    ,33.649 ,5.6268    ,34.0453,5.79495    ,34.4652,5.93946   ,34.9217,6.07103   ,35.5209,5.92376   ,35.2895,5.53751   ,34.9906,5.35617   ,34.6943,5.17792    ,34.4077,5.01303   ,34.1067,4.83475   ,33.7994,4.59956    ,33.4576,4.28539   ,33.1567,3.99006   ,32.8162,3.65947   ,32.5336,3.42614   ,33.5927,-4.86576  ,-0.654578  ,573,125789,54.2315,12.3813,127.439,0
511 ,32.324 ,3.41695   ,32.5149,3.79689    ,32.7477,4.13623  ,32.987 ,4.4393    ,33.2735,4.74573   ,33.5729,5.00639   ,33.9025,5.21548    ,34.2385,5.38387   ,34.6326,5.57012   ,34.9774,5.73936     ,35.31  ,5.9371    ,35.5942,6.18105   ,32.324 ,3.41695   ,32.187 ,3.96425    ,32.3696,4.3301    ,32.588 ,4.63293   ,32.8723,4.95949   ,33.1973,5.27202    ,33.5588,5.53554    ,33.9046,5.70676   ,34.3033,5.86365    ,34.6653,5.99839   ,35.0539,6.12303   ,35.5942,6.18105   ,35.4772,5.68944   ,35.1904,5.43022   ,34.8632,5.23029    ,34.4743,5.01473   ,34.1529,4.84299   ,33.8507,4.66528    ,33.5747,4.43272   ,33.2989,4.1426    ,33.0547,3.84464   ,32.7841,3.53305   ,33.73  ,-4.93076  ,-0.641827  ,565,125711,53.8582,11.1906,126.853,0
512 ,32.4502,3.48785   ,32.6474,3.89185    ,32.8507,4.22582  ,33.1004,4.55859   ,33.4105,4.87103   ,33.7295,5.10135   ,34.0887,5.29128    ,34.4916,5.49429   ,34.8645,5.69316   ,35.1956,5.85832     ,35.5734,6.05367   ,35.8703,6.31129   ,32.4502,3.48785   ,32.3334,4.01137    ,32.4635,4.37016   ,32.6616,4.70388   ,32.9551,5.04811   ,33.3042,5.35382    ,33.7035,5.5991     ,34.1353,5.79342   ,34.5327,5.97264    ,34.8888,6.11266   ,35.2998,6.25717   ,35.8703,6.31129   ,35.7447,5.78909   ,35.3919,5.55202   ,35.0868,5.35464    ,34.7462,5.14127   ,34.3717,4.93443   ,34.0507,4.7844     ,33.7578,4.59832   ,33.4469,4.30288   ,33.165 ,3.96998   ,32.8999,3.66175   ,33.9411,-5.07113  ,-0.612624  ,577,126836,55.9716,11.5597,130.024,0
513 ,32.4845,3.75524   ,32.7468,4.10237    ,33.0333,4.47446  ,33.273 ,4.7435    ,33.5866,5.02184   ,33.9885,5.25907   ,34.3625,5.43496    ,34.7526,5.62064   ,35.115 ,5.80524   ,35.4757,5.98587     ,35.8501,6.21166   ,36.1721,6.40899   ,32.4845,3.75524   ,32.4649,4.29643    ,32.6827,4.70611   ,32.9085,4.99465   ,33.2383,5.31088   ,33.6642,5.59727    ,34.0637,5.79794    ,34.487 ,5.9686    ,34.8741,6.1072     ,35.261 ,6.24809   ,35.658 ,6.39761   ,36.1721,6.40899   ,35.9336,5.95798   ,35.5873,5.66759   ,35.2517,5.45193    ,34.9178,5.22153   ,34.5672,5.02901   ,34.2166,4.87275    ,33.8303,4.65247   ,33.5365,4.38708   ,33.296 ,4.13374   ,32.9544,3.81037   ,34.1119,-5.20128  ,-0.573572  ,577,126276,56.7081,11.2718,130.853,0
514 ,32.4925,4.07743   ,32.8029,4.32629    ,33.1026,4.59827  ,33.4366,4.89995   ,33.7139,5.12613   ,34.0599,5.34431   ,34.4101,5.50316    ,34.7651,5.67554   ,35.1381,5.86263   ,35.4829,6.02627     ,35.8284,6.21611   ,36.151 ,6.39793   ,32.4925,4.07743   ,32.5755,4.52927    ,32.7807,4.83856   ,33.0688,5.16556   ,33.3456,5.42538   ,33.7247,5.69259    ,34.1128,5.86696    ,34.4924,6.02305   ,34.8867,6.17865    ,35.2604,6.2986    ,35.6336,6.42489   ,36.151 ,6.39793   ,35.9254,5.95066   ,35.6063,5.70456   ,35.2925,5.50145    ,34.9483,5.281     ,34.6209,5.10034   ,34.3026,4.94827    ,33.9743,4.74423   ,33.691 ,4.53497   ,33.3192,4.26044   ,32.9384,4.04467   ,34.1967,-5.30969  ,-0.553024  ,559,122305,53.5191,11.5575,124.61 ,0
515 ,32.7628,4.14372   ,32.9976,4.47354    ,33.2608,4.80001  ,33.5186,5.06916   ,33.7847,5.29009   ,34.1514,5.49299   ,34.4592,5.6274     ,34.8072,5.79139   ,35.1753,5.97091   ,35.5083,6.11407     ,35.8731,6.27711   ,36.1669,6.44175   ,32.7628,4.14372   ,32.6858,4.67118    ,32.894 ,5.0356    ,33.1343,5.31537   ,33.405 ,5.56977   ,33.788 ,5.83927    ,34.1195,5.9943     ,34.49  ,6.14061   ,34.8723,6.28051    ,35.2406,6.37878   ,35.6713,6.49288   ,36.1669,6.44175   ,35.9773,6.01218   ,35.6655,5.8031    ,35.3686,5.61158    ,35.0251,5.39106   ,34.6975,5.21732   ,34.4108,5.09776    ,34.0585,4.93367   ,33.7968,4.71987   ,33.531 ,4.45333   ,33.2348,4.17464   ,34.2592,-5.43726  ,-0.540347  ,545,120102,51.4205,11.8769,122.953,0
516 ,32.7711,4.21386   ,32.9951,4.56064    ,33.2684,4.85852  ,33.5222,5.10001   ,33.8377,5.37257   ,34.1417,5.57923   ,34.4725,5.73757    ,34.8596,5.8938    ,35.2142,6.04282   ,35.5902,6.19247     ,35.9223,6.32293   ,36.2518,6.4653    ,32.7711,4.21386   ,32.6911,4.72037    ,32.9014,5.06738   ,33.1385,5.32403   ,33.4565,5.62986   ,33.7742,5.88452    ,34.1221,6.07283    ,34.5342,6.22063   ,34.9088,6.35063    ,35.329 ,6.46191   ,35.719 ,6.53707   ,36.2518,6.4653    ,36.0173,6.06557   ,35.7412,5.87951   ,35.4159,5.69278    ,35.086 ,5.52635   ,34.7292,5.36276   ,34.4109,5.21634    ,34.1141,5.03132   ,33.8023,4.77969   ,33.5378,4.55227   ,33.2218,4.30121   ,34.2861,-5.51664  ,-0.529346  ,535,120101,52.0445,11.4573,121.539,0
517 ,32.7622,4.24427   ,32.9931,4.572      ,33.2617,4.8525   ,33.5498,5.11272   ,33.8566,5.36668   ,34.1636,5.59783   ,34.4983,5.79066    ,34.8335,5.92907   ,35.1958,6.06715   ,35.5728,6.21462     ,35.9456,6.37297   ,36.239 ,6.52647   ,32.7622,4.24427   ,32.7126,4.77078    ,32.9277,5.10022   ,33.1959,5.37058   ,33.5038,5.63483   ,33.8286,5.88822    ,34.1759,6.10702    ,34.5135,6.25823   ,34.8874,6.3835     ,35.2896,6.5005    ,35.7195,6.59974   ,36.239 ,6.52647   ,36.0684,6.09948   ,35.7482,5.88521   ,35.398 ,5.70985    ,35.0547,5.56182   ,34.7268,5.42962   ,34.3988,5.23764    ,34.1052,5.01427   ,33.8055,4.76972   ,33.5018,4.5146    ,33.1953,4.27786   ,34.3129,-5.5427   ,-0.539988  ,537,120939,52     ,10.8172,122.368,0
518 ,32.6943,4.31279   ,33.0204,4.57273    ,33.3208,4.8308   ,33.6239,5.09303   ,33.9338,5.33623   ,34.2359,5.53509   ,34.5819,5.72514    ,34.9332,5.89423   ,35.2773,6.04603   ,35.6367,6.19845     ,35.9571,6.35917   ,36.2594,6.56485   ,32.6943,4.31279   ,32.764 ,4.7885     ,32.9824,5.06306   ,33.2469,5.32781   ,33.5655,5.60251   ,33.8946,5.85366    ,34.2435,6.05875    ,34.591 ,6.20742   ,34.953 ,6.34942    ,35.3359,6.48472   ,35.6991,6.58801   ,36.2594,6.56485   ,36.1105,6.0729    ,35.8315,5.86465   ,35.5025,5.70121    ,35.1755,5.53494   ,34.8207,5.3408    ,34.4782,5.15626    ,34.199 ,4.99365   ,33.8987,4.77237   ,33.5582,4.5107    ,33.1804,4.27603   ,34.3961,-5.51875  ,-0.543642  ,544,121912,52.073 ,11.2976,124.368,0
519 ,32.7343,4.34607   ,33.0781,4.58235    ,33.3901,4.86126  ,33.6799,5.12301   ,33.9968,5.36374   ,34.3542,5.56498   ,34.6717,5.70371    ,35.0407,5.86631   ,35.4056,6.04978   ,35.7636,6.24146     ,36.0669,6.4489    ,36.3536,6.71908   ,32.7343,4.34607   ,32.8527,4.82703    ,33.1425,5.15891   ,33.4571,5.4639    ,33.7576,5.72925   ,34.108 ,5.94615    ,34.4384,6.10027    ,34.8054,6.24294   ,35.1631,6.38434    ,35.5224,6.52972   ,35.841 ,6.66178   ,36.3536,6.71908   ,36.1948,6.15995   ,35.9027,5.89431   ,35.5451,5.66214    ,35.1705,5.44036   ,34.7993,5.26375   ,34.4946,5.13133    ,34.1415,4.93651   ,33.8105,4.70239   ,33.5353,4.46798   ,33.2017,4.25681   ,34.4954,-5.54075  ,-0.544436  ,562,124204,53.498 ,11.1735,126.61 ,0
520 ,32.9343,4.2465    ,33.1862,4.59467    ,33.4753,4.90428  ,33.7911,5.18937   ,34.1068,5.41908   ,34.5126,5.64921   ,34.8997,5.79441    ,35.2407,5.94822   ,35.6562,6.17894   ,35.9908,6.39904     ,36.3111,6.64226   ,36.6052,6.89133   ,32.9343,4.2465    ,32.869 ,4.75483    ,33.0988,5.09465   ,33.4055,5.4069    ,33.7383,5.67584   ,34.1704,5.97219    ,34.5877,6.15771    ,34.9574,6.3001    ,35.3913,6.48727    ,35.7349,6.65683   ,36.0753,6.82568   ,36.6052,6.89133   ,36.4468,6.37795   ,36.1344,6.06229   ,35.8126,5.80599    ,35.4248,5.54697   ,35.1154,5.39378   ,34.7568,5.27991    ,34.3708,5.09368   ,34.0706,4.88387   ,33.7496,4.61118   ,33.4196,4.33535   ,34.6514,-5.63457  ,-0.546455  ,575,127585,56.2965,11.3871,130.51 ,0
521 ,33.0621,4.34424   ,33.3351,4.73997    ,33.6292,5.04779  ,33.9407,5.30048   ,34.3013,5.53593   ,34.6548,5.707     ,35.0629,5.86195    ,35.4453,6.05618   ,35.773 ,6.24763   ,36.1411,6.48522     ,36.4769,6.73381   ,36.8032,6.97539   ,33.0621,4.34424   ,33.0274,4.92692    ,33.2634,5.2744    ,33.5725,5.54988   ,33.9631,5.82568   ,34.3462,6.05453    ,34.7898,6.23615    ,35.2215,6.41883   ,35.5764,6.59645    ,35.9281,6.77759   ,36.2557,6.93854   ,36.8032,6.97539   ,36.5855,6.44413   ,36.2453,6.1167    ,35.8703,5.84153    ,35.5796,5.64016   ,35.2346,5.44484   ,34.8616,5.32062    ,34.5382,5.18619   ,34.2042,4.97385   ,33.8934,4.72536   ,33.555 ,4.44541   ,34.8148,-5.73027  ,-0.538483  ,590,129802,56.9205,11.1331,133.681,0
522 ,33.1104,4.41884   ,33.386 ,4.73974    ,33.6918,5.04959  ,34.025 ,5.34296   ,34.3451,5.55906   ,34.7709,5.74053   ,35.1354,5.89968    ,35.4932,6.08252   ,35.8888,6.31851   ,36.2523,6.53676     ,36.583 ,6.73361   ,36.9249,6.95652   ,33.1104,4.41884   ,33.1113,4.92664    ,33.3559,5.28306   ,33.6928,5.61755   ,34.0384,5.87518   ,34.4809,6.1009     ,34.8493,6.25827    ,35.2171,6.41701   ,35.6133,6.61581    ,35.9747,6.80519   ,36.3269,6.96235   ,36.9249,6.95652   ,36.7318,6.44056   ,36.4212,6.20265   ,36.0652,5.96199    ,35.6692,5.69073   ,35.3167,5.49423   ,34.9557,5.33831    ,34.5465,5.18366   ,34.247 ,4.979     ,33.9189,4.71113   ,33.5718,4.45638   ,34.9126,-5.77427  ,-0.532587  ,587,128433,56.7948,11.0167,132.267,0
523 ,33.3084,4.51844   ,33.5625,4.87434    ,33.8313,5.17871  ,34.1438,5.42944   ,34.5284,5.63443   ,34.8997,5.78984   ,35.2542,5.94935    ,35.654 ,6.16656   ,36.0088,6.37392   ,36.3274,6.56547     ,36.6988,6.80757   ,36.9694,7.04152   ,33.3084,4.51844   ,33.2672,5.07467    ,33.4989,5.43075   ,33.8227,5.72811   ,34.2214,5.97919   ,34.6089,6.15634    ,34.9888,6.31428    ,35.4058,6.51078   ,35.7603,6.69003    ,36.0688,6.84081   ,36.4503,7.00975   ,36.9694,7.04152   ,36.8483,6.53257   ,36.4775,6.22393   ,36.1544,5.99717    ,35.8021,5.76453   ,35.4186,5.5369    ,35.0888,5.37862    ,34.7244,5.24088   ,34.3578,5.05816   ,34.0657,4.82826   ,33.7811,4.57402   ,35.0183,-5.83535  ,-0.524049  ,577,126125,55.3485,11.2081,130.61 ,0
524 ,33.3452,4.56446   ,33.6121,4.90241    ,33.9182,5.23021  ,34.2049,5.46999   ,34.5986,5.68589   ,34.9767,5.82847   ,35.3421,5.99632    ,35.7026,6.19982   ,36.0856,6.42496   ,36.4273,6.63154     ,36.8179,6.88222   ,37.1081,7.08778   ,33.3452,4.56446   ,33.3396,5.09363    ,33.6316,5.50611   ,33.9459,5.8005    ,34.3634,6.0733    ,34.749 ,6.22136    ,35.1256,6.37284    ,35.4906,6.56086   ,35.8811,6.76091    ,36.2223,6.92901   ,36.6221,7.09744   ,37.1081,7.08778   ,36.9072,6.59281   ,36.5173,6.26541   ,36.1785,6.02146    ,35.8092,5.7778    ,35.4565,5.56601   ,35.0971,5.39423    ,34.7239,5.25247   ,34.3484,5.05341   ,34.0946,4.84756   ,33.7951,4.6051    ,35.1087,-5.89219  ,-0.526198  ,576,126169,56.2656,11.0061,131.439,0
525 ,33.2269,4.74333   ,33.6078,5.03236    ,33.8889,5.26471  ,34.2159,5.52239   ,34.6033,5.74252   ,34.996 ,5.8931    ,35.3892,6.061      ,35.7623,6.26485   ,36.0971,6.46183   ,36.4619,6.68091     ,36.8393,6.94349   ,37.1337,7.14786   ,33.2269,4.74333   ,33.3784,5.276      ,33.6159,5.55464   ,33.9391,5.85111   ,34.3538,6.11262   ,34.7662,6.27554    ,35.1798,6.44247    ,35.5653,6.63213   ,35.8984,6.79917    ,36.2588,6.95534   ,36.6547,7.12518   ,37.1337,7.14786   ,36.92  ,6.6858    ,36.5564,6.33839   ,36.1975,6.06643    ,35.8662,5.84456   ,35.503 ,5.63252   ,35.1269,5.47229    ,34.7575,5.3309    ,34.3887,5.11755   ,34.0485,4.8803    ,33.728 ,4.70219   ,35.0721,-5.91434  ,-0.522308  ,577,127011,56.5698,10.7989,131.439,0
526 ,33.3347,4.63375   ,33.6078,4.95495    ,33.9265,5.31896  ,34.2206,5.58949   ,34.5529,5.80671   ,34.9764,5.97632   ,35.3532,6.13318    ,35.7136,6.31498   ,36.1106,6.52619   ,36.4348,6.71283     ,36.7882,6.96677   ,37.0868,7.23132   ,33.3347,4.63375   ,33.3363,5.15181    ,33.6617,5.59771   ,33.9883,5.92217   ,34.35  ,6.19168   ,34.7759,6.36407    ,35.1411,6.507      ,35.4881,6.67203   ,35.9012,6.84603    ,36.2068,6.98082   ,36.5817,7.15947   ,37.0868,7.23132   ,36.901 ,6.69492   ,36.5533,6.37943   ,36.2171,6.1493     ,35.839 ,5.90742   ,35.4582,5.71024   ,35.0698,5.54828    ,34.6495,5.36599   ,34.3358,5.15987   ,34.0763,4.91897   ,33.7867,4.64586   ,35.0584,-5.97049  ,-0.526859  ,571,126335,56.7864,10.772 ,132.024,0
527 ,33.3502,4.67316   ,33.6413,5.02277    ,33.9218,5.26709  ,34.2305,5.52314   ,34.5828,5.78298   ,34.9506,5.97447   ,35.3266,6.12505    ,35.712 ,6.30928   ,36.0437,6.4974    ,36.3845,6.69598     ,36.7573,6.96524   ,36.9974,7.21828   ,33.3502,4.67316   ,33.3124,5.23138    ,33.577 ,5.50568   ,33.9038,5.79001   ,34.2876,6.08883   ,34.6631,6.31046    ,35.0312,6.46187    ,35.4172,6.62836   ,35.7534,6.79698    ,36.1007,6.95973   ,36.5111,7.15343   ,36.9974,7.21828   ,36.9069,6.69238   ,36.5547,6.3639    ,36.2219,6.13321    ,35.8968,5.93221   ,35.5127,5.74297   ,35.1339,5.5943     ,34.7669,5.40281   ,34.4332,5.15585   ,34.1472,4.92701   ,33.873 ,4.72232   ,35.0889,-5.97296  ,-0.534918  ,566,126342,55.201 ,10.6118,128.853,0
528 ,33.2479,4.78203   ,33.6608,5.01824    ,33.9463,5.22718  ,34.2677,5.48057   ,34.5956,5.72559   ,34.9697,5.96206   ,35.3365,6.13528    ,35.6942,6.31897   ,36.0523,6.51618   ,36.429 ,6.72891     ,36.7619,6.94838   ,37.0584,7.15801   ,33.2479,4.78203   ,33.418 ,5.27511    ,33.6773,5.51803   ,33.9853,5.78883   ,34.3171,6.05327   ,34.7005,6.30876    ,35.0837,6.4865     ,35.4458,6.6531    ,35.7957,6.83008    ,36.1628,7.00191   ,36.5217,7.15638   ,37.0584,7.15801   ,36.8941,6.66326   ,36.5839,6.39104   ,36.2056,6.14489    ,35.8407,5.92874   ,35.4855,5.73669   ,35.1334,5.55651    ,34.7654,5.3209    ,34.4418,5.08652   ,34.1056,4.85258   ,33.7856,4.68173   ,35.1065,-5.96427  ,-0.552843  ,568,126327,55.2296,10.6442,129.681,0
529 ,33.3956,4.69032   ,33.7409,4.98763    ,34.0288,5.24777  ,34.3732,5.53164   ,34.7052,5.77303   ,35.0741,5.99686   ,35.4431,6.19421    ,35.7947,6.37737   ,36.2007,6.58377   ,36.5285,6.77769     ,36.8977,7.04882   ,37.1745,7.27977   ,33.3956,4.69032   ,33.5031,5.21798    ,33.7784,5.54642   ,34.1476,5.88704   ,34.5021,6.15906   ,34.8838,6.39473    ,35.2696,6.58312    ,35.6282,6.74649   ,36.0312,6.93513    ,36.3594,7.08711   ,36.7244,7.24945   ,37.1745,7.27977   ,36.971 ,6.76928   ,36.5878,6.3981    ,36.2636,6.17594    ,35.8632,5.95793   ,35.5122,5.75133   ,35.159 ,5.54008    ,34.8006,5.31362   ,34.485 ,5.08693   ,34.163 ,4.84602   ,33.8681,4.65745   ,35.1649,-5.98243  ,-0.562474  ,572,128067,56.4467,11.0119,131.095,0
530 ,33.4033,4.66687   ,33.7565,4.99684    ,34.0552,5.27025  ,34.4126,5.55921   ,34.7527,5.79774   ,35.0701,5.9925    ,35.4422,6.19594    ,35.8292,6.39638   ,36.2001,6.59135   ,36.575 ,6.7945      ,36.93  ,7.05061   ,37.2214,7.31834   ,33.4033,4.66687   ,33.49  ,5.2109     ,33.7805,5.55223   ,34.1674,5.89903   ,34.5294,6.16411   ,34.8557,6.37978    ,35.2143,6.58062    ,35.5838,6.73337   ,35.9517,6.89933    ,36.3369,7.09054   ,36.7212,7.26042   ,37.2214,7.31834   ,37.0442,6.76202   ,36.7063,6.43507   ,36.3417,6.2284     ,35.9663,6.00281   ,35.5608,5.75403   ,35.1802,5.54437    ,34.8668,5.35981   ,34.5398,5.12871   ,34.2092,4.88204   ,33.9088,4.67515   ,35.202 ,-6.00083  ,-0.55992   ,587,129430,57.3456,10.9921,133.095,0
531 ,33.3322,4.69212   ,33.7237,4.99413    ,34.0372,5.26572  ,34.3479,5.51708   ,34.6985,5.76862   ,35.0247,5.97032   ,35.4058,6.17527    ,35.8291,6.397     ,36.1868,6.588     ,36.5622,6.79296     ,36.9005,7.07197   ,37.1506,7.33438   ,33.3322,4.69212   ,33.4667,5.23357    ,33.7766,5.55898   ,34.1122,5.85389   ,34.487 ,6.14354   ,34.8215,6.36665    ,35.188 ,6.56785    ,35.5847,6.74625   ,35.9367,6.90434    ,36.3065,7.0815    ,36.6529,7.28351   ,37.1506,7.33438   ,37.0615,6.77185   ,36.7129,6.44033   ,36.3231,6.21115    ,35.9497,5.98172   ,35.5099,5.72354   ,35.1215,5.51258    ,34.7969,5.31738   ,34.4619,5.08579   ,34.1709,4.86352   ,33.8615,4.65425   ,35.2265,-6.02344  ,-0.562775  ,593,130370,57.2815,11.1019,133.095,0
532 ,33.3714,4.70415   ,33.76  ,5.03223    ,34.0468,5.28714  ,34.3981,5.56779   ,34.7326,5.80469   ,35.1486,6.05851   ,35.5127,6.26362    ,35.9285,6.47288   ,36.2945,6.68553   ,36.6607,6.95953     ,36.9037,7.25517   ,37.084 ,7.64639   ,33.3714,4.70415   ,33.5055,5.25461    ,33.7823,5.55633   ,34.1434,5.87978   ,34.4823,6.14111   ,34.886 ,6.40655    ,35.2342,6.60191    ,35.6416,6.79528   ,35.9714,6.95233    ,36.3055,7.13823   ,36.5914,7.37941   ,37.084 ,7.64639   ,37.1513,7.02888   ,36.9157,6.69006   ,36.5122,6.3549     ,36.1121,6.09551   ,35.686 ,5.86906   ,35.3089,5.65177    ,34.8744,5.3953    ,34.5376,5.16837   ,34.1934,4.91655   ,33.9077,4.7109    ,35.2936,-6.10791  ,-0.586825  ,597,133405,59.1359,10.6107,138.409,0
533 ,33.4633,4.66284   ,33.772 ,5.01167    ,34.1408,5.3618   ,34.4545,5.61164   ,34.8648,5.88424   ,35.25  ,6.10771   ,35.6799,6.33177    ,36.0661,6.55047   ,36.4555,6.80085   ,36.7807,7.08579     ,37.0803,7.44072   ,37.3409,7.78731   ,33.4633,4.66284   ,33.5097,5.19866    ,33.8623,5.62834   ,34.1943,5.92687   ,34.6253,6.24157   ,35.0101,6.47612    ,35.4288,6.68638    ,35.7958,6.86994   ,36.1779,7.0976     ,36.5102,7.32058   ,36.8352,7.6035    ,37.3409,7.78731   ,37.2371,7.15897   ,36.9421,6.74297   ,36.6243,6.42735    ,36.2242,6.164     ,35.8224,5.91783   ,35.3822,5.68253    ,34.991 ,5.45654   ,34.5913,5.20452   ,34.2916,4.98331   ,33.9256,4.7101    ,35.3664,-6.16173  ,-0.595635  ,618,135619,61.782 ,10.7501,141.581,0
534 ,33.3905,4.78028   ,33.7614,5.04259    ,34.132 ,5.35033  ,34.4942,5.63242   ,34.8341,5.85742   ,35.2134,6.08784   ,35.6295,6.302      ,36.005 ,6.51278   ,36.3578,6.76511   ,36.7252,7.08151     ,36.9959,7.35674   ,37.2218,7.70835   ,33.3905,4.78028   ,33.5147,5.27739    ,33.8636,5.63763   ,34.2469,5.95579   ,34.6037,6.21013   ,34.9862,6.45949    ,35.3945,6.67027    ,35.7488,6.84375   ,36.0651,7.02942    ,36.4007,7.2687    ,36.6784,7.48212   ,37.2218,7.70835   ,37.2157,7.12275   ,36.9298,6.78425   ,36.5289,6.40599    ,36.1501,6.11392   ,35.7601,5.87901   ,35.335 ,5.65754    ,34.9539,5.43512   ,34.6235,5.2227    ,34.2764,4.96024   ,33.8894,4.71458   ,35.3504,-6.15013  ,-0.594925  ,606,134993,59.7492,10.7255,138.167,0
535 ,33.4627,4.73978   ,33.8475,5.08985    ,34.1588,5.37352  ,34.5231,5.66867   ,34.8591,5.89133   ,35.229 ,6.09992   ,35.6626,6.33016    ,36.0487,6.55833   ,36.3929,6.80407   ,36.7447,7.09835     ,37.0508,7.3958    ,37.3607,7.67223   ,33.4627,4.73978   ,33.5977,5.31476    ,33.9016,5.66564   ,34.2926,6.00773   ,34.6532,6.26139   ,35.0316,6.48775    ,35.4438,6.69231    ,35.8108,6.88934   ,36.1418,7.10669    ,36.4807,7.3486    ,36.8067,7.59076   ,37.3607,7.67223   ,37.2033,7.10446   ,36.8942,6.74693   ,36.5268,6.41166    ,36.1754,6.15666   ,35.7712,5.90765   ,35.3213,5.65666    ,34.9563,5.45371   ,34.6357,5.24189   ,34.291 ,4.97076   ,33.9766,4.75358   ,35.3534,-6.16293  ,-0.596986  ,611,135968,60.1444,10.7943,140.409,0
536 ,33.4408,4.78011   ,33.838 ,5.09626    ,34.1442,5.36842  ,34.4997,5.65898   ,34.8868,5.92305   ,35.3021,6.15773   ,35.723 ,6.37494    ,36.0985,6.60106   ,36.4941,6.89119   ,36.8253,7.17869     ,37.1248,7.51681   ,37.3197,7.87189   ,33.4408,4.78011   ,33.6051,5.32321    ,33.8879,5.65042   ,34.2537,5.97937   ,34.654 ,6.27563   ,35.0591,6.50921    ,35.4772,6.72031    ,35.8363,6.91977   ,36.1909,7.14123    ,36.5047,7.36067   ,36.8535,7.63214   ,37.3197,7.87189   ,37.3241,7.30231   ,37.0419,6.90013   ,36.6826,6.55041    ,36.2514,6.21115   ,35.8626,5.97229   ,35.442 ,5.75248    ,35.0126,5.50343   ,34.6302,5.2504    ,34.2783,4.97861   ,33.9508,4.76396   ,35.3861,-6.19933  ,-0.602268  ,617,137672,61.6066,10.4417,141.581,0
537 ,33.3453,4.76708   ,33.7454,5.05354    ,34.0731,5.32876  ,34.4552,5.64292   ,34.8032,5.89008   ,35.1743,6.1117    ,35.584 ,6.32481    ,35.9665,6.55298   ,36.365 ,6.81153   ,36.7069,7.07401     ,37.0428,7.39626   ,37.3014,7.74539   ,33.3453,4.76708   ,33.4839,5.25402    ,33.7992,5.59824   ,34.2185,5.98079   ,34.5913,6.26221   ,34.9601,6.49392    ,35.351 ,6.68869    ,35.7197,6.88703   ,36.1132,7.12353    ,36.4371,7.33925   ,36.7781,7.56464   ,37.3014,7.74539   ,37.2261,7.13327   ,36.8656,6.7188    ,36.5019,6.41884    ,36.1009,6.1513    ,35.7123,5.90205   ,35.2862,5.67585    ,34.9034,5.44305   ,34.5688,5.20919   ,34.2156,4.94676   ,33.8796,4.75163   ,35.3489,-6.18851  ,-0.59741   ,618,136912,61.1877,10.8012,139.581,0
538 ,33.3014,4.84216   ,33.7173,5.08002    ,34.0762,5.35412  ,34.4241,5.63427   ,34.7585,5.8739    ,35.1302,6.09428   ,35.5095,6.30479    ,35.8867,6.51868   ,36.2628,6.7454    ,36.6017,6.98229     ,36.9339,7.26933   ,37.2336,7.57994   ,33.3014,4.84216   ,33.4878,5.32886    ,33.8041,5.63322   ,34.1519,5.93667   ,34.504 ,6.20874   ,34.8871,6.45564    ,35.2751,6.66216    ,35.6654,6.86878   ,36.0383,7.09138    ,36.3559,7.28561   ,36.674 ,7.49084   ,37.2336,7.57994   ,37.0893,6.9492    ,36.733 ,6.59155   ,36.3775,6.32968    ,36.0019,6.10682   ,35.6344,5.8883    ,35.2676,5.67379    ,34.9041,5.4666    ,34.5814,5.2418    ,34.2306,4.98033   ,33.8273,4.75099   ,35.3046,-6.16364  ,-0.586913  ,607,135903,59.0298,10.6641,136.752,0
539 ,33.3761,4.67652   ,33.7406,4.99778    ,34.0488,5.28265  ,34.3614,5.55111   ,34.709 ,5.80648   ,35.0769,6.02305   ,35.438 ,6.22721    ,35.8005,6.43548   ,36.2128,6.66499   ,36.5985,6.89531     ,36.9527,7.14284   ,37.2276,7.37392   ,33.3761,4.67652   ,33.4796,5.22094    ,33.7805,5.55955   ,34.116 ,5.87048   ,34.4946,6.17324   ,34.8771,6.41316    ,35.2383,6.61416    ,35.5999,6.81368   ,36.0031,7.0147     ,36.37  ,7.20697   ,36.7261,7.37091   ,37.2276,7.37392   ,37.0663,6.83089   ,36.7104,6.50754   ,36.3189,6.25909    ,35.898 ,5.99867   ,35.5333,5.77803   ,35.1747,5.57828    ,34.8124,5.36579   ,34.4843,5.13117   ,34.1906,4.89072   ,33.8872,4.6689    ,35.255 ,-6.07582  ,-0.573815  ,595,132925,57.9139,10.8742,133.338,0
540 ,33.4494,4.67017   ,33.7746,4.99744    ,34.0533,5.27008  ,34.3901,5.55741   ,34.7115,5.78852   ,35.0127,5.97604   ,35.3956,6.18177    ,35.7768,6.38463   ,36.1091,6.57402   ,36.4675,6.73822     ,36.9032,6.85483   ,37.2526,6.93142   ,33.4494,4.67017   ,33.5427,5.21095    ,33.7986,5.55099   ,34.1537,5.89539   ,34.498 ,6.15907   ,34.8101,6.3606     ,35.1958,6.57173    ,35.5731,6.75885   ,35.897 ,6.93014    ,36.2573,7.086     ,36.7494,7.15265   ,37.2526,6.93142   ,36.929 ,6.52796   ,36.5666,6.35177   ,36.226 ,6.16357    ,35.8849,5.95683   ,35.5009,5.74401   ,35.1169,5.53249    ,34.821 ,5.34861   ,34.5159,5.13208   ,34.1942,4.88206   ,33.9018,4.67756   ,35.2219,-6.00895  ,-0.54362   ,582,130110,55.1658,10.8307,129.196,0
541 ,33.4615,4.64023   ,33.7896,5.01287    ,34.0838,5.30292  ,34.3798,5.55747   ,34.7166,5.80413   ,35.0793,6.02376   ,35.4266,6.20553    ,35.8219,6.41592   ,36.172 ,6.59925   ,36.5796,6.74378     ,37.0236,6.78509   ,37.387 ,6.75467   ,33.4615,4.64023   ,33.539 ,5.21846    ,33.8252,5.58529   ,34.151 ,5.89507   ,34.5287,6.18843   ,34.9196,6.43508    ,35.2778,6.61165    ,35.6852,6.81687   ,36.0482,6.99849    ,36.4946,7.12173   ,36.9598,7.12339   ,37.387 ,6.75467   ,36.9627,6.44863   ,36.5409,6.33607   ,36.1907,6.14751    ,35.861 ,5.96373   ,35.4758,5.74583   ,35.139 ,5.55882    ,34.7954,5.34487   ,34.4922,5.12586   ,34.2223,4.90775   ,33.9305,4.69198   ,35.2514,-6.01319  ,-0.523453  ,587,131124,56.7093,11.0784,131.196,0
542 ,33.448 ,4.66077   ,33.7391,4.99008    ,34.0692,5.29689  ,34.4113,5.57172   ,34.7896,5.83693   ,35.1429,6.05009   ,35.5315,6.24992    ,35.9348,6.4614    ,36.326 ,6.64727   ,36.7646,6.76355     ,37.1646,6.77661   ,37.6017,6.75671   ,33.448 ,4.66077   ,33.4854,5.2079     ,33.8065,5.58522   ,34.1879,5.91768   ,34.6114,6.22956   ,34.9944,6.46746    ,35.4092,6.67842    ,35.8277,6.88233   ,36.2393,7.03903    ,36.7154,7.13475   ,37.1035,7.09772   ,37.6017,6.75671   ,37.0919,6.45838   ,36.6874,6.36802   ,36.295 ,6.20705    ,35.9363,5.98585   ,35.5568,5.77224   ,35.1927,5.57737    ,34.8635,5.37625   ,34.5222,5.14035   ,34.2169,4.90788   ,33.8951,4.67432   ,35.3473,-6.03915  ,-0.493527  ,604,133977,59.1652,11.2602,136.024,0
543 ,33.542 ,4.73484   ,33.892 ,5.06519    ,34.1877,5.33424  ,34.5387,5.6279    ,34.9116,5.88357   ,35.2574,6.07782   ,35.6547,6.28552    ,36.0256,6.46669   ,36.4385,6.63247   ,36.9214,6.72991     ,37.2903,6.75633   ,37.7163,6.77379   ,33.542 ,4.73484   ,33.669 ,5.27776    ,33.963 ,5.63837   ,34.3527,6.00588   ,34.7634,6.30117   ,35.1236,6.49739    ,35.5184,6.69241    ,35.8782,6.85908   ,36.2951,6.9967     ,36.809 ,7.07465   ,37.1978,7.06655   ,37.7163,6.77379   ,37.238 ,6.43939   ,36.8874,6.36757   ,36.4554,6.22883    ,36.0635,6.02218   ,35.6893,5.82756   ,35.2937,5.60608    ,34.9576,5.4025    ,34.6113,5.16152   ,34.2925,4.92267   ,34.0023,4.74896   ,35.4573,-6.05316  ,-0.470233  ,605,133931,58.6749,11.2761,136.125,0
544 ,33.5928,4.83142   ,33.9597,5.14576    ,34.293 ,5.41809  ,34.6187,5.65338   ,34.981 ,5.88276   ,35.3336,6.0817    ,35.6905,6.26398    ,36.1151,6.46327   ,36.4743,6.58997   ,36.9448,6.68369     ,37.3482,6.70512   ,37.7272,6.69331   ,33.5928,4.83142   ,33.7125,5.38712    ,34.0482,5.73188   ,34.4098,6.01193   ,34.8048,6.27319   ,35.1738,6.47943    ,35.5317,6.65917    ,35.9596,6.85439   ,36.3464,6.96761    ,36.8708,7.04585   ,37.2768,7.0393    ,37.7272,6.69331   ,37.2891,6.37092   ,36.8821,6.30141   ,36.4756,6.17492    ,36.1591,6.02599   ,35.7464,5.81681   ,35.3927,5.62976    ,35.0553,5.43047   ,34.7213,5.2233    ,34.4264,5.01665   ,34.1   ,4.81534   ,35.5207,-6.05594  ,-0.452004  ,588,131428,57.2167,10.7821,133.296,0
545 ,33.7955,4.88298   ,34.1063,5.23622    ,34.3998,5.4968   ,34.7074,5.71614   ,35.0619,5.92468   ,35.4684,6.12912   ,35.8173,6.30816    ,36.1841,6.46305   ,36.5937,6.60006   ,36.9769,6.67857     ,37.3672,6.69241   ,37.7683,6.6823    ,33.7955,4.88298   ,33.8662,5.46336    ,34.1623,5.82266   ,34.5012,6.09334   ,34.8806,6.32219   ,35.2876,6.53628    ,35.6384,6.7127     ,36.032 ,6.86354   ,36.4889,6.98313    ,36.9152,7.04747   ,37.2994,7.02956   ,37.7683,6.6823    ,37.307 ,6.35769   ,36.9116,6.2872    ,36.5754,6.18229    ,36.2259,6.02131   ,35.8972,5.85398   ,35.5479,5.671      ,35.1421,5.4726    ,34.8111,5.27211   ,34.5367,5.0903    ,34.2532,4.91598   ,35.6103,-6.0931   ,-0.435368  ,577,127661,55.3856,11.0818,131.296,0
546 ,33.8618,5.12856   ,34.2333,5.37806    ,34.5843,5.61706  ,34.9103,5.82683   ,35.2533,6.02564   ,35.5829,6.18477   ,35.977 ,6.36631    ,36.3538,6.51439   ,36.7055,6.62172   ,37.1364,6.68846     ,37.5112,6.68266   ,37.9022,6.64378   ,33.8618,5.12856   ,34.0741,5.65494    ,34.4189,6.00495   ,34.7578,6.25477   ,35.1113,6.45036   ,35.4441,6.61582    ,35.8411,6.79988    ,36.2504,6.92592   ,36.6464,7.01099    ,37.1077,7.05971   ,37.4741,7.00021   ,37.9022,6.64378   ,37.4256,6.37073   ,37.0398,6.30964   ,36.6429,6.20255    ,36.3464,6.0615    ,36.0098,5.88838   ,35.6266,5.7096     ,35.3008,5.55067   ,34.9584,5.33365   ,34.6351,5.15208   ,34.2765,5.02189   ,35.7229,-6.14417  ,-0.409407  ,573,126393,54.391 ,11.5617,129.054,0
547 ,33.9786,5.21013   ,34.3433,5.44702    ,34.6857,5.67234  ,35.0006,5.8606    ,35.3516,6.05184   ,35.7516,6.26253   ,36.0752,6.40927    ,36.4725,6.55587   ,36.8495,6.65634   ,37.2898,6.71062     ,37.6473,6.68614   ,38.0313,6.66075   ,33.9786,5.21013   ,34.1296,5.71259    ,34.464 ,6.01742   ,34.8081,6.2486    ,35.1752,6.46379   ,35.5764,6.68359    ,35.894 ,6.81999    ,36.3259,6.94548   ,36.7486,7.02666    ,37.2305,7.05777   ,37.6097,6.98007   ,38.0313,6.66075   ,37.567 ,6.39967   ,37.227 ,6.36228   ,36.8197,6.2583     ,36.5024,6.12631   ,36.1447,5.95395   ,35.8246,5.78896    ,35.4283,5.58555   ,35.0913,5.41551   ,34.7969,5.25563   ,34.4416,5.10632   ,35.8423,-6.19086  ,-0.39212   ,561,124065,54.2235,11.3864,127.64 ,0
548 ,34.0391,5.43116   ,34.4651,5.55778    ,34.819 ,5.71611  ,35.1327,5.88122   ,35.474 ,6.07398   ,35.8108,6.25038   ,36.1707,6.4192     ,36.5568,6.56203   ,36.9196,6.65367   ,37.303 ,6.69206     ,37.6906,6.69026   ,38.0315,6.69803   ,34.0391,5.43116   ,34.3152,5.88006    ,34.654 ,6.09089   ,34.9747,6.2803    ,35.3319,6.50594   ,35.6738,6.69143    ,36.0284,6.84958    ,36.4502,6.9747    ,36.8702,7.04214    ,37.2652,7.05383   ,37.6354,6.97535   ,38.0315,6.69803   ,37.6201,6.40491   ,37.2097,6.32723   ,36.8436,6.24091    ,36.5491,6.11185   ,36.2062,5.94405   ,35.85  ,5.75918    ,35.5199,5.58922   ,35.1902,5.42629   ,34.8721,5.28638   ,34.4925,5.19151   ,35.9195,-6.20516  ,-0.385197  ,548,121274,52.2196,11.6359,123.397,0
549 ,34.1278,5.38136   ,34.4752,5.57811    ,34.8392,5.74072  ,35.1944,5.90249   ,35.5359,6.08261   ,35.9203,6.2754    ,36.2682,6.44017    ,36.5971,6.58119   ,36.9769,6.68483   ,37.3928,6.72231     ,37.7984,6.70476   ,38.1263,6.64016   ,34.1278,5.38136   ,34.3007,5.93021    ,34.6565,6.10131   ,35.0083,6.27171   ,35.3665,6.47772   ,35.7699,6.69659    ,36.1173,6.87041    ,36.4569,6.99571   ,36.8832,7.06963    ,37.3648,7.06446   ,37.7922,6.98117   ,38.1263,6.64016   ,37.676 ,6.4406    ,37.2811,6.37636   ,36.9364,6.275      ,36.621 ,6.12327   ,36.3172,5.96078   ,35.9735,5.80869    ,35.6089,5.63486   ,35.2809,5.48611   ,34.9183,5.33328   ,34.5483,5.18069   ,35.9848,-6.23685  ,-0.377043  ,548,121773,52.7807,11.4223,125.397,0
550 ,34.0769,5.41887   ,34.4372,5.61543    ,34.828 ,5.79693  ,35.1628,5.9479    ,35.5335,6.13576   ,35.8947,6.29313   ,36.2587,6.44527    ,36.6425,6.58934   ,37.0031,6.68598   ,37.3834,6.72056     ,37.7688,6.69777   ,38.1431,6.61623   ,34.0769,5.41887   ,34.2748,5.92527    ,34.6835,6.17116   ,35.0292,6.33682   ,35.4057,6.54701   ,35.7828,6.71778    ,36.1628,6.87867    ,36.5932,7.01338   ,36.9998,7.09842    ,37.3919,7.10803   ,37.7655,7.01049   ,38.1431,6.61623   ,37.6466,6.39727   ,37.2462,6.33279   ,36.8804,6.2493     ,36.5799,6.12508   ,36.2474,5.97012   ,35.9044,5.82425    ,35.5573,5.67503   ,35.1863,5.50636   ,34.8613,5.37194   ,34.4894,5.25151   ,36.0043,-6.26635  ,-0.349708  ,550,123285,53.3582,11.191 ,126.225,0
551 ,34.0625,5.53969   ,34.5   ,5.64489    ,34.8201,5.78663  ,35.1914,5.96112   ,35.5586,6.13809   ,35.9422,6.30161   ,36.2899,6.41925    ,36.7036,6.54567   ,37.0953,6.62836   ,37.4371,6.67123     ,37.8368,6.69041   ,38.2137,6.74206   ,34.0625,5.53969   ,34.3413,5.98551    ,34.6485,6.14559   ,35.0221,6.33277   ,35.3864,6.534     ,35.7796,6.71121    ,36.1438,6.82989    ,36.5875,6.93965   ,37.0056,7.00956    ,37.3586,7.03531   ,37.7466,7.00386   ,38.2137,6.74206   ,37.7984,6.37127   ,37.3813,6.29052   ,37.0489,6.22484    ,36.6972,6.11828   ,36.3199,5.97082   ,35.9908,5.84893    ,35.6256,5.69239   ,35.2554,5.53955   ,34.8864,5.37672   ,34.5483,5.26576   ,36.0403,-6.24436  ,-0.326933  ,554,123989,53.5006,10.8879,127.154,0
552 ,34.1751,5.46698   ,34.5761,5.63986    ,34.9135,5.79313  ,35.2904,5.97174   ,35.5995,6.12229   ,35.969 ,6.27335   ,36.3582,6.40795    ,36.738 ,6.50276   ,37.0883,6.56248   ,37.5071,6.6175      ,37.9012,6.6374    ,38.2463,6.6421    ,34.1751,5.46698   ,34.3919,5.95769    ,34.7042,6.14062   ,35.086 ,6.32564   ,35.4032,6.49602   ,35.7692,6.66691    ,36.1565,6.80759    ,36.5667,6.89479   ,36.9616,6.94321    ,37.4255,6.98178   ,37.8365,6.95177   ,38.2463,6.6421    ,37.84  ,6.31973   ,37.452 ,6.2402    ,37.0728,6.16022    ,36.775 ,6.08258   ,36.4438,5.9718    ,36.0617,5.83926    ,35.6921,5.70076   ,35.3908,5.56694   ,35.0111,5.39411   ,34.6474,5.27274   ,36.0872,-6.21599  ,-0.314771  ,553,124915,52.5988,10.8392,127.154,0
553 ,34.1142,5.46202   ,34.5495,5.61025    ,34.8975,5.77737  ,35.2813,5.96164   ,35.6275,6.12459   ,36.0248,6.29719   ,36.4033,6.4223     ,36.801 ,6.49697   ,37.2549,6.56007   ,37.6475,6.59559     ,38.0299,6.61572   ,38.425 ,6.63116   ,34.1142,5.46202   ,34.3566,5.91768    ,34.6819,6.10547   ,35.0485,6.29532   ,35.3819,6.47038   ,35.7591,6.6571     ,36.097 ,6.79632    ,36.4884,6.8706    ,36.9941,6.92099    ,37.4584,6.93057   ,37.9107,6.90836   ,38.425 ,6.63116   ,38.0024,6.31699   ,37.679 ,6.24917   ,37.361 ,6.1813     ,36.9715,6.10205   ,36.5913,6.0176    ,36.1912,5.89625    ,35.7726,5.73312   ,35.4185,5.58149   ,35.0156,5.40146   ,34.6397,5.26091   ,36.1803,-6.22645  ,-0.297797  ,567,127332,55.4737,11.3126,129.497,0
554 ,34.349 ,5.34213   ,34.7105,5.62935    ,35.0966,5.85792  ,35.4629,6.03483   ,35.8674,6.22447   ,36.2726,6.35776   ,36.6618,6.44874    ,37.0789,6.52921   ,37.5221,6.59788   ,37.9669,6.66682     ,38.3857,6.74466   ,38.7368,6.8433    ,34.349 ,5.34213   ,34.4727,5.87466    ,34.8285,6.17208   ,35.1924,6.36881   ,35.5869,6.56456   ,35.9621,6.71586    ,36.3363,6.81499    ,36.7687,6.8917    ,37.2609,6.94604    ,37.7681,6.98924   ,38.2515,6.99648   ,38.7368,6.8433    ,38.388 ,6.46433   ,38.0193,6.32132   ,37.6334,6.22834    ,37.246 ,6.14127   ,36.8536,6.05381   ,36.4601,5.96585    ,36.042 ,5.83997   ,35.6332,5.65212   ,35.2546,5.48742   ,34.8423,5.30754   ,36.3802,-6.27223  ,-0.28987   ,585,130074,57.7103,11.2873,133.983,0
555 ,34.4538,5.6075    ,34.8606,5.70463    ,35.2448,5.88717  ,35.6421,6.08384   ,36.0397,6.26474   ,36.3871,6.37045   ,36.8522,6.46547    ,37.2638,6.54312   ,37.6841,6.61402   ,38.0469,6.64984     ,38.4651,6.66891   ,38.8649,6.65855   ,34.4538,5.6075    ,34.7197,6.02234    ,35.0887,6.26443   ,35.4813,6.47274   ,35.8665,6.6535    ,36.1929,6.76687    ,36.6386,6.86803    ,37.0691,6.93376   ,37.5327,6.98375    ,37.9341,6.99281   ,38.3979,6.95229   ,38.8649,6.65855   ,38.399 ,6.38217   ,38.0148,6.29577   ,37.6926,6.22465    ,37.3217,6.12684   ,36.928 ,6.03775   ,36.4584,5.94252    ,36.1069,5.83508   ,35.7069,5.64714   ,35.2963,5.45626   ,34.8864,5.34561   ,36.5274,-6.28949  ,-0.2775    ,579,128915,56.3211,10.7835,130.912,0
556 ,34.6302,5.49382   ,35.0134,5.70305    ,35.3856,5.90349  ,35.7425,6.0911    ,36.1671,6.26817   ,36.5857,6.37472   ,36.9626,6.44935    ,37.3896,6.52136   ,37.8394,6.58384   ,38.2083,6.62282     ,38.6287,6.65804   ,39.0213,6.71725   ,34.6302,5.49382   ,34.8   ,5.98148    ,35.1625,6.23283   ,35.5206,6.44473   ,35.9246,6.63791   ,36.3318,6.75939    ,36.7211,6.84923    ,37.1854,6.91511   ,37.7038,6.94854    ,38.1103,6.9605    ,38.5469,6.93612   ,39.0213,6.71725   ,38.5773,6.3671    ,38.16  ,6.2733    ,37.8255,6.20048    ,37.4453,6.10491   ,37.0721,6.02488   ,36.7186,5.9634     ,36.295 ,5.86175   ,35.8647,5.68549   ,35.5029,5.51977   ,35.123 ,5.36692   ,36.6901,-6.29295  ,-0.255512  ,570,126417,56.6233,10.9887,132.569,0
557 ,34.7096,5.68372   ,35.1195,5.82089    ,35.4569,5.94474  ,35.8173,6.12232   ,36.1927,6.27674   ,36.6076,6.38332   ,36.9842,6.4538     ,37.382 ,6.52359   ,37.7616,6.59005   ,38.1473,6.64141     ,38.5466,6.68044   ,38.9013,6.72548   ,34.7096,5.68372   ,34.9503,6.11256    ,35.249 ,6.28142   ,35.6007,6.47631   ,35.9668,6.65304   ,36.3782,6.77757    ,36.7712,6.86453    ,37.2046,6.92621   ,37.6184,6.96471    ,38.0088,6.98541   ,38.4231,6.96947   ,38.9013,6.72548   ,38.5382,6.37882   ,38.1542,6.28178   ,37.7792,6.19608    ,37.4273,6.09766   ,37.0672,6.02016   ,36.7164,5.96239    ,36.3044,5.86392   ,35.933 ,5.71602   ,35.5563,5.56339   ,35.1732,5.49109   ,36.7362,-6.32642  ,-0.247663  ,548,123115,53.3382,10.9736,127.497,0
558 ,34.8449,5.76351   ,35.2425,5.85324    ,35.6182,5.9762   ,36.0136,6.14779   ,36.3633,6.29214   ,36.759 ,6.4094    ,37.1428,6.48824    ,37.5451,6.55908   ,37.8899,6.61718   ,38.3135,6.65987     ,38.7237,6.67184   ,39.0751,6.66007   ,34.8449,5.76351   ,35.0949,6.18999    ,35.4396,6.33414   ,35.8111,6.51098   ,36.138 ,6.66637   ,36.4983,6.80165    ,36.8686,6.88762    ,37.2989,6.94708   ,37.693 ,6.98619    ,38.1824,6.99514   ,38.6463,6.94258   ,39.0751,6.66007   ,38.6702,6.4011    ,38.3029,6.31464   ,37.9471,6.22655    ,37.6561,6.14814   ,37.2855,6.06387   ,36.8994,5.98725    ,36.484 ,5.87988   ,36.1193,5.74077   ,35.6934,5.57832   ,35.2805,5.48906   ,36.8642,-6.34438  ,-0.247584  ,557,123094,53.5176,11.3228,126.669,0
559 ,34.9149,5.67744   ,35.2879,5.87955    ,35.6564,6.01098  ,36.0606,6.16572   ,36.4346,6.32932   ,36.7766,6.44599   ,37.1666,6.5343     ,37.5906,6.59587   ,38.0068,6.66091   ,38.3855,6.70551     ,38.8089,6.71547   ,39.1529,6.72782   ,34.9149,5.67744   ,35.0918,6.19757    ,35.4561,6.37264   ,35.8723,6.53522   ,36.2445,6.72123   ,36.5786,6.84808    ,36.9785,6.94384    ,37.4715,7.00476   ,37.98  ,7.0437     ,38.371 ,7.05969   ,38.7611,6.97963   ,39.1529,6.72782   ,38.7373,6.44672   ,38.2776,6.34351   ,37.9004,6.25566    ,37.568 ,6.16729   ,37.2172,6.10012   ,36.8554,6.00811    ,36.5162,5.89425   ,36.1396,5.74764   ,35.7342,5.60907   ,35.3661,5.50997   ,36.8743,-6.37533  ,-0.248711  ,560,123877,54.1881,10.8463,129.983,0
560 ,34.8383,5.85814   ,35.2733,5.95194    ,35.6848,6.05453  ,36.0712,6.17909   ,36.4535,6.33252   ,36.7928,6.45374   ,37.2464,6.56255    ,37.5978,6.62687   ,38.0336,6.68837   ,38.3998,6.71529     ,38.8189,6.72168   ,39.208 ,6.72416   ,34.8383,5.85814   ,35.1414,6.30473    ,35.5466,6.43465   ,35.9397,6.56942   ,36.3098,6.72283   ,36.6257,6.85649    ,37.0712,6.97204    ,37.4488,7.02663   ,37.9287,7.06683    ,38.3284,7.06103   ,38.7643,7.00237   ,39.208 ,6.72416   ,38.7402,6.44147   ,38.3261,6.36258   ,37.9914,6.29376    ,37.6042,6.20302   ,37.285 ,6.12513   ,36.841 ,6.01448    ,36.4888,5.89821   ,36.0929,5.74607   ,35.7101,5.64541   ,35.2855,5.57194   ,36.905 ,-6.39857  ,-0.240198  ,563,125213,55.037 ,10.7126,130.083,0
561 ,34.8667,5.76516   ,35.2953,5.95522    ,35.6616,6.06618  ,36.0678,6.1986    ,36.4542,6.3407    ,36.8032,6.44251   ,37.2334,6.53605    ,37.636 ,6.61315   ,38.0637,6.67657   ,38.4314,6.7045      ,38.8587,6.718     ,39.2188,6.72083   ,34.8667,5.76516   ,35.1168,6.28097    ,35.474 ,6.41826   ,35.869 ,6.55476   ,36.2336,6.71515   ,36.5802,6.83273    ,37.0524,6.93636    ,37.4987,7.00689   ,37.9592,7.05964    ,38.3449,7.06592   ,38.7904,7.01096   ,39.2188,6.72083   ,38.7908,6.42214   ,38.3706,6.33552   ,38.0232,6.27569    ,37.6344,6.19542   ,37.2868,6.10959   ,36.9077,6.02183    ,36.5624,5.92771   ,36.1549,5.80221   ,35.7275,5.67862   ,35.3553,5.58779   ,36.9414,-6.40189  ,-0.226198  ,567,126803,55.1191,10.7259,130.083,0
562 ,34.9029,5.84993   ,35.2926,5.95857    ,35.6736,6.06513  ,36.0537,6.18958   ,36.4358,6.30195   ,36.8192,6.40341   ,37.2055,6.48059    ,37.5915,6.55636   ,38.053 ,6.64291   ,38.4325,6.68625     ,38.811 ,6.71127   ,39.1675,6.71335   ,34.9029,5.84993   ,35.1537,6.25822    ,35.5293,6.42119   ,35.9158,6.56318   ,36.3033,6.69941   ,36.6923,6.82596    ,37.0874,6.90406    ,37.4839,6.96597   ,37.9617,7.00649    ,38.343 ,7.02601   ,38.7245,7.0108    ,39.1675,6.71335   ,38.7485,6.40141   ,38.3705,6.32789   ,37.9934,6.2475     ,37.5444,6.12083   ,37.1696,6.02      ,36.7916,5.94863    ,36.4154,5.85971   ,36.0397,5.76515   ,35.6649,5.66516   ,35.2852,5.61761   ,36.9745,-6.3833   ,-0.219826  ,575,128139,53.6094,10.8892,131.255,0
563 ,34.9709,5.77526   ,35.4016,5.97185    ,35.7729,6.09881  ,36.1468,6.21481   ,36.522 ,6.32311   ,36.8996,6.41209   ,37.2751,6.48878    ,37.7212,6.56998   ,38.0939,6.62961   ,38.4748,6.67163     ,38.9304,6.72283   ,39.2728,6.74919   ,34.9709,5.77526   ,35.198 ,6.25701    ,35.5689,6.43486   ,35.954 ,6.57179   ,36.3399,6.70333   ,36.7289,6.81436    ,37.1173,6.89753    ,37.5716,6.97096   ,37.952 ,7.00279    ,38.347 ,7.01219   ,38.8231,7.00556   ,39.2728,6.74919   ,38.887 ,6.42016   ,38.4504,6.31424   ,38.0855,6.23636    ,37.7219,6.14604   ,37.2842,6.05103   ,36.9186,5.97986    ,36.5537,5.90174   ,36.1901,5.81129   ,35.827 ,5.71771   ,35.4632,5.63141   ,37.0442,-6.38927  ,-0.212527  ,583,129729,54.4245,10.5816,135.74 ,0
564 ,34.9828,5.83801   ,35.3725,5.97345    ,35.7514,6.09689  ,36.1316,6.22071   ,36.5902,6.35441   ,36.9755,6.43934   ,37.3614,6.51981    ,37.7486,6.58465   ,38.1327,6.64495   ,38.5126,6.69994     ,38.9647,6.78208   ,39.2975,6.83072   ,34.9828,5.83801   ,35.1978,6.25687    ,35.5699,6.43517   ,35.9553,6.57843   ,36.4203,6.73455   ,36.8106,6.84533    ,37.2037,6.93464    ,37.5999,6.98835   ,37.9943,7.01852    ,38.376 ,7.05055   ,38.8339,7.08834   ,39.2975,6.83072   ,38.9482,6.44891   ,38.4975,6.32506   ,38.119 ,6.25032    ,37.7424,6.1573    ,37.364 ,6.08054   ,36.9859,6.00153    ,36.6068,5.93278   ,36.1555,5.8162    ,35.7798,5.71554   ,35.4019,5.64361   ,37.0964,-6.41668  ,-0.218509  ,593,131255,54.4464,10.6579,134.912,0
565 ,35.0084,5.83825   ,35.4669,6.00264    ,35.8489,6.12646  ,36.2311,6.25584   ,36.6156,6.3688    ,37.0808,6.47471   ,37.4703,6.54564    ,37.86  ,6.61036   ,38.3283,6.68159   ,38.7162,6.74945     ,39.1683,6.85768   ,39.4981,6.96932   ,35.0084,5.83825   ,35.2828,6.2994     ,35.6572,6.46389   ,36.0406,6.61115   ,36.4268,6.74133   ,36.894 ,6.87098    ,37.2865,6.95334    ,37.6821,6.99527   ,38.1566,7.04951    ,38.553 ,7.08013   ,39.0098,7.12411   ,39.4981,6.96932   ,39.1799,6.54698   ,38.7271,6.38395   ,38.344 ,6.28929    ,37.8823,6.19572   ,37.4979,6.11383   ,37.1124,6.0426     ,36.65  ,5.95578   ,36.268 ,5.85322   ,35.8872,5.74132   ,35.5034,5.65538   ,37.2003,-6.44681  ,-0.221973  ,607,134159,56.9393,10.6174,140.326,0
566 ,35.0644,5.8504    ,35.5316,6.01976    ,35.9124,6.14632  ,36.2929,6.27695   ,36.7541,6.40177   ,37.1408,6.48863   ,37.6068,6.56945    ,37.9953,6.63442   ,38.3842,6.69075   ,38.8395,6.78375     ,39.2943,6.86608   ,39.6429,6.91238   ,35.0644,5.8504    ,35.352 ,6.31578    ,35.732 ,6.4864    ,36.1175,6.63486   ,36.5838,6.791     ,36.9768,6.89006    ,37.4516,6.97715    ,37.8495,7.02087   ,38.2478,7.05671    ,38.7083,7.12592   ,39.1676,7.15744   ,39.6429,6.91238   ,39.2696,6.54795   ,38.8191,6.41216   ,38.3653,6.30069    ,37.9859,6.21938   ,37.6065,6.13814   ,37.1502,6.05141    ,36.7707,5.97087   ,36.316 ,5.86827   ,35.9407,5.75359   ,35.5614,5.67056   ,37.2926,-6.4659   ,-0.218173  ,620,135899,57.8154,10.503 ,140.912,0
567 ,35.09  ,5.83825   ,35.5414,6.01611    ,35.9184,6.14787  ,36.3738,6.29528   ,36.7561,6.39901   ,37.217 ,6.50649   ,37.6034,6.57232    ,38.0675,6.6423    ,38.4543,6.69812   ,38.9076,6.78728     ,39.2856,6.84492   ,39.6923,6.8998    ,35.09  ,5.83825   ,35.3628,6.30443    ,35.735 ,6.48164   ,36.1968,6.65263   ,36.5843,6.77858   ,37.0532,6.90127    ,37.4474,6.97215    ,37.9227,7.02518   ,38.3196,7.05596    ,38.7786,7.12458   ,39.1597,7.14474   ,39.6923,6.8998    ,39.2602,6.52262   ,38.8859,6.42078   ,38.4344,6.31672    ,38.0576,6.23587   ,37.605 ,6.14405   ,37.227 ,6.07574    ,36.775 ,5.97778   ,36.3988,5.89119   ,35.9505,5.76242   ,35.5748,5.67246   ,37.3222,-6.46648  ,-0.215665  ,612,135826,58.1395,10.3466,142.083,0
568 ,35.09  ,5.83201   ,35.5451,6.01342    ,35.9241,6.15306  ,36.3059,6.27996   ,36.7673,6.41092   ,37.155 ,6.49512   ,37.5441,6.56457    ,38.0116,6.63859   ,38.4013,6.6951    ,38.8601,6.78078     ,39.2378,6.8436    ,39.6421,6.93183   ,35.09  ,5.83201   ,35.3607,6.30315    ,35.7333,6.48084   ,36.1177,6.62881   ,36.5819,6.79041   ,36.9738,6.88938    ,37.3681,6.96608    ,37.8442,7.02003   ,38.2414,7.05623    ,38.7048,7.11836   ,39.0865,7.13841   ,39.6421,6.93183   ,39.2421,6.51876   ,38.8633,6.41535   ,38.4055,6.31       ,38.0234,6.22801   ,37.5643,6.13648   ,37.1812,6.06522    ,36.7986,5.98943   ,36.341 ,5.88228   ,35.9625,5.77177   ,35.5832,5.66749   ,37.2996,-6.46509  ,-0.217891  ,610,135178,57.6399,10.4551,139.841,0
569 ,35.1163,5.81653   ,35.5365,6.00535    ,35.9751,6.16285  ,36.3442,6.2855    ,36.7913,6.40392   ,37.1661,6.4849    ,37.6176,6.5633     ,38.0696,6.6347    ,38.4449,6.693     ,38.8877,6.7665      ,39.3295,6.81096   ,39.7299,6.78988   ,35.1163,5.81653   ,35.3461,6.27902    ,35.7838,6.49311   ,36.1646,6.64072   ,36.6261,6.78984   ,37.0144,6.88681    ,37.484 ,6.96851    ,37.9556,7.02364   ,38.3493,7.05759    ,38.8038,7.11636   ,39.2595,7.11321   ,39.7299,6.78988   ,39.2542,6.50426   ,38.8236,6.40044   ,38.3924,6.3018     ,38.0331,6.21929   ,37.6006,6.13216   ,37.1677,6.05101    ,36.8071,5.9805    ,36.3756,5.88548   ,36.0186,5.78342   ,35.589 ,5.67174   ,37.3393,-6.4598   ,-0.208958  ,617,136281,58.2945,10.4213,144.326,0
570 ,35.09  ,5.826     ,35.5351,6.00154    ,35.9095,6.13556  ,36.3612,6.28916   ,36.7417,6.38977   ,37.2016,6.48063   ,37.5859,6.54447    ,38.0437,6.61937   ,38.4197,6.68372   ,38.872 ,6.75333     ,39.3337,6.78373   ,39.6869,6.77992   ,35.09  ,5.826     ,35.3605,6.29665    ,35.7333,6.47461   ,36.1952,6.65206   ,36.5845,6.77234   ,37.0562,6.88011    ,37.4517,6.94726    ,37.9245,7.00239   ,38.3054,7.0515     ,38.7637,7.09019   ,39.2395,7.07286   ,39.6869,6.77992   ,39.2741,6.49145   ,38.8285,6.39537   ,38.3835,6.29212    ,38.0126,6.20687   ,37.5662,6.1181    ,37.1938,6.04896    ,36.7469,5.96531   ,36.3767,5.87414   ,35.9352,5.74463   ,35.5655,5.65238   ,37.3084,-6.44317  ,-0.206386  ,612,135761,57.9604,10.3321,140.669,0
571 ,35.09  ,5.76886   ,35.5349,5.9615     ,35.9079,6.09821  ,36.2834,6.22449   ,36.7378,6.35224   ,37.1197,6.4322    ,37.5034,6.49297    ,37.9633,6.57083   ,38.3452,6.6292    ,38.7958,6.69568     ,39.1727,6.71543   ,39.5861,6.69205   ,35.09  ,5.76886   ,35.3618,6.24472    ,35.734 ,6.42573   ,36.117 ,6.58429   ,36.5824,6.74098   ,36.9755,6.83346    ,37.3714,6.89728    ,37.8469,6.96963   ,38.2447,7.00051    ,38.7028,7.04378   ,39.0851,7.03058   ,39.5861,6.69205   ,39.1095,6.39308   ,38.7385,6.33043   ,38.2958,6.22837    ,37.9263,6.14906   ,37.4823,6.06102   ,37.1112,5.99893    ,36.7411,5.92605   ,36.2991,5.81799   ,35.9328,5.71244   ,35.5653,5.61599   ,37.2759,-6.39687  ,-0.206068  ,602,133234,56.7816,10.3693,137.012,0
572 ,35.0778,5.70006   ,35.5005,5.89543    ,35.8678,6.03254  ,36.2392,6.16148   ,36.613 ,6.27496   ,37.0666,6.37065   ,37.4462,6.43505    ,37.8257,6.49813   ,38.2723,6.58267   ,38.644 ,6.64072     ,39.0932,6.68444   ,39.4295,6.68572   ,35.0778,5.70006   ,35.3057,6.1714     ,35.6693,6.35206   ,36.0505,6.50856   ,36.4353,6.64517   ,36.9024,6.77295    ,37.2963,6.83557    ,37.6909,6.88831   ,38.1514,6.95225    ,38.531 ,6.98922   ,38.9945,6.98495   ,39.4295,6.68572   ,39.0441,6.37476   ,38.6083,6.26905   ,38.2447,6.18497    ,37.8086,6.0846    ,37.444 ,6.01104   ,37.079 ,5.94295    ,36.6405,5.86552   ,36.2793,5.76309   ,35.9185,5.65781   ,35.5564,5.56364   ,37.1994,-6.34172  ,-0.217272  ,583,130198,55.131 ,10.4072,135.255,0
573 ,34.978 ,5.70461   ,35.36  ,5.86557    ,35.7633,6.03136  ,36.1767,6.17394   ,36.5825,6.29925   ,36.9747,6.38421   ,37.384 ,6.45975    ,37.7902,6.53762   ,38.1999,6.61528   ,38.6189,6.68392     ,39.025 ,6.75323   ,39.3734,6.80216   ,34.978 ,5.70461   ,35.178 ,6.1629     ,35.5816,6.36349   ,35.9813,6.53529   ,36.3541,6.6724    ,36.7055,6.77107    ,37.0978,6.85112    ,37.5191,6.92223   ,37.9568,6.99181    ,38.4198,7.04487   ,38.9007,7.06044   ,39.3734,6.80216   ,39.0196,6.42532   ,38.6795,6.30099   ,38.3046,6.21363    ,37.9265,6.12652   ,37.5333,6.04352   ,37.1099,5.97078    ,36.6874,5.89394   ,36.2636,5.77508   ,35.8456,5.6655    ,35.4393,5.52175   ,37.1547,-6.37418  ,-0.235351  ,588,129301,55.8012,11.2527,132.326,0
574 ,34.9259,5.82471   ,35.3519,5.92029    ,35.7596,6.05495  ,36.1443,6.2023    ,36.493 ,6.31064   ,36.9205,6.40272   ,37.3129,6.47685    ,37.7223,6.55461   ,38.1279,6.63319   ,38.5036,6.74091     ,38.8797,6.96735   ,39.134 ,7.22181   ,34.9259,5.82471   ,35.1936,6.24043    ,35.5581,6.39294   ,35.9115,6.53848   ,36.2204,6.66268   ,36.6198,6.78273    ,37.0051,6.86301    ,37.4236,6.92949   ,37.8505,6.99295    ,38.252 ,7.0691    ,38.6488,7.20146   ,39.134 ,7.22181   ,39.0144,6.65722   ,38.6362,6.36738   ,38.2725,6.24619    ,37.8835,6.15416   ,37.4866,6.06496   ,37.0967,5.99894    ,36.646 ,5.92642   ,36.2654,5.82565   ,35.8498,5.67532   ,35.3874,5.5678    ,37.0661,-6.40874  ,-0.261264  ,576,128298,55.2312,11.4305,129.74 ,0
575 ,34.9534,5.80228   ,35.3906,5.91335    ,35.7793,6.05456  ,36.1718,6.19301   ,36.5267,6.29672   ,36.9701,6.40078   ,37.3763,6.47497    ,37.7921,6.54704   ,38.184 ,6.65278   ,38.5317,6.83852     ,38.8006,7.1353    ,38.97  ,7.48408   ,34.9534,5.80228   ,35.2289,6.22307    ,35.5665,6.38833   ,35.9172,6.52578   ,36.2227,6.64189   ,36.601 ,6.76464    ,36.971 ,6.84438    ,37.3784,6.90343   ,37.7897,6.9646     ,38.1657,7.07673   ,38.4814,7.2941    ,38.97  ,7.48408   ,39.0457,6.86818   ,38.7896,6.52178   ,38.4534,6.2975     ,38.0686,6.1645    ,37.6429,6.08267   ,37.2091,6.00921    ,36.7087,5.91911   ,36.313 ,5.82238   ,35.8806,5.67945   ,35.4415,5.56769   ,37.13  ,-6.44032  ,-0.294358  ,583,128840,55.6314,12.4568,131.983,0
576 ,35.0154,5.85144   ,35.4654,5.93636    ,35.8482,6.08313  ,36.2496,6.21859   ,36.6855,6.33066   ,37.0657,6.42045   ,37.5083,6.50423    ,37.8899,6.58962   ,38.3243,6.77601   ,38.6139,7.01712     ,38.8102,7.3884    ,38.8368,7.7911    ,35.0154,5.85144   ,35.2869,6.25909    ,35.6091,6.40379   ,35.9451,6.53612   ,36.2878,6.6646    ,36.5981,6.76482    ,37.0132,6.85287    ,37.4051,6.90689   ,37.8545,6.97578    ,38.1865,7.10963   ,38.4805,7.42618   ,38.8368,7.7911    ,39.1075,7.23611   ,38.9598,6.83358   ,38.6784,6.51027    ,38.2455,6.23506   ,37.878 ,6.13532   ,37.4065,6.04744    ,36.9565,5.96601   ,36.4344,5.86626   ,35.9763,5.72004   ,35.5379,5.57783   ,37.1869,-6.49426  ,-0.33175   ,585,129446,57.172 ,13.7825,136.468,0
577 ,35.2674,5.94892   ,35.6792,6.02141    ,36.0847,6.15813  ,36.4762,6.29246   ,36.8907,6.40223   ,37.2677,6.48212   ,37.6567,6.56049    ,38.0862,6.68912   ,38.4548,6.91631   ,38.7255,7.19969     ,38.9533,7.51784   ,39.1351,7.86575   ,35.2674,5.94892   ,35.5129,6.32128    ,35.8365,6.49275   ,36.1569,6.63877   ,36.5096,6.76356   ,36.8554,6.84608    ,37.2362,6.9081     ,37.679 ,6.97685   ,38.062 ,7.1082     ,38.3606,7.33736   ,38.6601,7.62715   ,39.1351,7.86575   ,39.1778,7.302     ,39.0055,6.95995   ,38.7496,6.64366    ,38.3782,6.35588   ,37.9473,6.18534   ,37.552 ,6.09261    ,37.1499,6.01199   ,36.6818,5.91072   ,36.2202,5.78271   ,35.7277,5.68844   ,37.331 ,-6.57596  ,-0.373197  ,577,128082,55.6128,12.5846,131.054,0
578 ,35.4654,5.7725    ,35.8274,5.97246    ,36.1717,6.17639  ,36.5798,6.33283   ,36.9704,6.44058   ,37.3219,6.52338   ,37.7236,6.6204     ,38.0989,6.76502   ,38.4588,7.01327   ,38.7314,7.29104     ,38.9516,7.59806   ,39.0846,7.96407   ,35.4654,5.7725    ,35.6048,6.21438    ,35.9164,6.48525   ,36.2664,6.66477   ,36.583 ,6.7892    ,36.8869,6.88007    ,37.2791,6.96304    ,37.6712,7.03992   ,38.0198,7.16816    ,38.3041,7.37826   ,38.6005,7.658     ,39.0846,7.96407   ,39.2392,7.43441   ,39.0737,7.10602   ,38.7993,6.77502    ,38.4204,6.43723   ,38.0576,6.24722   ,37.6391,6.13974    ,37.2428,6.06279   ,36.7873,5.96706   ,36.3289,5.8172    ,35.95  ,5.6687    ,37.4296,-6.63547  ,-0.407206  ,561,124415,54.3785,12.9707,127.296,0
579 ,35.6061,5.94968   ,35.9968,6.07022    ,36.3496,6.243    ,36.6962,6.38549   ,37.0726,6.49556   ,37.462 ,6.59662   ,37.8459,6.6976     ,38.1888,6.83761   ,38.5159,7.09044   ,38.7918,7.37355     ,39.025 ,7.66658   ,39.1825,7.98853   ,35.6061,5.94968   ,35.8004,6.35169    ,36.108 ,6.57782   ,36.4089,6.73585   ,36.7217,6.85867   ,37.08  ,6.95334    ,37.4589,7.03487    ,37.8142,7.13606   ,38.1459,7.30462    ,38.427 ,7.51619   ,38.7117,7.76139   ,39.1825,7.98853   ,39.2689,7.47537   ,39.069 ,7.13345   ,38.7912,6.79004    ,38.4693,6.4885    ,38.1278,6.3291    ,37.7323,6.21148    ,37.3136,6.10272   ,36.8806,5.99999   ,36.4947,5.85939   ,36.0863,5.7448    ,37.5155,-6.69784  ,-0.429963  ,546,121220,52.5789,12.1157,125.296,0
580 ,35.6669,5.95391   ,36.0867,6.10162    ,36.4487,6.29475  ,36.8108,6.46112   ,37.153 ,6.57349   ,37.5305,6.66249   ,37.9558,6.77715    ,38.2767,6.94828   ,38.5942,7.20533   ,38.8881,7.49456     ,39.1332,7.78252   ,39.3735,8.08714   ,35.6669,5.95391   ,35.896 ,6.41341    ,36.2468,6.63742   ,36.5832,6.82131   ,36.8767,6.95366   ,37.2258,7.05021    ,37.6555,7.1466     ,37.9775,7.26374   ,38.2782,7.45096    ,38.5828,7.68177   ,38.8783,7.92809   ,39.3735,8.08714   ,39.313 ,7.54258   ,39.1013,7.21039   ,38.8056,6.86556    ,38.4707,6.56307   ,38.1433,6.3669    ,37.7071,6.24678    ,37.3096,6.15941   ,36.9312,6.05872   ,36.55  ,5.89651   ,36.1696,5.74261   ,37.5987,-6.77822  ,-0.455748  ,552,121772,53.9168,11.4859,125.882,0
581 ,35.6446,6.10172   ,36.0435,6.11506    ,36.421 ,6.2629   ,36.7657,6.44056   ,37.1531,6.61323   ,37.5487,6.72284   ,37.8997,6.8112     ,38.2665,6.96447   ,38.5834,7.19783   ,38.879 ,7.47571     ,39.151 ,7.78684   ,39.3744,8.06429   ,35.6446,6.10172   ,35.9055,6.44986    ,36.2518,6.62371   ,36.5828,6.81245   ,36.9249,6.98835   ,37.265 ,7.10278    ,37.5885,7.18243    ,37.9651,7.299     ,38.3068,7.48216    ,38.6206,7.71216   ,38.9278,7.97064   ,39.3744,8.06429   ,39.3015,7.51656   ,39.054 ,7.1524    ,38.7739,6.84208    ,38.4688,6.57562   ,38.0977,6.40713   ,37.7141,6.31487    ,37.2781,6.20037   ,36.8539,6.02023   ,36.4877,5.84975   ,36.0679,5.75854   ,37.5902,-6.79442  ,-0.457471  ,553,121716,53.5115,11.3759,128.125,0
582 ,35.6898,6.02814   ,36.1229,6.10379    ,36.5296,6.22118  ,36.8634,6.34699   ,37.224 ,6.53265   ,37.6007,6.71434   ,37.9982,6.83985    ,38.3813,7.03024   ,38.6647,7.25273   ,38.9898,7.56703     ,39.2226,7.82775   ,39.4846,8.1354    ,35.6898,6.02814   ,35.9789,6.44921    ,36.3454,6.58536   ,36.6545,6.71547   ,37.005 ,6.90651   ,37.3627,7.08998    ,37.7373,7.22196    ,38.1116,7.35993   ,38.3751,7.51654    ,38.6959,7.76608   ,38.9736,7.99104   ,39.4846,8.1354    ,39.3856,7.5635    ,39.1811,7.26142   ,38.8409,6.89101    ,38.5392,6.62832   ,38.1489,6.4209    ,37.7255,6.29601    ,37.3416,6.10187   ,36.9639,5.93253   ,36.5997,5.81948   ,36.1501,5.73139   ,37.6673,-6.79302  ,-0.485224  ,561,123092,54.6768,11.046 ,127.539,0
583 ,35.7593,5.89911   ,36.137 ,6.07284    ,36.5551,6.22166  ,36.9099,6.34401   ,37.2794,6.50818   ,37.6588,6.70131   ,37.9981,6.87468    ,38.402 ,7.0802    ,38.7198,7.32856   ,38.9723,7.58347     ,39.251 ,7.94379   ,39.3888,8.26269   ,35.7593,5.89911   ,35.9131,6.3591     ,36.2805,6.55832   ,36.6271,6.68488   ,36.9973,6.85314   ,37.3564,7.04035    ,37.6724,7.19038    ,38.0537,7.34348   ,38.3403,7.51329    ,38.602 ,7.71749   ,38.9696,8.03881   ,39.3888,8.26269   ,39.4661,7.75051   ,39.2468,7.34433   ,38.9929,7.04903    ,38.6475,6.75419   ,38.2245,6.50928   ,37.8667,6.31409    ,37.4626,6.1146    ,37.079 ,5.9599    ,36.7067,5.84728   ,36.2488,5.73629   ,37.6979,-6.80894  ,-0.506351  ,558,123767,54.8147,10.8857,127.539,0
584 ,35.7528,6.15812   ,36.2044,6.14552    ,36.5928,6.27899  ,36.9305,6.40535   ,37.322 ,6.56952   ,37.6836,6.7475    ,38.0883,6.94929    ,38.4003,7.14118   ,38.7395,7.41994   ,39.0126,7.68715     ,39.2796,7.99272   ,39.5175,8.30941   ,35.7528,6.15812   ,36.1163,6.5098     ,36.4717,6.63849   ,36.7697,6.77078   ,37.1404,6.95408   ,37.4897,7.14384    ,37.8546,7.32602    ,38.1288,7.46432   ,38.4245,7.66202    ,38.6933,7.8784    ,39.0207,8.14321   ,39.5175,8.30941   ,39.4582,7.74374   ,39.2287,7.38893   ,38.9399,7.07511    ,38.5636,6.7425    ,38.2218,6.52019   ,37.7757,6.30155    ,37.3951,6.13523   ,36.9772,5.99688   ,36.6043,5.87715   ,36.1766,5.75769   ,37.7269,-6.87322  ,-0.517186  ,565,125434,55.196 ,10.9091,129.196,0
585 ,35.752 ,6.11565   ,36.1967,6.18276    ,36.6035,6.3031   ,36.9334,6.42701   ,37.3326,6.60166   ,37.6812,6.77168   ,38.0608,6.98207    ,38.4044,7.22668   ,38.6951,7.47143   ,39.0254,7.78032     ,39.305 ,8.06076   ,39.5474,8.32701   ,35.752 ,6.11565   ,36.0578,6.51058    ,36.442 ,6.65362   ,36.7663,6.7902    ,37.1552,6.9821    ,37.4888,7.17689    ,37.8211,7.36137    ,38.1117,7.53738   ,38.3649,7.71368    ,38.6877,7.96323   ,39.0234,8.20645   ,39.5474,8.32701   ,39.5021,7.8279    ,39.2587,7.49612   ,38.9097,7.1271     ,38.581 ,6.82636   ,38.1889,6.53247   ,37.7698,6.31673    ,37.4134,6.17477   ,36.9945,6.02227   ,36.6507,5.91275   ,36.2188,5.83018   ,37.7504,-6.92938  ,-0.530453  ,573,125912,55.1344,11.1215,129.196,0
586 ,35.7645,6.1276    ,36.2072,6.18334    ,36.59  ,6.31219  ,36.9639,6.45141   ,37.3859,6.63485   ,37.7333,6.81368   ,38.0728,6.99935    ,38.4445,7.27492   ,38.7242,7.53239   ,39.0392,7.85693     ,39.3055,8.15156   ,39.5414,8.44886   ,35.7645,6.1276    ,36.0395,6.49805    ,36.372 ,6.63364   ,36.7039,6.77108   ,37.0978,6.96434   ,37.4432,7.15549    ,37.7659,7.34147    ,38.0877,7.53977   ,38.3411,7.73292    ,38.6783,8.0203    ,39.0249,8.29902   ,39.5414,8.44886   ,39.504 ,7.91121   ,39.3009,7.58768   ,38.9961,7.22425    ,38.6906,6.91689   ,38.2801,6.59691   ,37.9268,6.42178    ,37.5707,6.25532   ,37.1169,6.09148   ,36.7006,5.95117   ,36.2632,5.83963   ,37.7946,-6.9836   ,-0.551801  ,576,127146,55.9681,11.0978,130.024,0
587 ,35.8513,6.02417   ,36.2911,6.21783    ,36.6812,6.36974  ,37.0621,6.51467   ,37.4645,6.70453   ,37.87  ,6.91172   ,38.2482,7.14322    ,38.5823,7.42323   ,38.8609,7.70796   ,39.1595,8.05831     ,39.3892,8.37728   ,39.6437,8.72475   ,35.8513,6.02417   ,36.0672,6.5054     ,36.4164,6.66474   ,36.7459,6.81337   ,37.1086,6.9962    ,37.4942,7.19934    ,37.8548,7.40281    ,38.1824,7.64356   ,38.4855,7.90595    ,38.8463,8.24193   ,39.1491,8.54364   ,39.6437,8.72475   ,39.5593,8.11106   ,39.3832,7.76075   ,39.1262,7.3921     ,38.8703,7.09843   ,38.5315,6.80558   ,38.1411,6.5702     ,37.7219,6.36302   ,37.2727,6.17242   ,36.8328,6.03565   ,36.4087,5.87874   ,37.899 ,-7.09995  ,-0.590309  ,590,129678,58.5494,11.0692,135.681,0
588 ,36.0023,6.23157   ,36.4637,6.29589    ,36.853 ,6.47065  ,37.2427,6.63343   ,37.621 ,6.81454   ,37.9921,7.01035   ,38.3136,7.21452    ,38.6815,7.52925   ,38.959 ,7.84128   ,39.1953,8.13692     ,39.4375,8.50095   ,39.6301,8.84867   ,36.0023,6.23157   ,36.3162,6.61355    ,36.6576,6.79847   ,37.0024,6.97784   ,37.3605,7.15471   ,37.6979,7.33474    ,37.9978,7.53015    ,38.3528,7.8154    ,38.6218,8.08164    ,38.8643,8.32303   ,39.1587,8.63886   ,39.6301,8.84867   ,39.6492,8.25493   ,39.454 ,7.85325   ,39.2088,7.49744    ,38.9108,7.14407   ,38.5202,6.8214    ,38.1816,6.62775    ,37.7731,6.42095   ,37.374 ,6.24154   ,36.9355,6.09378   ,36.4994,5.93626   ,38.0072,-7.19548  ,-0.61516   ,585,128958,57.1554,10.7984,134.267,0
589 ,36.1676,6.27333   ,36.6176,6.37613    ,36.9827,6.53842  ,37.3846,6.70676   ,37.7785,6.89185   ,38.1282,7.09478   ,38.4662,7.36731    ,38.7478,7.635     ,39.0402,7.96338   ,39.2854,8.2844      ,39.5416,8.63791   ,39.6926,8.99412   ,36.1676,6.27333   ,36.448 ,6.69329    ,36.7754,6.87651   ,37.1249,7.04533   ,37.4702,7.21476   ,37.7813,7.3842     ,38.0659,7.58121    ,38.3068,7.7775    ,38.5945,8.0537     ,38.9125,8.381     ,39.2617,8.74594   ,39.6926,8.99412   ,39.7566,8.43209   ,39.5802,8.08262   ,39.3961,7.76374    ,39.0805,7.38377   ,38.7508,7.05157   ,38.3699,6.73361    ,37.9891,6.51996   ,37.5455,6.32487   ,37.0875,6.15704   ,36.6793,6.01245   ,38.1209,-7.28959  ,-0.644538  ,582,126948,56.8552,10.7597,133.095,0
590 ,36.3996,6.23849   ,36.8077,6.42293    ,37.1583,6.58831  ,37.5438,6.74289   ,37.9086,6.93124   ,38.2697,7.16528   ,38.5459,7.40109    ,38.8579,7.71806   ,39.1047,8.00213   ,39.379 ,8.32772     ,39.6503,8.63097   ,39.9068,8.90861   ,36.3996,6.23849   ,36.581 ,6.69414    ,36.8859,6.90994   ,37.2321,7.06515   ,37.5499,7.22483   ,37.8733,7.4199     ,38.1365,7.62212    ,38.4706,7.9345    ,38.7583,8.22546    ,39.0798,8.54006   ,39.4175,8.81685   ,39.9068,8.90861   ,39.8073,8.36315   ,39.5998,8.02462   ,39.3713,7.68354    ,39.1589,7.409     ,38.8636,7.09418   ,38.5748,6.84412    ,38.1769,6.58525   ,37.7628,6.38053   ,37.3303,6.22524   ,36.9354,6.09978   ,38.2309,-7.32463  ,-0.652455  ,571,126125,55.0782,11.1306,130.51 ,0
591 ,36.4911,6.2195    ,36.8702,6.41839    ,37.2624,6.62583  ,37.647 ,6.7908    ,38.0175,6.98597   ,38.3167,7.1938    ,38.6591,7.49863    ,38.9475,7.78941   ,39.2043,8.07498   ,39.4774,8.39452     ,39.7452,8.71667   ,40.0226,8.99629   ,36.4911,6.2195    ,36.6252,6.67893    ,36.9636,6.92514   ,37.3056,7.09692   ,37.6407,7.27896   ,37.9018,7.43674    ,38.21  ,7.67761    ,38.51  ,7.94595   ,38.8259,8.24253    ,39.1918,8.59004   ,39.5472,8.91797   ,40.0226,8.99629   ,39.8741,8.43248   ,39.6764,8.09695   ,39.4854,7.79569    ,39.2734,7.51555   ,38.9905,7.20829   ,38.6252,6.86717    ,38.3017,6.63947   ,37.8935,6.44174   ,37.4637,6.28196   ,37.0178,6.10081   ,38.3316,-7.37574  ,-0.669097  ,569,124802,55.9447,11.2921,129.924,0
592 ,36.6318,6.36472   ,37.015 ,6.45583    ,37.4039,6.67136  ,37.7475,6.83989   ,38.1142,7.03153   ,38.4159,7.24541   ,38.7371,7.53721    ,38.9983,7.79546   ,39.2741,8.1079    ,39.541 ,8.41841     ,39.8013,8.70597   ,40.0475,8.97395   ,36.6318,6.36472   ,36.7923,6.7618     ,37.1153,6.98199   ,37.4054,7.14071   ,37.718 ,7.30576   ,37.9867,7.4927     ,38.3031,7.76131    ,38.6026,8.03611   ,38.9598,8.36505    ,39.3037,8.66549   ,39.6249,8.90327   ,40.0475,8.97395   ,39.9054,8.43186   ,39.7027,8.08462   ,39.5109,7.76024    ,39.3105,7.46854   ,39.0803,7.22612   ,38.755 ,6.92494    ,38.4287,6.71011   ,38.0054,6.49788   ,37.606 ,6.31521   ,37.1504,6.10834   ,38.4028,-7.39372  ,-0.676867  ,561,122750,53.8948,11.716 ,125.681,0
593 ,36.7329,6.28572   ,37.1189,6.47038    ,37.4268,6.65019  ,37.7724,6.83752   ,38.1194,7.03133   ,38.4807,7.25822   ,38.7634,7.4922     ,39.0332,7.77557   ,39.2745,8.06628   ,39.5255,8.36964     ,39.7734,8.65424   ,40.026 ,8.94634   ,36.7329,6.28572   ,36.8816,6.76406    ,37.1602,6.95323   ,37.487 ,7.13618   ,37.8136,7.34316   ,38.1516,7.5791     ,38.4294,7.81481    ,38.7216,8.09754   ,38.9966,8.37926    ,39.2812,8.65359   ,39.5664,8.87837   ,40.026 ,8.94634   ,39.9117,8.34986   ,39.6979,8.00247   ,39.4778,7.66002    ,39.257 ,7.35491   ,39.0042,7.08401   ,38.7164,6.87082    ,38.338 ,6.67034   ,37.9713,6.49111   ,37.6068,6.30002   ,37.2667,6.12087   ,38.4666,-7.41243  ,-0.683425  ,547,121845,52.7492,11.4035,124.853,0
594 ,36.7784,6.23455   ,37.1527,6.45624    ,37.489 ,6.65888  ,37.7879,6.83621   ,38.1248,7.05663   ,38.4694,7.29276   ,38.7535,7.52964    ,39.0487,7.818     ,39.3211,8.12296   ,39.5611,8.41775     ,39.8086,8.71988   ,40.0058,9.00124   ,36.7784,6.23455   ,36.8766,6.73176    ,37.1652,6.94115   ,37.4379,7.10875   ,37.7483,7.31767   ,38.0571,7.53178    ,38.3081,7.72523    ,38.5945,7.97552   ,38.9072,8.26766    ,39.2223,8.56593   ,39.5588,8.87137   ,40.0058,9.00124   ,39.9927,8.48858   ,39.8233,8.17487   ,39.6492,7.87672    ,39.4059,7.5601    ,39.1011,7.24617   ,38.7921,6.98761    ,38.4172,6.74016   ,38.0532,6.51051   ,37.7268,6.32792   ,37.3486,6.1279    ,38.4722,-7.41929  ,-0.686859  ,551,122955,52.9347,11.3626,125.095,0
595 ,36.6846,6.27879   ,37.0538,6.43312    ,37.4399,6.65701  ,37.7733,6.84912   ,38.1211,7.07589   ,38.4501,7.32598   ,38.7556,7.58813    ,39.0201,7.83416   ,39.3304,8.14443   ,39.6002,8.43674     ,39.8618,8.73095   ,40.0984,9.00622   ,36.6846,6.27879   ,36.8306,6.70338    ,37.1731,6.96088   ,37.4968,7.16044   ,37.8319,7.39883   ,38.133 ,7.63274    ,38.3961,7.84469    ,38.6259,8.03896   ,38.9247,8.3065     ,39.2392,8.58889   ,39.6026,8.88043   ,40.0984,9.00622   ,40.0502,8.50331   ,39.8786,8.19209   ,39.6366,7.87948    ,39.3079,7.5278    ,39.0108,7.23873   ,38.6695,6.94003    ,38.3208,6.69105   ,37.9656,6.4878    ,37.6232,6.30458   ,37.1896,6.11564   ,38.4838,-7.45302  ,-0.683114  ,556,124318,54.2114,10.7456,125.338,0
596 ,36.6629,6.41536   ,37.1027,6.5275     ,37.4261,6.70125  ,37.8001,6.93303   ,38.1301,7.1616    ,38.4676,7.40981   ,38.7663,7.64965    ,39.1127,7.95388   ,39.3986,8.23099   ,39.6681,8.51133     ,39.942 ,8.80766   ,40.1967,9.09741   ,36.6629,6.41536   ,36.9135,6.84499    ,37.1992,7.01254   ,37.5429,7.24043   ,37.8621,7.49051   ,38.1907,7.76077    ,38.4706,7.99066    ,38.7908,8.25137   ,39.0657,8.47756    ,39.3512,8.71637   ,39.6952,8.97757   ,40.1967,9.09741   ,40.1151,8.55852   ,39.8994,8.21467   ,39.6379,7.89055    ,39.3369,7.56657   ,38.962 ,7.22572   ,38.6463,6.9837     ,38.3036,6.76643   ,37.963 ,6.563     ,37.5611,6.33704   ,37.198 ,6.16835   ,38.5237,-7.54211  ,-0.674497  ,571,125704,55.2933,11.1506,127.924,0
597 ,36.7169,6.46458   ,37.1396,6.5582     ,37.5033,6.75217  ,37.8326,6.95221   ,38.2052,7.20857   ,38.5393,7.4623    ,38.8305,7.70262    ,39.1552,7.99412   ,39.4195,8.24548   ,39.7369,8.55771     ,40.0276,8.8547    ,40.264 ,9.13757   ,36.7169,6.46458   ,36.9425,6.87163    ,37.2818,7.0668    ,37.5948,7.28021   ,37.953 ,7.55854   ,38.2674,7.81483    ,38.5393,8.04068    ,38.8565,8.30693   ,39.1281,8.53695    ,39.4497,8.80708   ,39.7786,9.0506    ,40.264 ,9.13757   ,40.2004,8.57901   ,39.9339,8.21832   ,39.6221,7.86876    ,39.3643,7.59769   ,39.0253,7.28255   ,38.7143,7.03355    ,38.3637,6.79094   ,37.9766,6.564     ,37.6318,6.38485   ,37.2473,6.20474   ,38.5883,-7.59055  ,-0.677273  ,580,127968,55.4379,11.0447,130.167,0
598 ,36.7406,6.56877   ,37.1508,6.59632    ,37.5623,6.78808  ,37.8745,6.99226   ,38.252 ,7.26671   ,38.5469,7.49302   ,38.9016,7.7837     ,39.2069,8.05398   ,39.5149,8.34334   ,39.8194,8.63646     ,40.0928,8.90918   ,40.3369,9.19646   ,36.7406,6.56877   ,37.018 ,6.92113    ,37.3846,7.12816   ,37.6921,7.35191   ,38.0665,7.65821   ,38.3613,7.91171    ,38.7161,8.22432    ,39.0172,8.49006   ,39.303 ,8.73469    ,39.5736,8.95152   ,39.8428,9.13499   ,40.3369,9.19646   ,40.2588,8.59736   ,39.9664,8.22525   ,39.6235,7.85371    ,39.2948,7.5251    ,38.985 ,7.25632   ,38.6328,6.99642    ,38.3411,6.80277   ,37.9657,6.56995   ,37.6522,6.39528   ,37.1865,6.24665   ,38.6387,-7.6492   ,-0.680454  ,592,129861,55.9374,12.3217,130.167,0
599 ,36.7426,6.54985   ,37.2006,6.61468    ,37.5784,6.80161  ,37.9547,7.04822   ,38.3482,7.33723   ,38.6906,7.60218   ,39.046 ,7.8995     ,39.3752,8.21438   ,39.6563,8.48043   ,39.9994,8.80752     ,40.2852,9.09909   ,40.5734,9.42692   ,36.7426,6.54985   ,37.0448,6.93392    ,37.3961,7.13311   ,37.7762,7.41783   ,38.1732,7.73748   ,38.5112,8.01633    ,38.8536,8.31927    ,39.1742,8.613     ,39.4464,8.83813    ,39.7718,9.09      ,40.067 ,9.30975   ,40.5734,9.42692   ,40.4189,8.79701   ,40.1179,8.41936   ,39.7496,8.0127     ,39.4726,7.71745   ,39.1475,7.39696   ,38.7575,7.09921    ,38.4092,6.85105   ,38.0237,6.60212   ,37.6543,6.40804   ,37.2454,6.25747   ,38.7388,-7.73604  ,-0.686642  ,612,133675,59.9203,11.8721,138.995,0
600 ,36.7851,6.42627   ,37.2141,6.62276    ,37.6201,6.81172  ,38.0279,7.06813   ,38.4091,7.34927   ,38.7557,7.63289   ,39.0966,7.93568    ,39.4213,8.24116   ,39.7503,8.54965   ,40.0848,8.86476     ,40.4438,9.21277   ,40.7162,9.51884   ,36.7851,6.42627   ,36.9805,6.89409    ,37.3463,7.08503   ,37.7418,7.35387   ,38.1188,7.65599   ,38.4723,7.96329    ,38.842 ,8.29243    ,39.214 ,8.62609   ,39.5639,8.92699    ,39.8783,9.17405   ,40.2314,9.42052   ,40.7162,9.51884   ,40.561 ,8.9098    ,40.1815,8.45163   ,39.8252,8.06709    ,39.5207,7.7556    ,39.2403,7.47608   ,38.9231,7.20453    ,38.5864,6.9544    ,38.2098,6.71104   ,37.7931,6.4858    ,37.3461,6.30569   ,38.8217,-7.78891  ,-0.68778   ,618,135704,61.8995,11.3194,141.238,0
601 ,36.8222,6.59219   ,37.2835,6.67664    ,37.6851,6.85744  ,38.0695,7.10567   ,38.4263,7.37156   ,38.7998,7.67249   ,39.1145,7.95005    ,39.416 ,8.23332   ,39.7806,8.57804   ,40.1072,8.88556     ,40.4164,9.16643   ,40.7315,9.44093   ,36.8222,6.59219   ,37.1129,6.98359    ,37.4731,7.18094   ,37.841 ,7.43305   ,38.1917,7.71725   ,38.5712,8.04906    ,38.9063,8.34801    ,39.2401,8.64752   ,39.6118,8.97168    ,39.9111,9.21154   ,40.2053,9.4016    ,40.7315,9.44093   ,40.5297,8.84421   ,40.1951,8.45911   ,39.8418,8.08187    ,39.4913,7.72495   ,39.2201,7.45774   ,38.9212,7.2064     ,38.5562,6.94533   ,38.1999,6.70881   ,37.8008,6.48148   ,37.3491,6.33572   ,38.8382,-7.80348  ,-0.686724  ,616,135485,60.2986,11.7266,139.238,0
602 ,36.8192,6.6156    ,37.2821,6.67312    ,37.7249,6.87361  ,38.108 ,7.13517   ,38.5105,7.44047   ,38.8698,7.72847   ,39.1769,7.99591    ,39.5301,8.32564   ,39.8732,8.65442   ,40.2234,8.99375     ,40.5401,9.307     ,40.8341,9.60267   ,36.8192,6.6156    ,37.1466,6.9852     ,37.5516,7.20708   ,37.9412,7.50299   ,38.3654,7.86079   ,38.7396,8.18581    ,39.0412,8.45145    ,39.3522,8.7246    ,39.6308,8.95593    ,39.9515,9.2099    ,40.299 ,9.46402   ,40.8341,9.60267   ,40.6833,9.05284   ,40.3806,8.6655    ,39.9991,8.24145    ,39.5942,7.8177    ,39.1899,7.43059   ,38.8782,7.16993    ,38.5385,6.92969   ,38.163 ,6.68531   ,37.7903,6.47734   ,37.3028,6.3291    ,38.8742,-7.82389  ,-0.687654  ,621,136116,62.5792,12.6525,142.652,0
603 ,36.777 ,6.59499   ,37.2679,6.66332    ,37.6778,6.84291  ,38.0793,7.10772   ,38.4512,7.38449   ,38.7888,7.658     ,39.1422,7.96783    ,39.443 ,8.24813   ,39.7989,8.5912    ,40.1393,8.9184      ,40.4463,9.20531   ,40.7668,9.49051   ,36.777 ,6.59499   ,37.1158,6.96767    ,37.4819,7.16185   ,37.8806,7.4539    ,38.2606,7.77054   ,38.6016,8.06671    ,38.9487,8.37274    ,39.2366,8.62679   ,39.5731,8.91911    ,39.8959,9.18125   ,40.2141,9.39842   ,40.7668,9.49051   ,40.5821,8.92381   ,40.2729,8.55097   ,39.9074,8.14964    ,39.5293,7.75572   ,39.2159,7.45445   ,38.8612,7.15344    ,38.5324,6.9134    ,38.1754,6.68845   ,37.7744,6.4685    ,37.3122,6.32895   ,38.8459,-7.8014   ,-0.687944  ,617,136271,61.6095,11.729 ,140.066,0
604 ,36.7877,6.41495   ,37.2347,6.63665    ,37.665 ,6.83432  ,38.0462,7.0822    ,38.3927,7.34169   ,38.7524,7.62687   ,39.1016,7.92946    ,39.4656,8.27014   ,39.7827,8.57758   ,40.1237,8.90868     ,40.4151,9.21448   ,40.6905,9.55791   ,36.7877,6.41495   ,37.006 ,6.92211    ,37.4115,7.11665   ,37.784 ,7.37574   ,38.1346,7.6631    ,38.5063,7.98286    ,38.881 ,8.30929    ,39.2768,8.65831   ,39.5633,8.91066    ,39.8706,9.15836   ,40.1685,9.39112   ,40.6905,9.55791   ,40.5765,8.94173   ,40.2658,8.55011   ,39.8903,8.13592    ,39.5532,7.78668   ,39.2106,7.44756   ,38.8782,7.17259    ,38.5329,6.93018   ,38.1964,6.70808   ,37.812 ,6.49575   ,37.3558,6.30184   ,38.8209,-7.78693  ,-0.687982  ,618,135927,62.0755,11.3155,143.238,0
605 ,36.7529,6.52654   ,37.1852,6.62767    ,37.6041,6.81832  ,37.9645,7.03271   ,38.3388,7.29914   ,38.6774,7.56196   ,39.0316,7.8632     ,39.3242,8.12983   ,39.6534,8.44947   ,39.9788,8.76951     ,40.2769,9.06386   ,40.5694,9.3528    ,36.7529,6.52654   ,37.0311,6.9555     ,37.4401,7.1579    ,37.8005,7.3919    ,38.191 ,7.70911   ,38.5451,8.01466    ,38.8996,8.32481    ,39.1754,8.56877   ,39.458 ,8.82306    ,39.7424,9.06772   ,40.0405,9.29167   ,40.5694,9.3528    ,40.4216,8.74462   ,40.108 ,8.36615   ,39.7408,7.96915    ,39.3583,7.58386   ,39.0446,7.29708   ,38.6941,7.01621    ,38.3774,6.80899   ,38.0242,6.60391   ,37.6651,6.42723   ,37.2317,6.26027   ,38.7442,-7.71952  ,-0.679533  ,609,134021,59.124 ,12.7292,137.238,0
606 ,36.7253,6.53217   ,37.1603,6.60036    ,37.5487,6.76356  ,37.9289,6.99434   ,38.2483,7.23163   ,38.6277,7.52259   ,38.9673,7.80362    ,39.2782,8.07564   ,39.5917,8.35718   ,39.8889,8.62587     ,40.2078,8.90898   ,40.494 ,9.17466   ,36.7253,6.53217   ,37.0524,6.93791    ,37.4253,7.12492   ,37.812 ,7.39302   ,38.1351,7.66811   ,38.506 ,7.99116    ,38.8392,8.27783    ,39.1323,8.53305   ,39.4141,8.76963    ,39.674 ,8.9675    ,39.9685,9.1326    ,40.494 ,9.17466   ,40.3478,8.59815   ,39.9889,8.18098   ,39.6454,7.83263    ,39.2978,7.50644   ,38.9758,7.22722   ,38.6463,6.97332    ,38.2723,6.72612   ,37.9517,6.53173   ,37.5773,6.35213   ,37.1665,6.23689   ,38.6959,-7.64712  ,-0.661448  ,596,131072,57.3649,12.9936,132.167,0
607 ,36.7205,6.47755   ,37.1645,6.58632    ,37.5264,6.73153  ,37.8614,6.92874   ,38.21  ,7.1719    ,38.5297,7.41617   ,38.8169,7.65476    ,39.1174,7.9122    ,39.4738,8.21224   ,39.7586,8.42687     ,40.1006,8.62144   ,40.4539,8.77375   ,36.7205,6.47755   ,37.0235,6.91543    ,37.3733,7.0847    ,37.7225,7.30402   ,38.0989,7.60411   ,38.4464,7.9046     ,38.745 ,8.16933    ,39.0355,8.42368   ,39.3508,8.67845    ,39.5914,8.82986   ,39.9152,8.92928   ,40.4539,8.77375   ,40.1697,8.25828   ,39.8127,7.94499   ,39.4803,7.65077    ,39.0786,7.29715   ,38.7711,7.04025   ,38.5029,6.84032    ,38.2187,6.66473   ,37.9042,6.49139   ,37.581 ,6.33021   ,37.1982,6.22579   ,38.6415,-7.56239  ,-0.637057  ,575,128184,54.3863,13.8511,126.853,0
608 ,36.7228,6.53641   ,37.1373,6.59335    ,37.5619,6.75939  ,37.9194,6.98489   ,38.2373,7.21925   ,38.5636,7.47557   ,38.894 ,7.74414    ,39.2366,8.01888   ,39.5385,8.23298   ,39.9136,8.43367     ,40.2818,8.52195   ,40.6937,8.51003   ,36.7228,6.53641   ,37.0457,6.92485    ,37.4641,7.13454   ,37.8475,7.41457   ,38.2087,7.72515   ,38.5825,8.05883    ,38.9396,8.36778    ,39.2682,8.61506   ,39.5385,8.75854    ,39.8865,8.85047   ,40.2459,8.83118   ,40.6937,8.51003   ,40.1988,8.20022   ,39.8155,7.96209   ,39.4148,7.62649    ,39.0885,7.33252   ,38.737 ,7.02872   ,38.4358,6.8055     ,38.1581,6.63072   ,37.8882,6.48381   ,37.5574,6.33132   ,37.1189,6.23789   ,38.667 ,-7.56233  ,-0.608691  ,581,128915,55.96  ,16.6097,130.267,0
609 ,36.7816,6.56782   ,37.2013,6.66018    ,37.5964,6.81002  ,38.0022,7.06923   ,38.3376,7.31989   ,38.644 ,7.5608    ,38.9758,7.83596    ,39.3188,8.11298   ,39.6786,8.34702   ,40.0472,8.49607     ,40.4715,8.5109    ,40.8871,8.44588   ,36.7816,6.56782   ,37.0742,6.96536    ,37.4686,7.17733   ,37.9138,7.48872   ,38.2699,7.79849   ,38.5862,8.08223    ,38.9269,8.37189    ,39.2646,8.6261    ,39.6151,8.79229    ,39.9961,8.85801   ,40.4422,8.81117   ,40.8871,8.44588   ,40.3813,8.22194   ,39.9751,8.10074   ,39.6189,7.83369    ,39.2573,7.51088   ,38.9119,7.20549   ,38.5953,6.95334    ,38.3094,6.76828   ,37.9917,6.57887   ,37.6175,6.39002   ,37.2111,6.32516   ,38.7766,-7.63447  ,-0.5741    ,592,131109,57.5412,14.3064,136.51 ,0
610 ,36.9149,6.47699   ,37.3288,6.66723    ,37.7055,6.83952  ,38.0792,7.08113   ,38.4065,7.32592   ,38.7377,7.5844    ,39.0742,7.85747    ,39.4147,8.11405   ,39.8398,8.33262   ,40.228 ,8.42554     ,40.6329,8.43684   ,41.0507,8.40667   ,36.9149,6.47699   ,37.144 ,6.96754    ,37.5153,7.17764   ,37.9178,7.46976   ,38.2807,7.76863   ,38.642 ,8.07155    ,38.9911,8.35876    ,39.3265,8.59619   ,39.7495,8.74314    ,40.1542,8.78023   ,40.5716,8.73128   ,41.0507,8.40667   ,40.5599,8.14578   ,40.1687,8.05338   ,39.8035,7.8736     ,39.3883,7.55343   ,39.0445,7.26418   ,38.7223,7.00889    ,38.4225,6.79928   ,38.133 ,6.61594   ,37.7892,6.44465   ,37.4052,6.32261   ,38.8762,-7.63196  ,-0.548455  ,594,131171,57.7471,13.4404,133.196,0
611 ,37.0553,6.53689   ,37.4852,6.73444    ,37.8498,6.91937  ,38.2115,7.15482   ,38.529 ,7.39049   ,38.9022,7.6828    ,39.2134,7.92605    ,39.5628,8.17008   ,39.9662,8.32947   ,40.386 ,8.38371     ,40.8069,8.39931   ,41.2008,8.40189   ,37.0553,6.53689   ,37.3152,7.01817    ,37.668 ,7.27542   ,38.0513,7.56564   ,38.3908,7.84435   ,38.771 ,8.15246    ,39.0687,8.37644    ,39.3847,8.56583   ,39.7933,8.6717     ,40.2592,8.6955    ,40.7299,8.65085   ,41.2008,8.40189   ,40.7518,8.14452   ,40.3673,8.06177   ,40.0098,7.95303    ,39.6391,7.71229   ,39.2564,7.39744   ,38.9274,7.1297     ,38.5604,6.85466   ,38.2674,6.67089   ,37.9285,6.50557   ,37.5498,6.40033   ,38.9876,-7.66084  ,-0.529537  ,580,128021,57.3911,12.6894,134.024,0
612 ,37.2092,6.6485    ,37.6308,6.80961    ,38.0057,6.99725  ,38.3138,7.19884   ,38.6689,7.46532   ,38.9779,7.7135    ,39.2823,7.95727    ,39.6367,8.18883   ,39.9834,8.31563   ,40.3804,8.38394     ,40.7796,8.41269   ,41.171 ,8.42467   ,37.2092,6.6485    ,37.4699,7.10159    ,37.8181,7.35887   ,38.1383,7.60084   ,38.523 ,7.9169    ,38.8404,8.17967    ,39.1314,8.40568    ,39.459 ,8.59063   ,39.8101,8.6734     ,40.2495,8.70997   ,40.6985,8.68584   ,41.171 ,8.42467   ,40.732 ,8.13302   ,40.3762,8.04268   ,40.0336,7.92563    ,39.7089,7.73069   ,39.3333,7.4317    ,39.0121,7.16291    ,38.7128,6.93459   ,38.388 ,6.7258    ,38.0879,6.57483   ,37.685 ,6.4724    ,39.0853,-7.69925  ,-0.527476  ,563,125764,54.6823,12.6464,126.368,0
613 ,37.3055,6.71228   ,37.7223,6.88701    ,38.1076,7.08154  ,38.4273,7.28962   ,38.7638,7.5347    ,39.1081,7.80305   ,39.4415,8.04782    ,39.7816,8.24216   ,40.1473,8.36989   ,40.5899,8.42937     ,40.9639,8.44358   ,41.361 ,8.44483   ,37.3055,6.71228   ,37.5367,7.17611    ,37.9116,7.42851   ,38.2598,7.68234   ,38.6305,7.98853   ,38.9972,8.29384    ,39.3234,8.51983    ,39.6568,8.6564    ,40.0635,8.73892    ,40.5366,8.75921   ,40.9161,8.70172   ,41.361 ,8.44483   ,40.8907,8.1796    ,40.5157,8.09312   ,40.1061,7.96835    ,39.7896,7.77173   ,39.4496,7.50007   ,39.1055,7.22395    ,38.7826,6.99334   ,38.4863,6.82277   ,38.1978,6.67243   ,37.7921,6.54881   ,39.1908,-7.75843  ,-0.505468  ,559,124810,55.5751,13.1885,128.368,0
614 ,37.4596,6.8175    ,37.88  ,6.9356     ,38.2339,7.10675  ,38.5362,7.29828   ,38.9065,7.55922   ,39.1809,7.77288   ,39.5093,8.02858    ,39.8383,8.22923   ,40.1942,8.35565   ,40.627 ,8.42223     ,40.9868,8.4536    ,41.3592,8.50673   ,37.4596,6.8175    ,37.7263,7.27636    ,38.0684,7.46725   ,38.3875,7.69805   ,38.7948,8.04187   ,39.079 ,8.28128    ,39.3873,8.50805    ,39.6945,8.64564   ,40.0718,8.72061    ,40.5438,8.75194   ,40.9157,8.72283   ,41.3592,8.50673   ,40.9414,8.17311   ,40.5873,8.08065   ,40.1939,7.96006    ,39.8695,7.75517   ,39.5233,7.46963   ,39.1724,7.17616    ,38.9103,6.99646   ,38.5823,6.83058   ,38.2999,6.68897   ,37.9314,6.5593    ,39.2857,-7.7629   ,-0.507059  ,551,122642,53.2941,13.6019,126.125,0
615 ,37.5936,6.85178   ,37.9948,7.01771    ,38.3269,7.16307  ,38.6901,7.3572    ,38.989 ,7.5375    ,39.3   ,7.75301   ,39.623 ,7.99266    ,39.9507,8.20387   ,40.2985,8.34767   ,40.6704,8.41818     ,41.0841,8.44474   ,41.441 ,8.47689   ,37.5936,6.85178   ,37.8124,7.34134    ,38.118 ,7.52196   ,38.4747,7.7203    ,38.785 ,7.92389   ,39.1083,8.16517    ,39.4331,8.40352    ,39.7599,8.58876   ,40.121 ,8.70387    ,40.5303,8.7481    ,40.9824,8.71805   ,41.441 ,8.47689   ,41.0732,8.16794   ,40.6903,8.07009   ,40.3545,7.95535    ,40.0312,7.75619   ,39.7046,7.50273   ,39.3859,7.26373    ,39.0923,7.08744   ,38.8053,6.93743   ,38.4269,6.75292   ,38.0651,6.64761   ,39.3771,-7.76305  ,-0.483662  ,546,121864,52.219 ,11.5679,125.539,0
616 ,37.5745,6.79673   ,37.9129,7.00932    ,38.2791,7.19197  ,38.6031,7.35811   ,38.9764,7.5705    ,39.2978,7.75547   ,39.6129,7.94662    ,39.9744,8.15962   ,40.3104,8.2827    ,40.6961,8.36449     ,41.1067,8.40739   ,41.4607,8.43293   ,37.5745,6.79673   ,37.708 ,7.31545    ,38.0573,7.53434   ,38.3733,7.71388   ,38.7634,7.95427   ,39.0954,8.14652    ,39.3989,8.31704    ,39.7576,8.52035   ,40.116 ,8.639      ,40.5497,8.70367   ,41.0158,8.69356   ,41.4607,8.43293   ,41.0645,8.10994   ,40.7072,8.00426   ,40.386 ,7.89289    ,40.0867,7.7463    ,39.723 ,7.51055   ,39.3935,7.30284    ,39.0826,7.12601   ,38.7256,6.94382   ,38.3938,6.79762   ,38.017 ,6.64706   ,39.3903,-7.76281  ,-0.448834  ,549,122327,52.5265,10.974 ,124.225,0
617 ,37.5865,6.76736   ,37.9331,7.03311    ,38.247 ,7.18304  ,38.6228,7.3819    ,38.9365,7.56909   ,39.287 ,7.76247   ,39.6369,7.94403    ,40.0007,8.11687   ,40.3358,8.24254   ,40.7022,8.32666     ,41.1432,8.35882   ,41.4771,8.34011   ,37.5865,6.76736   ,37.7288,7.33118    ,38.0272,7.51859   ,38.3935,7.72814   ,38.7097,7.93627   ,39.0695,8.14867    ,39.443 ,8.33837    ,39.8221,8.49532   ,40.1738,8.60717    ,40.5651,8.68189   ,41.059 ,8.66497   ,41.4771,8.34011   ,41.1037,8.04966   ,40.7124,7.94299   ,40.3816,7.84178    ,40.0724,7.69117   ,39.7298,7.49882   ,39.4057,7.32287    ,39.0603,7.14216   ,38.7457,6.97375   ,38.3597,6.79743   ,38.039 ,6.67941   ,39.4371,-7.76807  ,-0.423109  ,555,123281,52.5789,10.9351,126.468,0
618 ,37.5743,7.02439   ,37.9824,7.09561    ,38.3761,7.25042  ,38.6949,7.42797   ,39.058 ,7.63994   ,39.4265,7.83233   ,39.747 ,7.98694    ,40.1303,8.15151   ,40.4923,8.26695   ,40.8786,8.35179     ,41.2704,8.40167   ,41.6442,8.43487   ,37.5743,7.02439   ,37.8668,7.43189    ,38.2255,7.62814   ,38.5341,7.81891   ,38.8916,8.04878   ,39.2471,8.24372    ,39.5623,8.39282    ,39.9415,8.53656   ,40.3203,8.63003    ,40.7446,8.68767   ,41.1763,8.68607   ,41.6442,8.43487   ,41.2342,8.10443   ,40.8813,7.98565   ,40.5383,7.87138    ,40.2056,7.72149   ,39.8255,7.53065   ,39.4991,7.36758    ,39.1205,7.17482   ,38.7511,6.97289   ,38.417 ,6.82109   ,37.9824,6.7284    ,39.5014,-7.79178  ,-0.409754  ,565,125348,53.4628,11.1807,127.64 ,0
619 ,37.5758,6.8477    ,37.9653,7.04187    ,38.3357,7.22194  ,38.6911,7.41141   ,39.0339,7.61192   ,39.432 ,7.81955   ,39.7537,7.97247    ,40.132 ,8.13216   ,40.5403,8.25622   ,40.926 ,8.34012     ,41.3218,8.42071   ,41.7209,8.49501   ,37.5758,6.8477    ,37.7597,7.30992    ,38.1013,7.54735   ,38.4455,7.74821   ,38.7826,7.9529    ,39.1621,8.17047    ,39.4675,8.32869    ,39.8564,8.48806   ,40.2755,8.60767    ,40.6985,8.6715    ,41.1675,8.71181   ,41.7209,8.49501   ,41.3446,8.10763   ,41.0239,7.98199   ,40.6812,7.87381    ,40.2986,7.73455   ,39.9313,7.5673    ,39.5977,7.41612    ,39.189 ,7.21781   ,38.8364,7.01599   ,38.4675,6.8467    ,38.0619,6.71924   ,39.5694,-7.80564  ,-0.406677  ,569,126804,55.128 ,10.9342,128.811,0
620 ,37.6532,7.00896   ,38.0673,7.09339    ,38.461 ,7.26172  ,38.8165,7.46972   ,39.1718,7.67536   ,39.4926,7.84266   ,39.8758,8.01224    ,40.2777,8.15111   ,40.6533,8.24937   ,41.0658,8.32304     ,41.4821,8.3733    ,41.8513,8.42021   ,37.6532,7.00896   ,37.9395,7.42601    ,38.3028,7.63168   ,38.6661,7.86535   ,39.0254,8.08459   ,39.3427,8.24901    ,39.7047,8.41219    ,40.1007,8.54775   ,40.4966,8.63862    ,40.9326,8.69739   ,41.3707,8.68355   ,41.8513,8.42021   ,41.4574,8.04671   ,41.0592,7.92759   ,40.6784,7.83185    ,40.3372,7.71706   ,39.9357,7.56767   ,39.534 ,7.38432    ,39.2143,7.20705   ,38.8669,7.01482   ,38.5126,6.83499   ,38.0781,6.72656   ,39.6652,-7.81193  ,-0.384886  ,584,129722,54.9472,11.0089,130.811,0
621 ,37.6501,6.87817   ,38.0737,7.08602    ,38.4802,7.27792  ,38.8163,7.45594   ,39.2032,7.68672   ,39.6015,7.88769   ,39.9616,8.0369     ,40.3972,8.18901   ,40.8148,8.29017   ,41.263 ,8.3523      ,41.6482,8.37513   ,42.0542,8.38058   ,37.6501,6.87817   ,37.8757,7.38558    ,38.2743,7.60708   ,38.6165,7.81008   ,39.0156,8.0637    ,39.3972,8.26733    ,39.7308,8.4224     ,40.1817,8.57174   ,40.6424,8.66055    ,41.1337,8.70015   ,41.5612,8.66939   ,42.0542,8.38058   ,41.5824,8.07318   ,41.24  ,7.99131   ,40.8415,7.89227    ,40.4841,7.76506   ,40.0703,7.60506   ,39.6891,7.45417    ,39.2798,7.24482   ,38.9055,7.03874   ,38.5718,6.89209   ,38.1531,6.73436   ,39.7293,-7.82894  ,-0.37242   ,592,131636,57.9555,10.8543,135.64 ,0
622 ,37.7807,6.98591   ,38.2346,7.17875    ,38.6067,7.3482   ,38.9742,7.54406   ,39.3415,7.74239   ,39.7145,7.91502   ,40.0937,8.05485    ,40.4765,8.17007   ,40.9323,8.28075   ,41.3114,8.35416     ,41.7657,8.44722   ,42.1202,8.5183    ,37.7807,6.98591   ,38.0561,7.46974    ,38.4221,7.69327   ,38.7938,7.91721   ,39.1676,8.1329    ,39.5483,8.3184     ,39.9374,8.4616     ,40.3319,8.56799   ,40.7984,8.65719    ,41.1828,8.69821   ,41.6513,8.72448   ,42.1202,8.5183    ,41.7303,8.13532   ,41.2883,7.9808    ,40.9144,7.87309    ,40.4667,7.73494   ,40.0976,7.59595   ,39.7301,7.4491     ,39.368 ,7.27433   ,39.0076,7.09204   ,38.6422,6.93403   ,38.2684,6.82714   ,39.8612,-7.86934  ,-0.360023  ,609,133768,56.8173,10.8919,137.983,0
623 ,37.872 ,7.01811   ,38.2684,7.19011    ,38.6429,7.36633  ,39.0149,7.56407   ,39.3863,7.76516   ,39.7629,7.94351   ,40.1457,8.08918    ,40.5334,8.20387   ,40.9243,8.29242   ,41.3153,8.36733     ,41.7701,8.46173   ,42.1158,8.55556   ,37.872 ,7.01811   ,38.0847,7.47068    ,38.448 ,7.70718   ,38.8223,7.93223   ,39.1982,8.15049   ,39.5819,8.33562    ,39.9723,8.48639    ,40.3693,8.59439   ,40.7692,8.67748    ,41.1728,8.7139    ,41.6384,8.73093   ,42.1158,8.55556   ,41.7544,8.15227   ,41.3023,7.99133   ,40.9228,7.87621    ,40.5417,7.77265   ,40.1659,7.6344    ,39.7921,7.48538    ,39.4245,7.30511   ,39.059 ,7.11518   ,38.6871,6.95637   ,38.3073,6.85008   ,39.8987,-7.89326  ,-0.361951  ,597,132204,55.7247,10.7417,137.054,0
624 ,37.9374,7.06131   ,38.3213,7.22795    ,38.7631,7.44443  ,39.1307,7.64194   ,39.4251,7.79855   ,39.8756,7.99237   ,40.2568,8.12122    ,40.6403,8.23498   ,41.0274,8.31563   ,41.407 ,8.38986     ,41.8606,8.4755    ,42.221 ,8.53712   ,37.9374,7.06131   ,38.1466,7.49932    ,38.5773,7.7899    ,38.95  ,8.01353   ,39.2508,8.18126   ,39.7121,8.38741    ,40.1027,8.52635    ,40.4983,8.63101   ,40.8979,8.69741    ,41.288 ,8.73734   ,41.7514,8.74862   ,42.221 ,8.53712   ,41.8196,8.16862   ,41.3737,8.02359   ,41.0017,7.90578    ,40.629 ,7.79262   ,40.2577,7.67011   ,39.8876,7.53944    ,39.4507,7.3441    ,39.1647,7.18932   ,38.8019,7.02024   ,38.3535,6.89377   ,39.9932,-7.93184  ,-0.348502  ,599,133113,55.9891,10.6719,139.296,0
625 ,37.9761,7.08207   ,38.4204,7.23854    ,38.7945,7.41907  ,39.1903,7.65787   ,39.567 ,7.86301   ,39.9611,8.0372    ,40.4139,8.17379    ,40.835 ,8.27854   ,41.2141,8.34953   ,41.6273,8.4328      ,42.0587,8.52061   ,42.4831,8.59176   ,37.9761,7.08207   ,38.2461,7.54695    ,38.5986,7.78524   ,38.9977,8.03377   ,39.3797,8.25839   ,39.7657,8.43538    ,40.2171,8.56993    ,40.6632,8.66066   ,41.0701,8.72063    ,41.5221,8.77427   ,41.9733,8.79239   ,42.4831,8.59176   ,42.021 ,8.22455   ,41.6054,8.06448   ,41.2068,7.95121    ,40.8592,7.86497   ,40.4783,7.73954   ,40.0352,7.59512    ,39.6477,7.41308   ,39.273 ,7.21606   ,38.8709,6.9884    ,38.4675,6.87697   ,40.1093,-7.96437  ,-0.347056  ,599,130724,58.8034,10.8759,137.296,0
626 ,38.1929,7.13272   ,38.6169,7.29433    ,38.9811,7.48257  ,39.36  ,7.70784   ,39.7158,7.89524   ,40.102 ,8.05052   ,40.4709,8.1601     ,40.9141,8.26639   ,41.3083,8.34343   ,41.6797,8.41954     ,42.0877,8.50837   ,42.4711,8.65201   ,38.1929,7.13272   ,38.4271,7.57574    ,38.7569,7.82256   ,39.1394,8.07445   ,39.4947,8.27607   ,39.8576,8.43886    ,40.2171,8.54829    ,40.6901,8.65278   ,41.1346,8.71874    ,41.5447,8.75272   ,41.963 ,8.7653    ,42.4711,8.65201   ,42.096 ,8.2208    ,41.6965,8.06324   ,41.3496,7.94132    ,41.0099,7.85501   ,40.5993,7.73715   ,40.2289,7.62231    ,39.8346,7.46462   ,39.4772,7.28108   ,39.088 ,7.07543   ,38.6848,6.95915   ,40.2289,-7.98079  ,-0.339201  ,571,125493,56.0825,11.0011,131.882,0
627 ,38.4953,7.32742   ,38.8959,7.4699     ,39.253 ,7.6339   ,39.5874,7.82093   ,39.9148,7.9773    ,40.2667,8.09799   ,40.6434,8.20393    ,41.0507,8.30037   ,41.4252,8.38131   ,41.8134,8.46603     ,42.186 ,8.52629   ,42.5358,8.55716   ,38.4953,7.32742   ,38.7237,7.78001    ,39.0422,7.99888   ,39.3624,8.1945    ,39.6676,8.36166   ,39.9892,8.49349    ,40.3574,8.59647    ,40.776 ,8.68097   ,41.1825,8.73661    ,41.6266,8.77868   ,42.0767,8.78082   ,42.5358,8.55716   ,42.1762,8.25529   ,41.8707,8.12581   ,41.5401,7.99906    ,41.2053,7.89244   ,40.8182,7.78252   ,40.4408,7.67016    ,40.0657,7.55413   ,39.7197,7.39502   ,39.3643,7.21789   ,38.9651,7.11823   ,40.4029,-8.05653  ,-0.319184  ,547,120454,52.2013,11.5169,123.154,0
628 ,38.6789,7.48083   ,39.0846,7.57657    ,39.4324,7.7073   ,39.7676,7.8694    ,40.0966,8.02645   ,40.4443,8.15743   ,40.7705,8.25297    ,41.1877,8.34809   ,41.5526,8.42612   ,41.9143,8.49704     ,42.2702,8.56451   ,42.5878,8.64003   ,38.6789,7.48083   ,38.9281,7.91895    ,39.2388,8.06579   ,39.5522,8.23944   ,39.8614,8.41621   ,40.1787,8.55916    ,40.4847,8.65828    ,40.9049,8.74656   ,41.3084,8.80186    ,41.7262,8.82981   ,42.1402,8.83093   ,42.5878,8.64003   ,42.2842,8.2753    ,41.9806,8.13871   ,41.6756,8.02502    ,41.3486,7.92343   ,40.943 ,7.81805   ,40.6068,7.72103    ,40.2361,7.59556   ,39.8896,7.45053   ,39.5273,7.30751   ,39.1412,7.20452   ,40.5465,-8.10936  ,-0.308599  ,535,117771,50.2396,11.7379,120.326,0
629 ,38.741 ,7.49419   ,39.1308,7.62913    ,39.4919,7.7539   ,39.8342,7.89102   ,40.1611,8.06023   ,40.4925,8.20656   ,40.8507,8.32105    ,41.1977,8.39832   ,41.5747,8.46521   ,41.9686,8.5259      ,42.3556,8.56815   ,42.6783,8.57892   ,38.741 ,7.49419   ,38.9713,7.93906    ,39.2983,8.11501   ,39.6142,8.2533    ,39.9177,8.42662   ,40.2216,8.5929     ,40.5522,8.72045    ,40.8958,8.80055   ,41.3146,8.8449     ,41.8008,8.86721   ,42.2748,8.83043   ,42.6783,8.57892   ,42.3128,8.29476   ,42.0046,8.16704   ,41.7029,8.06007    ,41.3791,7.9727    ,41.0407,7.89266   ,40.667 ,7.78287    ,40.3115,7.64555   ,39.959 ,7.48506   ,39.584 ,7.35745   ,39.188 ,7.28259   ,40.6394,-8.16966  ,-0.311214  ,537,117468,50.5294,11.788 ,118.912,0
630 ,38.6927,7.62963   ,39.0959,7.70428    ,39.4497,7.78474  ,39.8171,7.88773   ,40.1462,8.02511   ,40.5063,8.20835   ,40.8555,8.34601    ,41.2059,8.435     ,41.5893,8.50511   ,41.9724,8.56365     ,42.3315,8.5995    ,42.6838,8.61743   ,38.6927,7.62963   ,38.9782,8.01591    ,39.2964,8.1608    ,39.6565,8.28267   ,39.9775,8.42881   ,40.3291,8.61022    ,40.6685,8.74834    ,41.0178,8.83689   ,41.4187,8.89921    ,41.8291,8.93983   ,42.2317,8.90934   ,42.6838,8.61743   ,42.3152,8.27987   ,41.9916,8.17217   ,41.6302,8.08994    ,41.2714,8.00629   ,40.9349,7.90925   ,40.5921,7.76158    ,40.2237,7.57729   ,39.8789,7.46105   ,39.4886,7.38074   ,39.0964,7.36765   ,40.6533,-8.19265  ,-0.300051  ,534,118217,50.8281,10.8964,121.154,0
631 ,38.7605,7.71529   ,39.134 ,7.80186    ,39.4975,7.89758  ,39.8895,8.02838   ,40.2378,8.169     ,40.5672,8.31821   ,40.9131,8.45956    ,41.3198,8.5611    ,41.6937,8.60641   ,42.0779,8.62215     ,42.4453,8.64842   ,42.7749,8.69741   ,38.7605,7.71529   ,39.0098,8.10851    ,39.3468,8.28276   ,39.728 ,8.44079   ,40.0706,8.59082   ,40.4165,8.7344     ,40.7828,8.86982    ,41.1994,8.97365   ,41.5713,9.01036    ,41.9622,8.98209   ,42.3504,8.94321   ,42.7749,8.69741   ,42.4236,8.34052   ,42.0657,8.25736   ,41.6897,8.19351    ,41.3168,8.12587   ,40.9383,8.01248   ,40.6244,7.8587     ,40.3088,7.70589   ,39.9451,7.57743   ,39.5291,7.47754   ,39.1384,7.46697   ,40.6749,-8.27969  ,-0.279267  ,545,120036,51.1002,11.2395,122.912,0
632 ,38.7387,7.76568   ,39.1725,7.85217    ,39.5089,7.96214  ,39.8652,8.08455   ,40.2435,8.24892   ,40.6003,8.39076   ,40.998 ,8.52328    ,41.3947,8.6038    ,41.7639,8.62992   ,42.1314,8.63231     ,42.5382,8.62174   ,42.8856,8.59179   ,38.7387,7.76568   ,39.0487,8.19133    ,39.3888,8.32968   ,39.7657,8.4903    ,40.1482,8.68049   ,40.5014,8.83285    ,40.9137,8.95286    ,41.3287,9.01536   ,41.7055,9.0252     ,42.0774,8.99572   ,42.4918,8.9205    ,42.8856,8.59179   ,42.457 ,8.32735   ,42.0415,8.27009   ,41.6725,8.2291     ,41.3208,8.17226   ,40.9608,8.05856   ,40.5934,7.90928    ,40.2422,7.77466   ,39.8685,7.64445   ,39.5197,7.55566   ,39.1833,7.48324   ,40.7292,-8.33687  ,-0.259212  ,544,120742,52.5952,11.3831,125.74 ,0
633 ,38.7915,7.74849   ,39.2253,7.8024     ,39.5831,7.88989  ,39.9763,8.03268   ,40.3518,8.19143   ,40.7226,8.33663   ,41.1353,8.45522    ,41.5424,8.52354   ,41.9145,8.5501    ,42.3516,8.56338     ,42.7358,8.59842   ,43.073 ,8.70257   ,38.7915,7.74849   ,39.1072,8.1157     ,39.4256,8.24742   ,39.788 ,8.40784   ,40.1562,8.59061   ,40.5187,8.74842    ,40.9324,8.87051    ,41.362 ,8.92769   ,41.7443,8.93668    ,42.1951,8.90577   ,42.5994,8.86683   ,43.073 ,8.70257   ,42.7552,8.30985   ,42.3671,8.21677   ,41.9344,8.15644    ,41.5815,8.10222   ,41.2125,8.01039   ,40.8176,7.88597    ,40.4421,7.7482    ,40.0542,7.61329   ,39.6246,7.4974    ,39.2222,7.46827   ,40.8623,-8.27551  ,-0.24636   ,563,124594,54.2435,11.1945,126.912,0
634 ,38.9699,7.60482   ,39.3772,7.73703    ,39.7454,7.86407  ,40.1358,8.02394   ,40.5108,8.18932   ,40.8745,8.30994   ,41.2846,8.40796    ,41.6964,8.47167   ,42.0803,8.51676   ,42.464 ,8.55208     ,42.8788,8.59229   ,43.2638,8.60916   ,38.9699,7.60482   ,39.1936,8.04725    ,39.5073,8.20581   ,39.8581,8.37181   ,40.2133,8.53857   ,40.5373,8.67357    ,40.9151,8.78257    ,41.3363,8.84021   ,41.7672,8.87933    ,42.2236,8.88666   ,42.7511,8.85935   ,43.2638,8.60916   ,42.8774,8.31354   ,42.5548,8.20323   ,42.2375,8.13936    ,41.9093,8.08201   ,41.529 ,8.0083    ,41.1032,7.91449    ,40.7102,7.80199   ,40.3207,7.6336    ,39.8796,7.48565   ,39.456 ,7.39073   ,40.9812,-8.23712  ,-0.253741  ,569,126872,54.53  ,12.1187,127.255,0
635 ,39.0209,7.74878   ,39.4476,7.78078    ,39.8691,7.89776  ,40.2414,8.05436   ,40.5932,8.20915   ,40.9879,8.3332    ,41.4377,8.43317    ,41.8012,8.48795   ,42.2535,8.54188   ,42.6079,8.59184     ,43.0518,8.67216   ,43.4049,8.78505   ,39.0209,7.74878   ,39.3247,8.07942    ,39.6795,8.25557   ,40.0329,8.42244   ,40.3653,8.58047   ,40.7309,8.71256    ,41.1554,8.81953    ,41.5194,8.87488   ,42.0027,8.91555    ,42.3968,8.94304   ,42.9055,8.94716   ,43.4049,8.78505   ,43.0793,8.37029   ,42.6819,8.22082   ,42.3552,8.15109    ,41.9333,8.08113   ,41.583 ,8.02134   ,41.1266,7.92138    ,40.7157,7.7978    ,40.3504,7.63948   ,39.9424,7.49932   ,39.4489,7.46148   ,41.1493,-8.27708  ,-0.24981   ,575,127591,55.6056,11.1053,129.497,0
636 ,39.3005,7.57325   ,39.7076,7.77884    ,40.0646,7.94893  ,40.4017,8.11022   ,40.8019,8.2654    ,41.1949,8.37025   ,41.5707,8.44228    ,41.9764,8.50518   ,42.3958,8.56583   ,42.8113,8.63199     ,43.2003,8.71395   ,43.5505,8.84555   ,39.3005,7.57325   ,39.4808,8.04716    ,39.798 ,8.27658   ,40.1209,8.4534    ,40.4958,8.62164   ,40.8496,8.73825    ,41.2018,8.81399    ,41.6087,8.87342   ,42.0633,8.92156    ,42.5415,8.96521   ,43.0121,8.99656   ,43.5505,8.84555   ,43.2663,8.40015   ,42.9445,8.27544   ,42.5884,8.18938    ,42.2059,8.11669   ,41.8095,8.04834   ,41.4216,7.97563    ,41.0034,7.87451   ,40.5867,7.7224    ,40.2327,7.57429   ,39.8306,7.4594    ,41.3345,-8.31133  ,-0.246721  ,568,126269,54.8461,11.9889,128.912,0
637 ,39.5732,7.85622   ,39.9808,7.96752    ,40.3293,8.09597  ,40.6908,8.24731   ,41.0826,8.37233   ,41.4787,8.45474   ,41.8502,8.51485    ,42.2446,8.56992   ,42.639 ,8.62667   ,43.0175,8.68459     ,43.3733,8.75053   ,43.7447,8.82724   ,39.5732,7.85622   ,39.8053,8.27882    ,40.1009,8.46573   ,40.4344,8.61626   ,40.7827,8.74657   ,41.1398,8.83701    ,41.4989,8.89688    ,41.9088,8.94416   ,42.3581,8.97936    ,42.8127,9.00266   ,43.2434,9.02341   ,43.7447,8.82724   ,43.3918,8.45796   ,43.099 ,8.34713   ,42.7901,8.25471    ,42.4475,8.17734   ,42.0739,8.11377   ,41.6994,8.0509     ,41.2771,7.97104   ,40.8569,7.84225   ,40.4628,7.68816   ,40.0534,7.62265   ,41.5262,-8.39113  ,-0.224548  ,555,123500,52.7406,11.9157,123.841,0
638 ,39.7377,7.89343   ,40.132 ,8.051      ,40.5039,8.19209  ,40.8619,8.32309   ,41.2062,8.41131   ,41.5892,8.48236   ,41.9939,8.54336    ,42.3836,8.59675   ,42.7874,8.65457   ,43.1463,8.70959     ,43.5491,8.7626    ,43.8849,8.76759   ,39.7377,7.89343   ,39.9628,8.3622     ,40.3011,8.56901   ,40.642 ,8.71068   ,40.977 ,8.80898   ,41.3622,8.88783    ,41.781 ,8.95188    ,42.1938,8.99693   ,42.6045,9.01672    ,43.0132,9.02635   ,43.4868,9.01177   ,43.8849,8.76759   ,43.503 ,8.50052   ,43.1584,8.37537   ,42.8545,8.27466    ,42.4557,8.17798   ,42.0711,8.11556   ,41.684 ,8.05515    ,41.3147,7.98721   ,40.975 ,7.90166   ,40.6051,7.7752    ,40.1915,7.69804   ,41.6613,-8.43939  ,-0.207221  ,546,121318,52.3177,10.9481,124.083,0
639 ,39.7666,8.05072   ,40.1742,8.14227    ,40.5423,8.25594  ,40.8832,8.394     ,41.2587,8.51078   ,41.6397,8.58214   ,41.9862,8.62864    ,42.4089,8.67578   ,42.7447,8.71811   ,43.1238,8.76448     ,43.5375,8.8173    ,43.8845,8.85535   ,39.7666,8.05072   ,40.0296,8.47541    ,40.355 ,8.6327    ,40.6741,8.77439   ,41.0172,8.90574   ,41.3704,8.99111    ,41.7112,9.04149    ,42.1522,9.08037   ,42.52  ,9.10517    ,42.9561,9.10781   ,43.4405,9.08244   ,43.8845,8.85535   ,43.5211,8.53822   ,43.1687,8.40576   ,42.8378,8.31528    ,42.5264,8.25633   ,42.1203,8.19852   ,41.7752,8.15246    ,41.3844,8.08681   ,40.9937,7.9753    ,40.6289,7.84188   ,40.2111,7.78296   ,41.711 ,-8.52116  ,-0.197662  ,541,119893,51.6802,11.4918,121.841,0
640 ,39.7827,8.07083   ,40.1614,8.15684    ,40.5355,8.28536  ,40.8987,8.42046   ,41.265 ,8.55206   ,41.684 ,8.65574   ,42.02  ,8.70844    ,42.4117,8.75622   ,42.8328,8.79931   ,43.2084,8.82751     ,43.5984,8.83805   ,43.9304,8.80822   ,39.7827,8.07083   ,40.0645,8.49724    ,40.4535,8.68213   ,40.8081,8.8254    ,41.1675,8.96572   ,41.5851,9.07721    ,41.9174,9.1339     ,42.2841,9.17889   ,42.6573,9.1939     ,43.0495,9.16702   ,43.5109,9.09706   ,43.9304,8.80822   ,43.5595,8.57977   ,43.2376,8.48039   ,42.8888,8.39319    ,42.4135,8.3193    ,41.9862,8.26387   ,41.6544,8.20915    ,41.2538,8.10302   ,40.8863,7.97711   ,40.5129,7.84928   ,40.1495,7.78897   ,41.7622,-8.58285  ,-0.203631  ,536,119321,52.1462,10.7037,124.326,0
641 ,39.7821,8.16247   ,40.1662,8.20908    ,40.5917,8.28124  ,40.9388,8.36609   ,41.295 ,8.49465   ,41.6482,8.62143   ,42.0615,8.71419    ,42.4632,8.76863   ,42.8166,8.79686   ,43.239 ,8.8151      ,43.5677,8.82472   ,43.9408,8.81439   ,39.7821,8.16247   ,40.0844,8.53236    ,40.4704,8.66971   ,40.7887,8.76416   ,41.1343,8.8898    ,41.4875,9.01709    ,41.8931,9.11548    ,42.2849,9.16696   ,42.6436,9.19072    ,43.0982,9.16744   ,43.4792,9.11477   ,43.9408,8.81439   ,43.5302,8.53218   ,43.2418,8.45755   ,42.8469,8.39462    ,42.5016,8.35018   ,42.1033,8.2912    ,41.702 ,8.19322    ,41.3587,8.06038   ,40.9784,7.93606   ,40.5918,7.8689    ,40.1313,7.86935   ,41.7997,-8.57456  ,-0.205167  ,539,120753,51.9941,10.5381,123.012,0
642 ,39.8277,8.1047    ,40.2292,8.16471    ,40.6408,8.2707   ,41.0417,8.39416   ,41.3833,8.49804   ,41.8048,8.60697   ,42.189 ,8.68835    ,42.5803,8.75624   ,42.9633,8.80149   ,43.3908,8.81756     ,43.7446,8.81964   ,44.1199,8.793     ,39.8277,8.1047    ,40.119 ,8.52866    ,40.5307,8.64562   ,40.9158,8.77227   ,41.2412,8.88516   ,41.6438,9.00759    ,42.0313,9.09073    ,42.425 ,9.15493   ,42.7728,9.18893    ,43.2202,9.15406   ,43.636 ,9.08692   ,44.1199,8.793     ,43.7166,8.55385   ,43.4162,8.47765   ,43.0184,8.40474    ,42.6071,8.33695   ,42.2165,8.26025   ,41.8414,8.17713    ,41.4099,8.07744   ,41.0546,7.98033   ,40.6339,7.86198   ,40.2251,7.77774   ,41.8809,-8.55857  ,-0.202414  ,547,123192,53.6861,10.4695,126.669,0
643 ,39.8548,8.12681   ,40.2751,8.1654     ,40.669 ,8.25648  ,41.0569,8.36615   ,41.438 ,8.47915   ,41.7801,8.5661    ,42.2051,8.6539     ,42.5874,8.71739   ,42.9849,8.76865   ,43.396 ,8.806       ,43.7299,8.82807   ,44.1237,8.85152   ,39.8548,8.12681   ,40.1798,8.50432    ,40.5457,8.63307   ,40.9143,8.73921   ,41.2666,8.85841   ,41.5763,8.95836    ,41.9734,9.05655    ,42.3479,9.12017   ,42.7573,9.15313    ,43.219 ,9.16187   ,43.6095,9.12628   ,44.1237,8.85152   ,43.7207,8.52162   ,43.4362,8.44023   ,43.0741,8.36446    ,42.6975,8.29529   ,42.3123,8.22797   ,41.867 ,8.14651    ,41.4991,8.06875   ,41.0903,7.96061   ,40.6801,7.85031   ,40.2594,7.80756   ,41.9341,-8.54047  ,-0.20463   ,557,124514,53.2922,10.9881,127.255,0
644 ,39.9599,8.10714   ,40.3994,8.16904    ,40.8133,8.27079  ,41.1586,8.37408   ,41.5508,8.49681   ,41.9788,8.59966   ,42.3912,8.66879    ,42.7498,8.72145   ,43.1783,8.78182   ,43.5931,8.84244     ,43.9846,8.87157   ,44.3436,8.86793   ,39.9599,8.10714   ,40.2825,8.51211    ,40.6576,8.64295   ,40.9817,8.74429   ,41.3522,8.87065   ,41.7465,8.98923    ,42.1489,9.06488    ,42.5255,9.11319   ,43.0043,9.15568    ,43.4814,9.19205   ,43.9207,9.16767   ,44.3436,8.86793   ,43.9237,8.57016   ,43.5695,8.47693   ,43.2115,8.38814    ,42.8299,8.30903   ,42.4919,8.25115   ,42.0815,8.18389    ,41.635 ,8.08978   ,41.2234,7.96788   ,40.8506,7.86695   ,40.4011,7.80218   ,42.065 ,-8.55582  ,-0.206275  ,570,127247,54.7847,10.8304,129.841,0
645 ,40.1751,8.06467   ,40.5805,8.19423    ,40.9615,8.31388  ,41.3439,8.4295    ,41.7275,8.53635   ,42.1141,8.6176    ,42.5025,8.67942    ,42.9601,8.74478   ,43.3404,8.79705   ,43.7262,8.84551     ,44.1135,8.85955   ,44.4743,8.84659   ,40.1751,8.06467   ,40.433 ,8.49045    ,40.8131,8.66504   ,41.2025,8.80118   ,41.5938,8.92534   ,41.9891,9.01964    ,42.3864,9.09424    ,42.8502,9.16224   ,43.2329,9.19722    ,43.6254,9.21414   ,44.0249,9.17193   ,44.4743,8.84659   ,44.0477,8.54879   ,43.6718,8.46171   ,43.2955,8.37754    ,42.9178,8.30809   ,42.4628,8.24582   ,42.0844,8.183      ,41.7074,8.10653   ,41.332 ,8.01299   ,40.9578,7.91191   ,40.5795,7.85361   ,42.2781,-8.58713  ,-0.191117  ,580,128623,53.9123,10.5084,130.426,0
646 ,40.3382,8.07122   ,40.7393,8.21013    ,41.1183,8.33905  ,41.5007,8.45251   ,41.885 ,8.55207   ,42.2718,8.62876   ,42.6602,8.68865    ,43.118 ,8.74762   ,43.4987,8.78162   ,43.8852,8.79974     ,44.273 ,8.80397   ,44.6444,8.79214   ,40.3382,8.07122   ,40.5908,8.50733    ,40.9673,8.69539   ,41.3562,8.83255   ,41.7497,8.93921   ,42.1449,9.03149    ,42.5424,9.10057    ,43.0071,9.15439   ,43.3901,9.16672    ,43.782 ,9.15379   ,44.1803,9.09445   ,44.6444,8.79214   ,44.2108,8.51484   ,43.8331,8.44719   ,43.455 ,8.38387    ,43.0768,8.32099   ,42.6222,8.25888   ,42.244 ,8.19597    ,41.8665,8.12588   ,41.4915,8.03214   ,41.1174,7.93158   ,40.7401,7.86128   ,42.4126,-8.58061  ,-0.171171  ,573,128733,53.95  ,10.3691,131.255,0
647 ,40.3954,8.09657   ,40.7949,8.21198    ,41.1743,8.33518  ,41.5576,8.44843   ,41.9428,8.54726   ,42.3313,8.61531   ,42.7205,8.67586    ,43.1032,8.73459   ,43.5613,8.78396   ,43.9477,8.80546     ,44.334 ,8.82777   ,44.679 ,8.85657   ,40.3954,8.09657   ,40.6474,8.51107    ,41.0193,8.69563   ,41.4065,8.82707   ,41.7969,8.93688   ,42.1915,9.0089     ,42.5862,9.07956    ,42.9722,9.13558   ,43.4296,9.16425    ,43.8164,9.15447   ,44.2135,9.1186    ,44.679 ,8.85657   ,44.304 ,8.51984   ,43.923 ,8.45085   ,43.5401,8.39188    ,43.0818,8.30877   ,42.699 ,8.24992   ,42.3161,8.19144    ,41.9342,8.12174   ,41.5548,8.02808   ,41.1763,7.92766   ,40.7939,7.8694    ,42.4691,-8.57963  ,-0.174495  ,577,128918,53.5914,10.2684,131.012,0
648 ,40.4705,8.10905   ,40.8597,8.23485    ,41.2345,8.34886  ,41.6879,8.47251   ,42.0684,8.55313   ,42.4506,8.6163    ,42.8337,8.66866    ,43.2102,8.72222   ,43.5851,8.76171   ,44.0391,8.79576     ,44.4198,8.79197   ,44.767 ,8.7552    ,40.4705,8.10905   ,40.7183,8.52952    ,41.093 ,8.71155   ,41.5574,8.86305   ,41.9487,8.95958   ,42.3426,9.02976    ,42.7375,9.08945    ,43.1238,9.13331   ,43.5048,9.14503    ,43.9666,9.13705   ,44.3616,9.08156   ,44.767 ,8.7552    ,44.3288,8.50674   ,43.9588,8.4447    ,43.5157,8.36114    ,43.1463,8.29342   ,42.7764,8.23053   ,42.4056,8.1798     ,42.036 ,8.11379   ,41.6664,8.04723   ,41.2258,7.93943   ,40.8552,7.89506   ,42.5283,-8.57471  ,-0.162499  ,576,128182,53.6844,10.5448,131.841,0
649 ,40.5345,8.20651   ,40.9837,8.29966    ,41.3658,8.38545  ,41.7578,8.47922   ,42.1755,8.56264   ,42.5472,8.62723   ,42.9819,8.69776    ,43.3517,8.74985   ,43.7358,8.77657   ,44.1385,8.78275     ,44.5906,8.76641   ,44.944 ,8.72865   ,40.5345,8.20651   ,40.8984,8.63946    ,41.2584,8.77327   ,41.6375,8.87951   ,42.0542,8.96935   ,42.429 ,9.04131    ,42.8761,9.11829    ,43.2623,9.16552   ,43.6585,9.17943    ,44.0846,9.14717   ,44.5535,9.05572   ,44.944 ,8.72865   ,44.5069,8.4847    ,44.0571,8.41875   ,43.6821,8.36807    ,43.3211,8.31435   ,42.9638,8.25813   ,42.541 ,8.19206    ,42.1745,8.13358   ,41.7632,8.05311   ,41.3637,7.97105   ,40.9618,7.93824   ,42.6653,-8.59439  ,-0.143828  ,566,124903,54.7847,10.604 ,128.184,0
650 ,40.7204,8.16083   ,41.094 ,8.27162    ,41.5208,8.37281  ,41.8481,8.44187   ,42.2374,8.51757   ,42.6446,8.58535   ,43.0074,8.63549    ,43.4396,8.68542   ,43.818 ,8.7116    ,44.1931,8.72605     ,44.5468,8.73348   ,44.9278,8.7426    ,40.7204,8.16083   ,40.9898,8.57442    ,41.3958,8.75843   ,41.7116,8.84384   ,42.0934,8.92618   ,42.5083,8.9985     ,42.8922,9.04957    ,43.3569,9.09307   ,43.7571,9.10114    ,44.143 ,9.07262   ,44.4962,9.00839   ,44.9278,8.7426    ,44.4852,8.45641   ,44.1196,8.37593   ,43.7526,8.31519    ,43.3988,8.2639    ,43.0001,8.20601   ,42.6622,8.15402    ,42.2684,8.088     ,41.875 ,8.01738   ,41.5372,7.96327   ,41.097 ,7.94232   ,42.7408,-8.55433  ,-0.132804  ,542,121007,52.2936,10.5275,122.77 ,0
651 ,40.7276,8.22845   ,41.1338,8.3023     ,41.53  ,8.35691  ,41.9339,8.42373   ,42.3295,8.50116   ,42.6787,8.56364   ,43.0992,8.62672    ,43.4536,8.67123   ,43.8497,8.70339   ,44.2785,8.72371     ,44.6565,8.72297   ,45.0254,8.7227    ,40.7276,8.22845   ,41.0548,8.64399    ,41.4568,8.75284   ,41.8696,8.83015   ,42.268 ,8.91586   ,42.6292,8.98549    ,43.0837,9.05177    ,43.4738,9.09146   ,43.8838,9.10277    ,44.268 ,9.07851   ,44.6015,9.00275   ,45.0254,8.7227    ,44.6056,8.44452   ,44.1813,8.36566   ,43.7058,8.29725    ,43.318 ,8.23804   ,42.9941,8.18489   ,42.61  ,8.12193    ,42.2774,8.06433   ,41.884 ,7.99643   ,41.4873,7.94412   ,41.1073,7.94603   ,42.806 ,-8.54774  ,-0.132039  ,543,120788,53.2016,10.6884,125.012,0
652 ,40.8074,8.29605   ,41.1977,8.34613    ,41.5793,8.39165  ,41.9618,8.45412   ,42.3439,8.52447   ,42.7268,8.58708   ,43.1809,8.65459    ,43.5563,8.69952   ,43.9346,8.74224   ,44.3188,8.73455     ,44.6942,8.697     ,45.0374,8.63599   ,40.8074,8.29605   ,41.0998,8.66617    ,41.4818,8.7704    ,41.8717,8.85405   ,42.2622,8.93151   ,42.6531,9.0051     ,43.1161,9.06429    ,43.4924,9.10205   ,43.8711,9.13253    ,44.2647,9.10076   ,44.6524,8.99917   ,45.0374,8.63599   ,44.5928,8.41023   ,44.2196,8.3771    ,43.8441,8.34022    ,43.4701,8.28022   ,43.0959,8.22218   ,42.6472,8.14743    ,42.2733,8.08521   ,41.8991,8.02673   ,41.5237,7.98877   ,41.1509,8.00833   ,42.8544,-8.57196  ,-0.120551  ,556,122077,52.3818,10.5189,129.598,0
653 ,40.8274,8.35087   ,41.2379,8.38338    ,41.6282,8.43658  ,42.0182,8.50178   ,42.4091,8.5578    ,42.7994,8.6111    ,43.1816,8.66904    ,43.5641,8.72206   ,43.9539,8.75384   ,44.3457,8.74993     ,44.7306,8.72171   ,45.1061,8.67691   ,40.8274,8.35087   ,41.1632,8.70755    ,41.55  ,8.81407   ,41.9422,8.89979   ,42.3357,8.97211   ,42.7308,9.02712    ,43.1101,9.08164    ,43.489 ,9.11672   ,43.8779,9.13216    ,44.2737,9.09898   ,44.6654,9.00943   ,45.1061,8.67691   ,44.6454,8.4413    ,44.2609,8.40757   ,43.8728,8.36881    ,43.486 ,8.30763   ,43.1   ,8.23645   ,42.7132,8.17666    ,42.326 ,8.1212    ,41.9377,8.08368   ,41.5499,8.03893   ,41.1611,8.03869   ,42.8709,-8.59481  ,-0.113441  ,554,123636,52.8813,10.4365,131.255,0
654 ,40.8535,8.3228    ,41.3131,8.39402    ,41.6933,8.45345  ,42.0733,8.51707   ,42.4543,8.56995   ,42.8331,8.619     ,43.2066,8.66798    ,43.6548,8.7244    ,44.0363,8.75054   ,44.4175,8.74102     ,44.7963,8.69434   ,45.1435,8.62325   ,40.8535,8.3228    ,41.2142,8.72649    ,41.6009,8.82236   ,41.9907,8.90634   ,42.3815,8.97903   ,42.7722,9.03321    ,43.1489,9.08574    ,43.6024,9.12405   ,43.9925,9.13256    ,44.3853,9.0891    ,44.7735,8.99088   ,45.1435,8.62325   ,44.6689,8.42227   ,44.2978,8.40211   ,43.9271,8.36439    ,43.5577,8.30669   ,43.1148,8.23236   ,42.7447,8.18638    ,42.3746,8.13927   ,42.0039,8.10426   ,41.6339,8.05474   ,41.2628,8.03937   ,42.9324,-8.59835  ,-0.104884  ,565,125887,53.1178,10.4746,130.184,0
655 ,40.9103,8.26597   ,41.3643,8.37277    ,41.742 ,8.44582  ,42.1218,8.5124    ,42.5025,8.56796   ,42.8828,8.6136    ,43.2564,8.65916    ,43.6305,8.69427   ,44.0858,8.70484   ,44.4675,8.70048     ,44.8477,8.68786   ,45.1939,8.65527   ,40.9103,8.26597   ,41.233 ,8.68507    ,41.6132,8.80873   ,42.0022,8.90216   ,42.3932,8.97447   ,42.7863,9.0238     ,43.1639,9.0802     ,43.5418,9.11272   ,44.0051,9.09657    ,44.3985,9.05658   ,44.7901,8.98933   ,45.1939,8.65527   ,44.7541,8.3903    ,44.3839,8.35009   ,44.0139,8.30812    ,43.5693,8.26861   ,43.1996,8.2205    ,42.8291,8.18658    ,42.4595,8.13794   ,42.0889,8.10491   ,41.7197,8.04907   ,41.3488,8.02724   ,43.0107,-8.58529  ,-0.0989156 ,570,127137,53.0292,10.5528,128.527,0
656 ,41.0166,8.21497   ,41.3953,8.34271    ,41.8452,8.44247  ,42.2236,8.50724   ,42.6025,8.56764   ,42.9814,8.61474   ,43.4288,8.65178    ,43.802 ,8.67278   ,44.1813,8.67765   ,44.5618,8.67757     ,45.0163,8.65381   ,45.357 ,8.61091   ,41.0166,8.21497   ,41.2328,8.62573    ,41.6859,8.79953   ,42.0763,8.89453   ,42.4683,8.97353   ,42.863 ,9.02341    ,43.3188,9.0693     ,43.6987,9.08856   ,44.0878,9.07112    ,44.4832,9.04991   ,44.9548,8.96808   ,45.357 ,8.61091   ,44.9276,8.354     ,44.4886,8.30805   ,44.1222,8.28009    ,43.7559,8.25137   ,43.3895,8.224     ,42.9499,8.18982    ,42.5849,8.13844   ,42.219 ,8.10205   ,41.8539,8.05086   ,41.4143,8.02161   ,43.1359,-8.57229  ,-0.0886171 ,584,128561,53.8778,10.4033,130.77 ,0
657 ,41.1796,8.21497   ,41.5603,8.34638    ,41.9362,8.43441  ,42.3932,8.51054   ,42.7745,8.56896   ,43.1524,8.61704   ,43.5277,8.64184    ,43.9035,8.64616   ,44.2869,8.64293   ,44.7462,8.63514     ,45.1252,8.6361    ,45.4632,8.63693   ,41.1796,8.21497   ,41.3927,8.62964    ,41.7648,8.79301   ,42.233 ,8.89982   ,42.625 ,8.97239   ,43.013 ,9.03021    ,43.3921,9.05726    ,43.7718,9.05678   ,44.1633,9.05061    ,44.6367,9.01439   ,45.0297,8.95198   ,45.4632,8.63693   ,45.0728,8.31822   ,44.7029,8.26144   ,44.2569,8.23525    ,43.8849,8.23525   ,43.5132,8.221     ,43.1417,8.19195    ,42.7714,8.14203   ,42.4005,8.10339   ,41.9562,8.04426   ,41.5846,8.02135   ,43.27  ,-8.55858  ,-0.0781528 ,579,128360,53.1294,10.4014,129.355,0
658 ,41.3739,8.29651   ,41.7737,8.40381    ,42.1559,8.48355  ,42.5417,8.54215   ,42.9282,8.59685   ,43.3159,8.62915   ,43.6988,8.64917    ,44.1553,8.65651   ,44.5376,8.65633   ,44.925 ,8.6591      ,45.3077,8.68946   ,45.6381,8.75689   ,41.3739,8.29651   ,41.6246,8.69693    ,42.0015,8.85259   ,42.3905,8.93592   ,42.781 ,9.00309   ,43.1737,9.03534    ,43.5594,9.06328    ,44.0126,9.06347   ,44.3915,9.04562    ,44.784 ,9.00504   ,45.1768,8.9747    ,45.6381,8.75689   ,45.2898,8.38335   ,44.9113,8.3082    ,44.5287,8.27354    ,44.1458,8.24382   ,43.6859,8.23537   ,43.3029,8.21106    ,42.9204,8.17501   ,42.539 ,8.12029   ,42.1561,8.09077   ,41.7729,8.07537   ,43.4434,-8.58738  ,-0.0725329 ,565,126838,52.8126,10.2989,128.527,0
659 ,41.493 ,8.41672   ,41.8975,8.48176    ,42.2836,8.53148  ,42.6708,8.57873   ,43.0578,8.61803   ,43.5147,8.65186   ,43.8961,8.65245    ,44.2832,8.66028   ,44.6714,8.65505   ,45.0592,8.66607     ,45.4458,8.68719   ,45.8086,8.72448   ,41.493 ,8.41672   ,41.7853,8.7861     ,42.1684,8.90269   ,42.5586,8.97483   ,42.9508,9.02393   ,43.4042,9.06151    ,43.782 ,9.06969    ,44.1689,9.06324   ,44.5615,9.0286     ,44.9545,8.99804   ,45.3472,8.96187   ,45.8086,8.72448   ,45.3902,8.39753   ,45.0093,8.32307   ,44.6259,8.28123    ,44.2418,8.25112   ,43.8575,8.23525   ,43.4729,8.23033    ,43.012 ,8.19458   ,42.6279,8.16465   ,42.2437,8.14192   ,41.8592,8.15365   ,43.5805,-8.61166  ,-0.0548799 ,563,126418,53.1496,10.2757,129.355,0
660 ,41.5561,8.42905   ,42.0126,8.51163    ,42.3912,8.55834  ,42.7718,8.60261   ,43.1483,8.64142   ,43.5218,8.6677    ,43.8961,8.67153    ,44.3538,8.66688   ,44.7349,8.66071   ,45.1154,8.6733      ,45.4943,8.69926   ,45.8462,8.7372    ,41.5561,8.42905   ,41.8801,8.83647    ,42.2598,8.93708   ,42.6479,9.00122   ,43.0313,9.04927   ,43.4051,9.09373    ,43.7801,9.10779    ,44.245 ,9.07766   ,44.6345,9.03547    ,45.0247,9.00535   ,45.4149,8.97523   ,45.8462,8.7372    ,45.423 ,8.41212   ,45.0542,8.33323   ,44.6826,8.2857     ,44.3099,8.25637   ,43.8624,8.23525   ,43.4891,8.23525    ,43.1162,8.21555   ,42.7435,8.18625   ,42.3708,8.15737   ,41.9977,8.16521   ,43.6312,-8.62981  ,-0.0511954 ,565,125117,52.8652,10.7486,126.87 ,0
661 ,41.5374,8.44158   ,41.9807,8.53883    ,42.3288,8.59586  ,42.7686,8.65218   ,43.1511,8.69019   ,43.5407,8.71466   ,43.9557,8.73162    ,44.3993,8.7372    ,44.7706,8.73939   ,45.1962,8.74315     ,45.5802,8.75339   ,45.9354,8.76648   ,41.5374,8.44158   ,41.8523,8.86484    ,42.1681,8.97448   ,42.5785,9.05624   ,42.9494,9.10556   ,43.3288,9.13889    ,43.7276,9.15917    ,44.1691,9.15249   ,44.5553,9.13227    ,45.0199,9.09031   ,45.4628,9.02472   ,45.9354,8.76648   ,45.5779,8.47766   ,45.2351,8.3941    ,44.839 ,8.34567    ,44.4801,8.32078   ,44.0401,8.30075   ,43.6202,8.2842     ,43.2252,8.26394   ,42.8313,8.23344   ,42.3684,8.19929   ,42.0021,8.19269   ,43.6983,-8.68503  ,-0.0548539 ,554,123217,54.2155,11.2039,125.941,0
662 ,41.6104,8.53505   ,42.0419,8.57187    ,42.4479,8.61349  ,42.8341,8.65595   ,43.2377,8.69845   ,43.6389,8.73694   ,44.0385,8.75653    ,44.4352,8.76581   ,44.84  ,8.76994   ,45.2351,8.77551     ,45.6499,8.78901   ,46.0402,8.79625   ,41.6104,8.53505   ,42.0102,8.93714    ,42.4292,9.01387   ,42.8038,9.06797   ,43.1749,9.12075   ,43.5316,9.16585    ,43.8478,9.19148    ,44.1827,9.18516   ,44.5716,9.1602     ,45.0018,9.12627   ,45.4994,9.0693    ,46.0402,8.79625   ,45.69  ,8.50377   ,45.3406,8.42238   ,44.9733,8.37829    ,44.5543,8.34462   ,44.0974,8.31695   ,43.6257,8.29138    ,43.1643,8.26259   ,42.7325,8.22943   ,42.3431,8.1997    ,41.9704,8.19815   ,43.759 ,-8.70527  ,-0.0545859 ,552,121855,54.4947,11.2715,126.527,0
663 ,41.59  ,8.60496   ,42.0385,8.60447    ,42.4285,8.62069  ,42.8406,8.65445   ,43.2427,8.70006   ,43.6806,8.75066   ,44.0804,8.77618    ,44.4906,8.77046   ,44.8779,8.76327   ,45.2869,8.76621     ,45.6708,8.78227   ,46.0632,8.82865   ,41.59  ,8.60496   ,41.9104,8.92349    ,42.2141,8.98046   ,42.5584,9.02779   ,42.9235,9.07742   ,43.3654,9.13323    ,43.8202,9.17775    ,44.3065,9.18585   ,44.7371,9.17064    ,45.169 ,9.14      ,45.5761,9.08772   ,46.0632,8.82865   ,45.6452,8.46885   ,45.2692,8.39011   ,44.885 ,8.35668    ,44.5526,8.35862   ,44.2273,8.37279   ,43.8755,8.3563     ,43.4308,8.30667   ,42.9857,8.26768   ,42.5072,8.25319   ,42.0475,8.28275   ,43.7963,-8.71417  ,-0.0556043 ,554,123573,55.0104,11.3991,128.184,0
664 ,41.7193,8.5614    ,42.1243,8.58797    ,42.5169,8.61975  ,42.911 ,8.65424   ,43.3021,8.6971    ,43.6877,8.75048   ,44.0744,8.78745    ,44.4678,8.79047   ,44.8629,8.7753    ,45.2577,8.76503     ,45.6504,8.78983   ,46.0093,8.83843   ,41.7193,8.5614    ,42.0415,8.90455    ,42.4261,8.99219   ,42.8184,9.05237   ,43.208 ,9.10693   ,43.5843,9.16964    ,43.9624,9.2017     ,44.3506,9.18942   ,44.7445,9.15839    ,45.1381,9.12225   ,45.5321,9.0922    ,46.0093,8.83843   ,45.6128,8.46976   ,45.2193,8.40791   ,44.8232,8.39833    ,44.4271,8.39152   ,44.0314,8.36088   ,43.6367,8.31274    ,43.2418,8.2685    ,42.8461,8.23774   ,42.4499,8.23525   ,42.0582,8.25785   ,43.8262,-8.715    ,-0.0590825 ,568,124586,52.818 ,10.529 ,126.87 ,0
665 ,41.7193,8.56765   ,42.1206,8.59177    ,42.5094,8.62073  ,42.9781,8.67499   ,43.3686,8.7203    ,43.7565,8.76653   ,44.1401,8.79544    ,44.5238,8.80104   ,44.9132,8.77922   ,45.3039,8.75595     ,45.6926,8.77935   ,46.0533,8.83209   ,41.7193,8.56765   ,42.0424,8.90494    ,42.4257,8.99211   ,42.8945,9.06413   ,43.2853,9.12413   ,43.674 ,9.18506    ,44.0507,9.2187     ,44.4278,9.20964   ,44.8128,9.16854    ,45.2039,9.11455   ,45.5954,9.06784   ,46.0533,8.83209   ,45.6354,8.47031   ,45.2478,8.40393   ,44.857 ,8.39833    ,44.4662,8.39466   ,44.0759,8.3644    ,43.6856,8.33376    ,43.2956,8.29836   ,42.9054,8.26769   ,42.4369,8.23491   ,42.051 ,8.26574   ,43.842 ,-8.72131  ,-0.0565117 ,567,125557,53.3758,10.482 ,130.77 ,0
666 ,41.7632,8.5614    ,42.2338,8.59089    ,42.6206,8.62439  ,43.0078,8.67134   ,43.3906,8.7168    ,43.77  ,8.76281   ,44.1506,8.79357    ,44.6169,8.80394   ,45.005 ,8.78122   ,45.3925,8.75813     ,45.7779,8.79552   ,46.1219,8.8694    ,41.7632,8.5614    ,42.1309,8.92235    ,42.5145,8.99294   ,42.9027,9.05915   ,43.2854,9.1198    ,43.6587,9.17605    ,44.0337,9.2075     ,44.4999,9.21411   ,44.8899,9.17615    ,45.2786,9.11512   ,45.669 ,9.08717   ,46.1219,8.8694    ,45.7337,8.48203   ,45.3514,8.40548   ,44.965 ,8.39833    ,44.5784,8.39849   ,44.1152,8.3675    ,43.7293,8.33713    ,43.344 ,8.29578   ,42.958 ,8.26542   ,42.572 ,8.23569   ,42.1856,8.24799   ,43.9102,-8.72476  ,-0.0598987 ,575,128118,53.7558,10.3505,129.698,0
667 ,41.788 ,8.5614    ,42.2007,8.58424    ,42.5951,8.62135  ,42.9896,8.66965   ,43.4588,8.72567   ,43.846 ,8.76235   ,44.2338,8.7937     ,44.6297,8.7976    ,45.0255,8.78562   ,45.4204,8.76695     ,45.8123,8.81395   ,46.1723,8.90782   ,41.788 ,8.5614    ,42.1138,8.90063    ,42.5016,8.98471   ,42.8926,9.05126   ,43.3568,9.12445   ,43.7331,9.17544    ,44.1108,9.20714    ,44.5013,9.20914   ,44.8946,9.17871    ,45.2866,9.12698   ,45.6796,9.10023   ,46.1723,8.90782   ,45.7896,8.49607   ,45.3965,8.40856   ,44.9981,8.39837    ,44.5997,8.392     ,44.2017,8.36787   ,43.8037,8.34189    ,43.4061,8.30656   ,42.9286,8.26952   ,42.5307,8.23864   ,42.1336,8.25779   ,43.9501,-8.72617  ,-0.0621027 ,578,129746,54.1292,10.3533,130.527,0
668 ,41.788 ,8.56765   ,42.1961,8.59137    ,42.665 ,8.63554  ,43.0563,8.68095   ,43.4413,8.72985   ,43.8249,8.77055   ,44.2108,8.79858    ,44.6033,8.80087   ,45.0743,8.7888    ,45.466 ,8.77318     ,45.8554,8.81155   ,46.2035,8.8694    ,41.788 ,8.56765   ,42.1153,8.90399    ,42.5799,9.0043    ,42.9703,9.06963   ,43.3522,9.13097   ,43.7278,9.18197    ,44.1049,9.21339    ,44.4978,9.20944   ,44.9691,9.18531    ,45.3609,9.14082   ,45.7536,9.12401   ,46.2035,8.8694    ,45.8028,8.48438   ,45.4146,8.41035   ,45.0225,8.39833    ,44.5518,8.39833   ,44.16  ,8.37737   ,43.7683,8.34656    ,43.3773,8.3046    ,42.9857,8.27403   ,42.594 ,8.24363   ,42.1252,8.26594   ,43.972 ,-8.73201  ,-0.0607798 ,584,130356,54.3995,10.2755,131.113,0
669 ,41.788 ,8.56765   ,42.1954,8.59186    ,42.5858,8.62718  ,42.9764,8.67507   ,43.3668,8.72594   ,43.7566,8.77172   ,44.2172,8.80436    ,44.6016,8.8091    ,44.992 ,8.80424   ,45.3834,8.7868      ,45.7713,8.78652   ,46.1155,8.8002    ,41.788 ,8.56765   ,42.1167,8.90458    ,42.5045,8.99152   ,42.8959,9.05808   ,43.2873,9.12443   ,43.6797,9.18038    ,44.1339,9.2203     ,44.5125,9.21997   ,44.8999,9.21414    ,45.2931,9.17685   ,45.685 ,9.11442   ,46.1155,8.8002    ,45.7056,8.45739   ,45.3174,8.40294   ,44.9272,8.39833    ,44.5369,8.39833   ,44.1469,8.38266   ,43.6793,8.34597    ,43.2903,8.304     ,42.9005,8.27375   ,42.5108,8.2435    ,42.1226,8.26656   ,43.9392,-8.73297  ,-0.0594027 ,576,128989,53.2456,10.2744,128.284,0
670 ,41.7417,8.59177   ,42.1721,8.63473    ,42.5539,8.64973  ,42.9607,8.6682    ,43.3322,8.68671   ,43.7168,8.70371   ,44.1586,8.7232     ,44.5432,8.7324    ,44.9114,8.73747   ,45.3028,8.73116     ,45.7272,8.70795   ,46.0801,8.66531   ,41.7417,8.59177   ,42.1901,8.91675    ,42.5939,9.00769   ,43.0045,9.07336   ,43.3695,9.12125   ,43.7448,9.15804    ,44.1708,9.19121    ,44.5429,9.19703   ,44.8924,9.18668    ,45.2615,9.1388    ,45.6682,9.01408   ,46.0801,8.66531   ,45.709 ,8.4068    ,45.2508,8.32669   ,44.8276,8.28776    ,44.4355,8.26556   ,44.0347,8.25189   ,43.5775,8.24508    ,43.187 ,8.24695   ,42.8132,8.25795   ,42.415 ,8.28777   ,42.0647,8.34899   ,43.8787,-8.69258  ,-0.0407269 ,565,125344,53.3946,11.6405,123.698,0
671 ,41.6982,8.39751   ,42.0939,8.53481    ,42.4808,8.5871   ,42.8384,8.62756   ,43.2517,8.67478   ,43.6519,8.71627   ,44.0023,8.72848    ,44.4072,8.72662   ,44.8026,8.71631   ,45.1766,8.66454     ,45.5326,8.53627   ,45.8125,8.29012   ,41.6982,8.39751   ,42.0941,8.86726    ,42.5497,8.98069   ,42.9546,9.04355   ,43.4   ,9.11102   ,43.8005,9.17412    ,44.1363,9.18967    ,44.524 ,9.18317   ,44.903 ,9.17389    ,45.2717,9.10098   ,45.6256,8.8943    ,45.8125,8.29012   ,45.3694,8.21499   ,44.9926,8.24677   ,44.6048,8.26484    ,44.1899,8.27108   ,43.7673,8.26583   ,43.403 ,8.25144    ,43.0006,8.22668   ,42.619 ,8.19993   ,42.3117,8.18167   ,42.0033,8.18715   ,43.8019,-8.65939  ,-0.0301799 ,555,123284,52.6187,12.3218,123.355,0
672 ,41.6279,8.45925   ,42.0301,8.55467    ,42.4136,8.6051   ,42.829 ,8.65615   ,43.201 ,8.70047   ,43.5926,8.73764   ,43.9913,8.77589    ,44.3928,8.78271   ,44.7626,8.75207   ,45.1289,8.6358      ,45.4535,8.39157   ,45.6615,8.09985   ,41.6279,8.45925   ,41.9726,8.87597    ,42.3666,8.98277   ,42.7856,9.05474   ,43.1564,9.10934   ,43.5572,9.15265    ,43.9791,9.20436    ,44.4315,9.20971   ,44.8602,9.16997    ,45.2805,9.02764   ,45.6333,8.7049    ,45.6615,8.09985   ,45.2048,8.14649   ,44.8819,8.28999   ,44.5482,8.35168    ,44.2231,8.35753   ,43.8677,8.34026   ,43.4946,8.31189    ,43.1191,8.27733   ,42.7516,8.24252   ,42.3454,8.21346   ,41.9881,8.21814   ,43.7857,-8.66487  ,-0.00359115,554,123351,53.0014,10.7595,123.012,0
673 ,41.6256,8.57105   ,42.0446,8.62239    ,42.4363,8.64268  ,42.8461,8.67461   ,43.2474,8.72329   ,43.6308,8.77773   ,44.0297,8.80635    ,44.4569,8.78923   ,44.8561,8.71357   ,45.2064,8.51536     ,45.3647,8.19533   ,45.3599,7.80751   ,41.6256,8.57105   ,42.0495,8.90868    ,42.4702,8.99978   ,42.9021,9.06926   ,43.3166,9.14558   ,43.6984,9.22677    ,44.1063,9.26218    ,44.5938,9.21639   ,45.064 ,9.08978    ,45.4775,8.80293   ,45.6471,8.37642   ,45.3599,7.80751   ,45.0635,8.10055   ,44.8662,8.2929    ,44.5418,8.3684     ,44.1986,8.37279   ,43.8331,8.34888   ,43.454 ,8.3157     ,43.0657,8.28549   ,42.6731,8.26884   ,42.2865,8.2788    ,41.9361,8.33081   ,43.7932,-8.64809  ,0.0281456  ,554,124435,54.1991,11.6916,125.012,0
674 ,41.7365,8.62299   ,42.1411,8.64447    ,42.5478,8.65837  ,42.9623,8.69401   ,43.3607,8.74784   ,43.7615,8.80915   ,44.13  ,8.83477    ,44.5476,8.79935   ,44.9033,8.65901   ,45.1862,8.33649     ,45.2753,7.97865   ,45.2448,7.60903   ,41.7365,8.62299   ,42.1711,8.94497    ,42.6116,9.03231   ,43.0529,9.10337   ,43.4804,9.17988   ,43.9025,9.25933    ,44.272 ,9.28043    ,44.7124,9.22238   ,45.1099,9.01844    ,45.4442,8.57949   ,45.538 ,8.1177    ,45.2448,7.60903   ,45.0019,7.94078   ,44.8794,8.19013   ,44.603 ,8.35609    ,44.2751,8.39654   ,43.8919,8.38654   ,43.527 ,8.34765    ,43.1311,8.29885   ,42.7544,8.27174   ,42.3652,8.27786   ,42.0021,8.34256   ,43.8229,-8.62119  ,0.0683184  ,566,126863,53.8947,12.0925,131.497,0
675 ,41.7261,8.50584   ,42.1471,8.58145    ,42.575 ,8.61818  ,42.9834,8.66854   ,43.3515,8.71355   ,43.7887,8.76435   ,44.161 ,8.77044    ,44.552 ,8.70831   ,44.914 ,8.48851   ,45.1283,8.12454     ,45.1898,7.76541   ,45.1609,7.37345   ,41.7261,8.50584   ,42.137 ,8.92683    ,42.5863,9.01336   ,43.0138,9.08392   ,43.4134,9.13877   ,43.9109,9.2015     ,44.3552,9.2022     ,44.8213,9.11913   ,45.2336,8.83622    ,45.4585,8.37635   ,45.4746,7.92078   ,45.1609,7.37345   ,44.8974,7.70995   ,44.7639,7.97404   ,44.5168,8.21406    ,44.1784,8.32832   ,43.846 ,8.34236   ,43.5399,8.31849    ,43.1648,8.27436   ,42.8335,8.2376    ,42.4513,8.21096   ,42.0589,8.22933   ,43.8183,-8.54788  ,0.125679   ,579,126478,54.8924,12.4998,130.669,0
676 ,41.8008,8.43519   ,42.1963,8.54254    ,42.6121,8.59497  ,42.9598,8.63992   ,43.3704,8.69348   ,43.7788,8.73525   ,44.1923,8.71661    ,44.5299,8.62639   ,44.8686,8.38599   ,45.0471,8.09273     ,45.1408,7.68764   ,45.1531,7.32246   ,41.8008,8.43519   ,42.1269,8.85897    ,42.5983,8.96833   ,42.9943,9.0354    ,43.459 ,9.12146   ,43.9165,9.17844    ,44.3821,9.13989    ,44.7668,9.01485   ,45.153 ,8.7034     ,45.3568,8.35386   ,45.4276,7.87851   ,45.1531,7.32246   ,44.8378,7.63366   ,44.6887,7.96183   ,44.4872,8.16694    ,44.1634,8.29135   ,43.8638,8.31065   ,43.5046,8.28282    ,43.1454,8.2546    ,42.7862,8.22769   ,42.4868,8.20461   ,42.1314,8.20675   ,43.8287,-8.47101  ,0.179436   ,580,127084,53.0546,12.0902,133.497,0
677 ,41.7789,8.45912   ,42.1909,8.53388    ,42.6084,8.57329  ,43.0268,8.63481   ,43.3684,8.68037   ,43.778 ,8.7138    ,44.1938,8.67621    ,44.5941,8.51774   ,44.8717,8.28235   ,45.0781,7.90757     ,45.1395,7.56281   ,45.1094,7.18637   ,41.7789,8.45912   ,42.1587,8.85619    ,42.6357,8.95398   ,43.1131,9.04724   ,43.5   ,9.12063   ,43.9604,9.15298    ,44.4303,9.0777     ,44.8857,8.85472   ,45.1969,8.55473    ,45.4062,8.0975    ,45.4296,7.69654   ,45.1094,7.18637   ,44.8375,7.56797   ,44.7047,7.85049   ,44.4507,8.11995    ,44.1763,8.25598   ,43.8184,8.29702   ,43.4588,8.2725     ,43.1005,8.22286   ,42.8008,8.20406   ,42.4413,8.17424   ,42.0869,8.19908   ,43.8298,-8.42339  ,0.214547   ,579,128704,53.9779,12.4279,133.74 ,0
678 ,41.8008,8.43519   ,42.2665,8.52888    ,42.6835,8.57794  ,43.0306,8.6293    ,43.4413,8.68584   ,43.9184,8.70795   ,44.3287,8.63723    ,44.6425,8.47666   ,44.9358,8.17181   ,45.1127,7.78674     ,45.1971,7.37423   ,45.2469,6.99632   ,41.8008,8.43519   ,42.2064,8.86694    ,42.677 ,8.96151   ,43.0689,9.04098   ,43.5316,9.11446   ,44.0632,9.13136    ,44.5239,9.03098    ,44.8741,8.83889   ,45.2091,8.48751    ,45.3922,8.04633   ,45.4414,7.57287   ,45.2469,6.99632   ,44.9299,7.31292   ,44.7902,7.66306   ,44.5849,7.97415    ,44.2917,8.19442   ,44.0002,8.28319   ,43.6373,8.28693    ,43.215 ,8.24155   ,42.8531,8.2012    ,42.5509,8.17767   ,42.19  ,8.17877   ,43.863 ,-8.37344  ,0.268592   ,593,130081,56.0411,11.5991,140.569,0
679 ,41.7944,8.4861    ,42.2154,8.52818    ,42.6385,8.56877  ,43.0593,8.62378   ,43.4765,8.6674    ,43.8272,8.67417   ,44.2486,8.58605    ,44.6272,8.35743   ,44.8776,8.07693   ,45.0754,7.67885     ,45.1749,7.33107   ,45.2151,6.94589   ,41.7944,8.4861    ,42.2076,8.85444    ,42.6834,8.9598    ,43.1538,9.04351   ,43.6138,9.10461   ,44.0009,9.11263    ,44.4734,8.98565    ,44.8931,8.69059   ,45.1727,8.3585     ,45.3646,7.89633   ,45.4474,7.4996    ,45.2151,6.94589   ,44.8748,7.3024    ,44.73  ,7.59831   ,44.4945,7.91798    ,44.2455,8.12073   ,43.8855,8.23373   ,43.5111,8.24802    ,43.2   ,8.21537   ,42.8259,8.18632   ,42.4517,8.15708   ,42.085 ,8.19669   ,43.8533,-8.32582  ,0.309116   ,596,130196,55.1625,12.1868,135.74 ,0
680 ,41.8256,8.43519   ,42.2588,8.50894    ,42.6896,8.55759  ,43.118 ,8.61468   ,43.5411,8.65401   ,43.9662,8.62335   ,44.3112,8.479      ,44.6731,8.18691   ,44.9004,7.86728   ,45.0889,7.45435     ,45.2584,7.07639   ,45.4044,6.73457   ,41.8256,8.43519   ,42.2037,8.82602    ,42.6743,8.93854   ,43.1435,9.02862   ,43.5995,9.0887    ,44.058 ,9.05789    ,44.441 ,8.90553    ,44.8597,8.59309   ,45.1264,8.24965    ,45.3306,7.79474   ,45.4313,7.32275   ,45.4044,6.73457   ,45.0257,6.94649   ,44.7968,7.2539    ,44.5926,7.61867    ,44.3791,7.89455   ,44.0492,8.12775   ,43.7313,8.21969    ,43.3413,8.21404   ,42.9514,8.18337   ,42.5615,8.15369   ,42.174 ,8.17549   ,43.8678,-8.25194  ,0.371707   ,596,129877,56.9013,11.1848,143.64 ,0
681 ,41.7096,8.37205   ,42.1493,8.47956    ,42.5566,8.54067  ,42.9971,8.60643   ,43.4505,8.6574    ,43.8359,8.65249   ,44.2876,8.53421    ,44.6175,8.29205   ,44.8758,7.96897   ,45.0685,7.5776      ,45.2107,7.17309   ,45.3034,6.78027   ,41.7096,8.37205   ,42.1102,8.81591    ,42.5368,8.92226   ,42.9907,9.01402   ,43.4666,9.08356   ,43.8669,9.1017     ,44.3501,8.98851    ,44.7338,8.73475   ,45.0748,8.36762    ,45.3214,7.91432   ,45.4523,7.41717   ,45.3034,6.78027   ,44.9354,7.02994   ,44.7761,7.34001   ,44.614 ,7.66626    ,44.4143,7.9329    ,44.1213,8.12696   ,43.6803,8.21339    ,43.3105,8.2142    ,42.8752,8.18065   ,42.4549,8.14032   ,42.081 ,8.12761   ,43.8631,-8.26017  ,0.36309    ,589,129919,58.0008,11.1323,135.64 ,0
682 ,41.8448,8.41691   ,42.2668,8.50098    ,42.6983,8.55925  ,43.127 ,8.61652   ,43.5508,8.6569    ,43.977 ,8.61577   ,44.3226,8.46834    ,44.6798,8.17346   ,44.9152,7.85561   ,45.1227,7.44578     ,45.2758,7.10633   ,45.4238,6.72688   ,41.8448,8.41691   ,42.2149,8.82337    ,42.6918,8.93639   ,43.1672,9.02609   ,43.6299,9.08902   ,44.0962,9.04252    ,44.482 ,8.87431    ,44.8959,8.54963   ,45.1605,8.19445    ,45.3707,7.73274   ,45.4856,7.33726   ,45.4238,6.72688   ,45.0002,7.00954   ,44.8142,7.29714   ,44.5864,7.65042    ,44.3601,7.9143    ,44.0297,8.1366    ,43.7148,8.22183    ,43.3301,8.21947   ,42.9455,8.18933   ,42.5612,8.15355   ,42.179 ,8.16168   ,43.913 ,-8.22236  ,0.394705   ,601,131155,56.8798,11.2802,138.811,0
683 ,41.8536,8.37758   ,42.2977,8.47357    ,42.7346,8.53937  ,43.1645,8.60023   ,43.526 ,8.62862   ,43.9672,8.58861   ,44.3183,8.42933    ,44.6852,8.11044   ,44.9305,7.78222   ,45.1217,7.43763     ,45.3281,7.0243    ,45.4579,6.7041    ,41.8536,8.37758   ,42.24  ,8.80148    ,42.7228,8.91789   ,43.1879,9.01368   ,43.579 ,9.0505    ,44.0688,9.00399    ,44.462 ,8.84425    ,44.8867,8.49957   ,45.1633,8.13738    ,45.3567,7.7504    ,45.5267,7.27365   ,45.4579,6.7041    ,45.0594,6.90828   ,44.8138,7.26348   ,44.607 ,7.56144    ,44.3723,7.83978   ,44.0394,8.09684   ,43.7198,8.20509    ,43.3255,8.20046   ,42.9973,8.17261   ,42.6039,8.13375   ,42.2095,8.12402   ,43.9188,-8.18285  ,0.400548   ,599,130431,56.7667,10.879 ,136.225,0
684 ,41.8536,8.37758   ,42.3025,8.45279    ,42.7405,8.5175   ,43.1023,8.56226   ,43.5322,8.58271   ,43.9649,8.51776   ,44.3069,8.34578    ,44.6618,8.02514   ,44.904 ,7.69901   ,45.1137,7.36021     ,45.3001,7.01999   ,45.4711,6.65025   ,41.8536,8.37758   ,42.2517,8.77114    ,42.7333,8.8867    ,43.1319,8.95708   ,43.597 ,9.01083   ,44.0676,8.93648    ,44.4544,8.75375    ,44.8592,8.41123   ,45.1301,8.05412    ,45.3438,7.6743    ,45.5096,7.2839    ,45.4711,6.65025   ,45.0194,6.89144   ,44.8029,7.18232   ,44.5879,7.47788    ,44.3549,7.76077   ,44.0298,8.02364   ,43.7179,8.13914    ,43.324 ,8.16057   ,42.9297,8.15373   ,42.6016,8.12669   ,42.2073,8.11738   ,43.9208,-8.12672  ,0.421821   ,589,129205,56.4256,10.9519,137.054,0
685 ,41.7905,8.35012   ,42.2596,8.44511    ,42.6784,8.4961   ,43.1335,8.53899   ,43.5541,8.54652   ,43.9502,8.49731   ,44.386 ,8.29091    ,44.6862,8.00248   ,44.9247,7.67614   ,45.1455,7.30035     ,45.3491,6.92529   ,45.5532,6.54945   ,41.7905,8.35012   ,42.2413,8.78312    ,42.7055,8.88913   ,43.2366,8.94622   ,43.7272,8.95154   ,44.1697,8.89367    ,44.6211,8.66494    ,44.9257,8.35882   ,45.1653,8.01208    ,45.376 ,7.61239   ,45.5466,7.19109   ,45.5532,6.54945   ,45.1003,6.75183   ,44.864 ,7.08259   ,44.6218,7.43436    ,44.3699,7.73595   ,44.0531,7.9862    ,43.6064,8.12815    ,43.2409,8.14514   ,42.8936,8.12242   ,42.5272,8.08969   ,42.1645,8.09198   ,43.9176,-8.10424  ,0.421647   ,590,128803,58.6772,11.656 ,136.468,0
686 ,41.8536,8.37079   ,42.2932,8.4458     ,42.7272,8.5093   ,43.1567,8.55718   ,43.5828,8.55879   ,44.0103,8.4645    ,44.349 ,8.28238    ,44.6471,8.01585   ,44.9398,7.6332    ,45.1437,7.29716     ,45.3311,6.96202   ,45.4985,6.58171   ,41.8536,8.37079   ,42.2473,8.76974    ,42.7288,8.87872   ,43.2049,8.95301   ,43.6708,8.97059   ,44.1423,8.87147    ,44.5239,8.67907    ,44.8601,8.39707   ,45.1785,7.9739     ,45.3823,7.5924    ,45.5445,7.20188   ,45.4985,6.58171   ,45.0423,6.85503   ,44.8294,7.13757   ,44.611 ,7.42476    ,44.3222,7.75425   ,44.0448,7.97377   ,43.7372,8.10917    ,43.3527,8.15381   ,42.9665,8.15052   ,42.5808,8.11799   ,42.195 ,8.10526   ,43.9425,-8.08641  ,0.435584   ,596,129599,57.0134,10.75  ,137.882,0
687 ,41.8124,8.40769   ,42.2359,8.48503    ,42.6968,8.5196   ,43.1363,8.53951   ,43.5227,8.53334   ,43.9433,8.47178   ,44.3531,8.29049    ,44.6867,8.00175   ,44.9525,7.66491   ,45.1678,7.32045     ,45.39  ,6.94357   ,45.584 ,6.59654   ,41.8124,8.40769   ,42.2187,8.7869     ,42.7151,8.89346   ,43.1932,8.9417    ,43.6199,8.95084   ,44.0836,8.89592    ,44.5254,8.7067     ,44.8868,8.39193   ,45.1747,8.01924    ,45.3879,7.63508   ,45.5708,7.18862   ,45.584 ,6.59654   ,45.16  ,6.77869   ,44.8972,7.09206   ,44.6707,7.39634    ,44.4111,7.69131   ,44.0868,7.93372   ,43.6897,8.07484    ,43.298 ,8.1226    ,42.9509,8.13389   ,42.5566,8.13858   ,42.1481,8.173     ,43.9354,-8.08846  ,0.431269   ,591,129578,57.8622,11.1685,136.468,0
688 ,41.7337,8.40847   ,42.1962,8.46393    ,42.6026,8.50142  ,43.0393,8.53767   ,43.4368,8.54817   ,43.8728,8.50559   ,44.2952,8.32481    ,44.5837,8.08214   ,44.8807,7.74917   ,45.1411,7.36958     ,45.319 ,7.03374   ,45.4606,6.64344   ,41.7337,8.40847   ,42.1793,8.77737    ,42.6278,8.87669   ,43.1313,8.93058   ,43.5765,8.95259   ,44.0579,8.90119    ,44.5075,8.68782    ,44.8313,8.40369   ,45.1704,8.02557    ,45.4331,7.61929   ,45.5678,7.24883   ,45.4606,6.64344   ,45.0236,6.91499   ,44.7921,7.21427   ,44.5139,7.56915    ,44.2429,7.85035   ,43.9832,8.02656   ,43.5714,8.13242    ,43.1645,8.14484   ,42.8241,8.13013   ,42.4573,8.11515   ,42.1032,8.14102   ,43.9055,-8.10842  ,0.408238   ,585,128347,57.6076,11.1577,134.711,0
689 ,41.7202,8.4637    ,42.1255,8.47532    ,42.5662,8.50355  ,42.929 ,8.52872   ,43.3795,8.53944   ,43.747 ,8.51364   ,44.1409,8.39721    ,44.4399,8.18873   ,44.7382,7.8991    ,45.0186,7.5858      ,45.2624,7.28139   ,45.4609,6.98202   ,41.7202,8.4637    ,42.1267,8.78645    ,42.6058,8.88354   ,43.0211,8.92464   ,43.5302,8.94551   ,43.9386,8.91285    ,44.3505,8.77458    ,44.6672,8.5434    ,44.9947,8.22157    ,45.2766,7.87792   ,45.4711,7.52991   ,45.4609,6.98202   ,44.9895,7.11779   ,44.6845,7.38286   ,44.3976,7.66462    ,44.1272,7.90626   ,43.8431,8.06193   ,43.4405,8.12911    ,43.0994,8.13484   ,42.7139,8.12213   ,42.411 ,8.11488   ,42.023 ,8.16107   ,43.8184,-8.17664  ,0.355134   ,562,125056,53.9318,11.3892,128.468,0
690 ,41.7479,8.49812   ,42.1458,8.49817    ,42.5748,8.51787  ,42.9127,8.53378   ,43.3397,8.53891   ,43.6864,8.51793   ,44.05  ,8.44348    ,44.398 ,8.26919   ,44.718 ,8.01416   ,44.9857,7.75569     ,45.2236,7.49178   ,45.4221,7.19721   ,41.7479,8.49812   ,42.1244,8.83338    ,42.577 ,8.9167    ,42.9518,8.94561   ,43.4282,8.9551    ,43.8125,8.93139    ,44.2137,8.84973    ,44.6009,8.66096   ,44.9551,8.37371    ,45.236 ,8.07376   ,45.4542,7.75168   ,45.4221,7.19721   ,44.921 ,7.31832   ,44.6487,7.52603   ,44.3898,7.73523    ,44.102 ,7.93849   ,43.7749,8.07145   ,43.4263,8.11771    ,43.1081,8.12477   ,42.7351,8.11609   ,42.4429,8.11228   ,42.056 ,8.16068   ,43.7416,-8.26855  ,0.275687   ,551,121165,51.4659,11.0461,121.983,0
691 ,41.7089,8.40334   ,42.0656,8.50051    ,42.4321,8.55225  ,42.8206,8.58839   ,43.1447,8.6038    ,43.5158,8.59961   ,43.895 ,8.54307    ,44.2451,8.40952   ,44.5716,8.23812   ,44.8736,8.07057     ,45.1824,7.89997   ,45.4781,7.72135   ,41.7089,8.40334   ,41.9626,8.78214    ,42.325 ,8.91617   ,42.7258,8.98846   ,43.0719,9.01826   ,43.4805,9.02405    ,43.9188,8.98032    ,44.3122,8.85578   ,44.6462,8.68865    ,44.9555,8.50654   ,45.2724,8.26985   ,45.4781,7.72135   ,45.0061,7.57761   ,44.7034,7.68362   ,44.4136,7.8329     ,44.0961,8.00206   ,43.7727,8.12995   ,43.4312,8.18127    ,43.0893,8.18672   ,42.785 ,8.17864   ,42.4121,8.17324   ,42.0571,8.19833   ,43.6729,-8.3991   ,0.192633   ,528,117942,49.0753,10.876 ,117.497,0
692 ,41.6048,8.45502   ,41.9818,8.53172    ,42.3789,8.58125  ,42.6884,8.61148   ,43.0697,8.63617   ,43.4321,8.63872   ,43.8218,8.58944    ,44.1625,8.49332   ,44.4794,8.37125   ,44.8578,8.25264     ,45.2002,8.20738   ,45.5322,8.19895   ,41.6048,8.45502   ,41.9135,8.84836    ,42.3024,8.96541   ,42.599 ,9.02083   ,42.9616,9.07065   ,43.3079,9.09695    ,43.7122,9.06212    ,44.0986,8.97409   ,44.4405,8.8392     ,44.8082,8.66975   ,45.1382,8.55411   ,45.5322,8.19895   ,45.1673,7.86701   ,44.8095,7.85785   ,44.4273,7.93902    ,44.1343,8.04447   ,43.8256,8.13703   ,43.4386,8.18548    ,43.0513,8.19585   ,42.6517,8.19109   ,42.3358,8.18367   ,41.9477,8.20026   ,43.5987,-8.49169  ,0.1228     ,517,115388,49.1177,11.4306,115.598,0
693 ,41.5971,8.56762   ,41.9649,8.55983    ,42.3191,8.56868  ,42.7004,8.58608   ,43.0206,8.5984    ,43.3925,8.59808   ,43.7396,8.56312    ,44.0981,8.47856   ,44.4398,8.38526   ,44.7879,8.3342      ,45.1204,8.3774    ,45.4309,8.49686   ,41.5971,8.56762   ,41.9144,8.85261    ,42.2367,8.92718   ,42.5968,8.97605   ,42.9163,9.00367   ,43.3077,9.02321    ,43.694 ,9.01202    ,44.0894,8.95048   ,44.4151,8.84579    ,44.7079,8.74289   ,45     ,8.70531   ,45.4309,8.49686   ,45.1508,8.02514   ,44.7688,7.93062   ,44.3662,7.94869    ,44.0086,8.03433   ,43.6747,8.13121   ,43.3556,8.17758    ,42.9971,8.18965   ,42.6755,8.1901    ,42.2777,8.20542   ,41.9087,8.2666    ,43.5841,-8.49509  ,0.0758618  ,514,114759,47.7118,11.2798,114.184,0
694 ,41.6086,8.41701   ,41.9623,8.43939    ,42.3315,8.49074  ,42.6607,8.52827   ,43.0106,8.54744   ,43.3623,8.53587   ,43.7531,8.48409    ,44.0929,8.43536   ,44.4229,8.41387   ,44.7648,8.46725     ,45.0583,8.66934   ,45.2432,8.93682   ,41.6086,8.41701   ,41.8401,8.73515    ,42.1578,8.85588   ,42.4554,8.92278   ,42.7709,8.96822   ,43.0978,8.9906     ,43.4715,8.97907    ,43.7976,8.94019   ,44.1028,8.88717    ,44.4328,8.85263   ,44.7726,8.92104   ,45.2432,8.93682   ,45.2843,8.35633   ,45.0066,8.05206   ,44.6366,7.94149    ,44.2747,7.94443   ,43.9221,8.00661   ,43.5115,8.08967    ,43.1315,8.12413   ,42.7539,8.12319   ,42.3978,8.11055   ,41.9853,8.13149   ,43.5747,-8.49235  ,0.00705268 ,516,114161,47.4313,13.5416,114.426,0
695 ,41.6064,8.41253   ,41.9723,8.43817    ,42.2824,8.47421  ,42.6161,8.50395   ,42.9576,8.51908   ,43.2957,8.51526   ,43.6316,8.50144    ,44.0215,8.49442   ,44.331 ,8.5229    ,44.6362,8.63266     ,44.8836,8.85784   ,45.0195,9.15146   ,41.6064,8.41253   ,41.8346,8.72789    ,42.0745,8.83013   ,42.3381,8.89979   ,42.6155,8.94732   ,42.9044,8.97417    ,43.1962,8.98044    ,43.5396,8.96538   ,43.8369,8.95345    ,44.1756,8.97281   ,44.528 ,9.06761   ,45.0195,9.15146   ,45.1907,8.58431   ,45.0186,8.24966   ,44.7273,8.07583    ,44.394 ,8.02186   ,43.9548,8.02732   ,43.5749,8.05971    ,43.1861,8.08848   ,42.781 ,8.09992   ,42.3827,8.10641   ,42.0148,8.13709   ,43.5439,-8.54293  ,-0.0593062 ,512,113618,45.673 ,15.6112,112.184,0
696 ,41.607 ,8.40272   ,42.0049,8.42573    ,42.3565,8.47492  ,42.7207,8.50584   ,43.111 ,8.50331   ,43.4656,8.48113   ,43.8341,8.4619     ,44.2292,8.4647    ,44.5663,8.57938   ,44.7244,8.91715     ,44.7414,9.29364   ,44.6803,9.61063   ,41.607 ,8.40272   ,41.8251,8.7345     ,42.1087,8.82482   ,42.4318,8.88223   ,42.7788,8.9197    ,43.0954,8.93055    ,43.4176,8.9181     ,43.7698,8.87714   ,44.1147,8.84118    ,44.3558,8.99342   ,44.4739,9.27485   ,44.6803,9.61063   ,45.0134,9.20848   ,45.0729,8.73681   ,44.9514,8.26616    ,44.585 ,8.04513   ,44.1285,8.01044   ,43.7146,8.0398     ,43.3291,8.09194   ,42.9022,8.12386   ,42.5026,8.11234   ,42.0886,8.10321   ,43.5776,-8.5892   ,-0.134771  ,525,116936,50.0511,14.2853,119.012,0
697 ,41.6875,8.49512   ,42.0934,8.45157    ,42.4521,8.48398  ,42.8512,8.50865   ,43.2143,8.48989   ,43.6102,8.46729   ,43.9584,8.48204    ,44.3511,8.60491   ,44.5793,8.87021   ,44.5925,9.25266     ,44.5215,9.6262    ,44.4289,9.96787   ,41.6875,8.49512   ,41.957 ,8.78504    ,42.2512,8.85565   ,42.5996,8.90279   ,42.895 ,8.92465   ,43.1965,8.92559    ,43.4741,8.91458    ,43.8436,8.90904   ,44.1511,9.00536    ,44.2482,9.29162   ,44.257 ,9.62834   ,44.4289,9.96787   ,44.8045,9.53525   ,44.9488,9.11561   ,44.9748,8.65098    ,44.7749,8.25478   ,44.3301,8.03742   ,43.9065,8.01193    ,43.4272,8.06364   ,43.0014,8.11283   ,42.5531,8.10358   ,42.1268,8.11153   ,43.5824,-8.66606  ,-0.232985  ,543,119730,51.3314,15.0313,124.426,0
698 ,41.6803,8.5698    ,42.0402,8.47179    ,42.4224,8.47638  ,42.8345,8.4989    ,43.2047,8.48695   ,43.5487,8.47406   ,43.9474,8.51914    ,44.2791,8.677     ,44.4658,9.01812   ,44.4939,9.39809     ,44.4874,9.77557   ,44.4428,10.1108   ,41.6803,8.5698    ,41.9353,8.7796     ,42.2277,8.84407   ,42.5902,8.88123   ,42.926 ,8.89464   ,43.2221,8.89752    ,43.5492,8.91008    ,43.8343,8.98828   ,44.0417,9.2378     ,44.136 ,9.54304   ,44.2195,9.84028   ,44.4428,10.1108   ,44.7573,9.62112   ,44.8513,9.15552   ,44.8691,8.71029    ,44.6551,8.3102    ,44.2492,8.10685   ,43.7751,8.05007    ,43.3885,8.08529   ,42.9875,8.11383   ,42.523 ,8.10422   ,42.0523,8.1701    ,43.5497,-8.73908  ,-0.321892  ,536,119657,51.1183,13.0673,124.912,0
699 ,41.7218,8.57556   ,42.1157,8.47243    ,42.4759,8.48188  ,42.8757,8.49753   ,43.2936,8.47786   ,43.6529,8.47351   ,44.0289,8.55333    ,44.3323,8.81952   ,44.4466,9.19476   ,44.4648,9.56661     ,44.4577,9.93376   ,44.4081,10.3045   ,41.7218,8.57556   ,42.0341,8.80272    ,42.3341,8.85647   ,42.6967,8.88956   ,43.0612,8.90357   ,43.3714,8.90688    ,43.6964,8.94051    ,43.9587,9.14363   ,44.0644,9.45273    ,44.1197,9.73975   ,44.1791,10.0124   ,44.4081,10.3045   ,44.7398,9.75422   ,44.8092,9.28591   ,44.8143,8.83415    ,44.6568,8.41675   ,44.2747,8.13235   ,43.8341,8.0347     ,43.4204,8.05851   ,42.9537,8.10509   ,42.5158,8.10213   ,42.0963,8.14631   ,43.5646,-8.79705  ,-0.406424  ,546,120895,52.3667,12.36  ,125.012,0
700 ,41.7164,8.5487    ,42.1392,8.46926    ,42.5147,8.47823  ,42.8965,8.49242   ,43.3147,8.50112   ,43.6893,8.53675   ,44.073 ,8.67688    ,44.3169,8.96922   ,44.4108,9.35016   ,44.428 ,9.75671     ,44.4288,10.1475   ,44.4021,10.538    ,41.7164,8.5487    ,42.0508,8.80217    ,42.3913,8.85349   ,42.7553,8.88404   ,43.1293,8.91572   ,43.4469,8.96047    ,43.7739,9.07482    ,43.9722,9.31189   ,44.0556,9.61787    ,44.1039,9.93007   ,44.1676,10.2158   ,44.4021,10.538    ,44.6906,9.9729    ,44.7507,9.46749   ,44.7526,8.96791    ,44.6127,8.52842   ,44.276 ,8.21992   ,43.8091,8.09377    ,43.3756,8.08217   ,42.9256,8.09756   ,42.5309,8.09891   ,42.1221,8.13909   ,43.5534,-8.86174  ,-0.497738  ,556,122866,53.6368,12.411 ,125.598,0
701 ,41.6776,8.47572   ,42.0965,8.4669     ,42.475 ,8.47991  ,42.8666,8.4925    ,43.2434,8.5175    ,43.6335,8.59587   ,43.9868,8.79836    ,44.213 ,9.14255   ,44.3   ,9.50944   ,44.3366,9.89005     ,44.3828,10.3007   ,44.4146,10.6442   ,41.6776,8.47572   ,41.9404,8.76576    ,42.2137,8.84493   ,42.5158,8.8899    ,42.8359,8.92918   ,43.2167,8.99985    ,43.6016,9.17597    ,43.8376,9.49779   ,43.9343,9.82596    ,44.0006,10.1256   ,44.1043,10.4106   ,44.4146,10.6442   ,44.648 ,10.0951   ,44.6633,9.54637   ,44.6501,9.08468    ,44.5481,8.68955   ,44.2953,8.35369   ,43.9481,8.16001    ,43.5291,8.09373   ,43.088 ,8.09035   ,42.6062,8.11081   ,42.1355,8.16354   ,43.5301,-8.966    ,-0.590176  ,554,123917,52.9578,13.6582,124.184,0
702 ,41.6778,8.4652    ,42.0992,8.48858    ,42.5168,8.49772  ,42.9309,8.50674   ,43.3127,8.53527   ,43.7352,8.6501    ,44.0137,8.86299    ,44.1841,9.23152   ,44.2616,9.62725   ,44.3373,10.042      ,44.426 ,10.4319   ,44.5111,10.8069   ,41.6778,8.4652    ,41.9508,8.80943    ,42.2626,8.88301   ,42.6003,8.91488   ,42.9365,8.93174   ,43.3588,9.01012    ,43.6677,9.21283    ,43.8492,9.59976   ,43.9197,9.96383    ,44.0137,10.2828   ,44.1629,10.5549   ,44.5111,10.8069   ,44.6603,10.185    ,44.6331,9.66485   ,44.5803,9.15259    ,44.4853,8.74427   ,44.2847,8.42736   ,43.9989,8.24102    ,43.5633,8.12336   ,43.1289,8.09423   ,42.6287,8.11006   ,42.1175,8.1616    ,43.5351,-9.03964  ,-0.657822  ,557,124256,54.572 ,13.074 ,129.255,0
703 ,41.832 ,8.47361   ,42.258 ,8.48305    ,42.6831,8.50408  ,43.0392,8.52167   ,43.4654,8.57238   ,43.7939,8.72404   ,44.0963,9.03144    ,44.2407,9.36523   ,44.334 ,9.7882    ,44.3962,10.1412     ,44.4958,10.5489   ,44.5572,10.9158   ,41.832 ,8.47361   ,42.0936,8.79098    ,42.4626,8.86733   ,42.7766,8.91453   ,43.1544,8.95454   ,43.4545,9.05937    ,43.7345,9.30199    ,43.8712,9.59129   ,43.9715,9.96363    ,44.0727,10.2714   ,44.2228,10.6186   ,44.5572,10.9158   ,44.7321,10.3468   ,44.6948,9.86945   ,44.6716,9.47146    ,44.5675,8.9992    ,44.3735,8.64082   ,44.012 ,8.3121     ,43.6364,8.15048   ,43.1592,8.1218    ,42.7611,8.13885   ,42.2834,8.16404   ,43.6167,-9.11532  ,-0.722516  ,576,126821,53.8425,11.4969,132.083,0
704 ,41.828 ,8.57017   ,42.246 ,8.51022    ,42.6768,8.49593  ,43.0885,8.50283   ,43.5315,8.57645   ,43.9122,8.78754   ,44.144 ,9.07481    ,44.3182,9.49272   ,44.4189,9.88394   ,44.5177,10.3072     ,44.6061,10.7324   ,44.6659,11.1045   ,41.828 ,8.57017   ,42.1651,8.80054    ,42.5444,8.86653   ,42.9423,8.91324   ,43.3804,9.01107   ,43.7331,9.22862    ,43.9105,9.51135    ,44.0173,9.93435   ,44.1043,10.2772    ,44.2301,10.5719   ,44.374 ,10.8499   ,44.6659,11.1045   ,44.8149,10.4977   ,44.7781,9.91875   ,44.7053,9.3745     ,44.5866,8.94549   ,44.3139,8.53557   ,43.9954,8.26618    ,43.5608,8.10708   ,43.1024,8.08556   ,42.6653,8.12789   ,42.1902,8.22854   ,43.6718,-9.14802  ,-0.744436  ,576,127383,56.8004,13.9943,132.912,0
705 ,41.8823,8.5614    ,42.3137,8.53551    ,42.7467,8.53896  ,43.1098,8.55564   ,43.5391,8.65163   ,43.8591,8.84694   ,44.1031,9.1403     ,44.2944,9.55199   ,44.402 ,9.90727   ,44.5236,10.333      ,44.6334,10.6747   ,44.7202,11.0478   ,41.8823,8.5614    ,42.1878,8.8583     ,42.5678,8.92552   ,42.8909,8.95097   ,43.2753,9.02964   ,43.56  ,9.1834     ,43.7746,9.432      ,43.9405,9.79814   ,44.0493,10.1127    ,44.2031,10.4863   ,44.3571,10.7752   ,44.7202,11.0478   ,44.8649,10.44     ,44.803 ,10.0392   ,44.7125,9.55967    ,44.6016,9.1642    ,44.3459,8.72122   ,44.0399,8.41493    ,43.664 ,8.2209    ,43.1837,8.14684   ,42.7805,8.14892   ,42.299 ,8.20738   ,43.6845,-9.2212   ,-0.752502  ,587,128871,54.5267,11.2336,133.154,0
706 ,41.8893,8.54602   ,42.3221,8.54406    ,42.7815,8.5577   ,43.1681,8.58611   ,43.5787,8.68573   ,43.935 ,8.94882   ,44.1745,9.30166    ,44.3215,9.65798   ,44.4518,10.0797   ,44.5672,10.4713     ,44.6808,10.8714   ,44.8059,11.2563   ,41.8893,8.54602   ,42.2271,8.83098    ,42.6653,8.93018   ,43.043 ,8.99929   ,43.4408,9.12612   ,43.7567,9.39346    ,43.9114,9.72077    ,44.0132,10.0516   ,44.1377,10.4251    ,44.272 ,10.7317   ,44.4398,11.0284   ,44.8059,11.2563   ,44.8905,10.6027   ,44.8291,10.0967   ,44.7335,9.62554    ,44.5951,9.16219   ,44.3818,8.78008   ,44.0272,8.4116     ,43.5926,8.19722   ,43.142 ,8.15628   ,42.741 ,8.1793    ,42.2753,8.25378   ,43.7178,-9.29103  ,-0.780612  ,582,127915,56.8565,13.0354,134.811,0
707 ,41.9259,8.5926    ,42.3382,8.59075    ,42.7681,8.58709  ,43.1962,8.60128   ,43.5809,8.68998   ,43.9312,8.94562   ,44.1492,9.29076    ,44.2861,9.639     ,44.4263,10.0556   ,44.5521,10.4412     ,44.694 ,10.8283   ,44.8109,11.1855   ,41.9259,8.5926    ,42.2318,8.89686    ,42.6294,8.96523   ,43.0499,9.01465   ,43.4191,9.11223   ,43.7164,9.34866    ,43.8621,9.6591     ,43.9679,9.98617   ,44.1045,10.3478    ,44.2406,10.6581   ,44.4112,10.9634   ,44.8109,11.1855   ,44.9369,10.5845   ,44.8252,10.1135   ,44.7139,9.65534    ,44.5683,9.19148   ,44.3883,8.82232   ,44.0626,8.45175    ,43.622 ,8.22318   ,43.2057,8.17568   ,42.7588,8.20983   ,42.3151,8.28462   ,43.7652,-9.33189  ,-0.808833  ,565,125373,55.5018,12.2152,130.569,0
708 ,42.1007,8.5095    ,42.5061,8.54246    ,42.9329,8.56664  ,43.3464,8.61723   ,43.7147,8.75636   ,43.9973,9.02234   ,44.1905,9.39449    ,44.3284,9.77159   ,44.4667,10.1634   ,44.5958,10.5144     ,44.7346,10.9314   ,44.8352,11.2715   ,42.1007,8.5095    ,42.3615,8.84637    ,42.726 ,8.9473    ,43.1224,9.00975   ,43.4657,9.1187    ,43.7067,9.34179    ,43.86  ,9.69795    ,43.9871,10.0655   ,44.1354,10.414     ,44.2882,10.7138   ,44.4716,11.0544   ,44.8352,11.2715   ,44.9622,10.6885   ,44.8599,10.1969   ,44.7577,9.79761    ,44.6301,9.36964   ,44.4788,8.98308   ,44.2092,8.60202    ,43.8506,8.32947   ,43.4367,8.19931   ,42.997 ,8.17786   ,42.5159,8.22848   ,43.8489,-9.39085  ,-0.86767   ,556,124178,54.5009,11.6205,127.983,0
709 ,42.1955,8.46641   ,42.6118,8.49575    ,42.9995,8.56128  ,43.3752,8.64805   ,43.7519,8.82642   ,44.0163,9.09127   ,44.2231,9.456      ,44.3697,9.82821   ,44.5069,10.2006   ,44.6358,10.536      ,44.8118,10.9334   ,44.9528,11.2548   ,42.1955,8.46641   ,42.4635,8.79601    ,42.7692,8.90579   ,43.0848,8.99656   ,43.44  ,9.1679    ,43.6987,9.43028    ,43.8914,9.78372    ,44.0231,10.1242   ,44.1703,10.4409    ,44.3195,10.7203   ,44.5437,11.0572   ,44.9528,11.2548   ,45.0292,10.6969   ,44.9051,10.239    ,44.8041,9.85131    ,44.6769,9.42695   ,44.5055,9.02217   ,44.2567,8.6531     ,43.9645,8.41682   ,43.546 ,8.2658    ,43.0996,8.19243   ,42.6364,8.17832   ,43.9044,-9.41599  ,-0.879614  ,551,121659,53.4126,11.9984,125.397,0
710 ,42.375 ,8.35855   ,42.769 ,8.44573    ,43.1451,8.59061  ,43.5085,8.74296   ,43.8777,8.95078   ,44.1509,9.22059   ,44.3267,9.53456    ,44.4669,9.91589   ,44.6007,10.3071   ,44.7259,10.6606     ,44.8797,11.0281   ,45.0276,11.3587   ,42.375 ,8.35855   ,42.5897,8.76385    ,42.9144,8.92501   ,43.2397,9.07526   ,43.5761,9.28345   ,43.8388,9.55707    ,43.9982,9.86425    ,44.1196,10.2351   ,44.2706,10.5627    ,44.419 ,10.8477   ,44.6263,11.1477   ,45.0276,11.3587   ,45.0809,10.7871   ,44.9865,10.3532   ,44.8927,9.93737    ,44.7757,9.48712   ,44.608 ,9.09753   ,44.3855,8.78527    ,44.0748,8.54374   ,43.6735,8.36514   ,43.2712,8.21264   ,42.8367,8.0941    ,43.9813,-9.45171  ,-0.900786  ,544,120759,53.0867,12.202 ,124.468,0
711 ,42.3629,8.39216   ,42.7726,8.45037    ,43.1385,8.57862  ,43.4936,8.7487    ,43.8168,8.98896   ,44.1368,9.30855   ,44.3357,9.5785     ,44.4903,9.9371    ,44.6159,10.3268   ,44.7528,10.7459     ,44.8774,11.0938   ,44.9788,11.4451   ,42.3629,8.39216   ,42.6109,8.77305    ,42.9159,8.92003   ,43.2354,9.08796   ,43.5344,9.31538   ,43.8267,9.60717    ,44.0062,9.8571     ,44.1385,10.2112   ,44.2622,10.5597    ,44.4329,10.9001   ,44.5958,11.18     ,44.9788,11.4451   ,45.1179,10.8945   ,45.0322,10.4725   ,44.9333,9.97636    ,44.8057,9.5597    ,44.6005,9.19491   ,44.3479,8.89918    ,43.9887,8.56813   ,43.6483,8.34999   ,43.2596,8.19592   ,42.8293,8.09987   ,44.001 ,-9.51257  ,-0.908644  ,547,121082,53.5761,11.4365,124.711,0
712 ,42.3636,8.38095   ,42.8067,8.4589     ,43.164 ,8.59258  ,43.5319,8.80331   ,43.8535,9.06727   ,44.1027,9.32339   ,44.3746,9.68446    ,44.5549,10.0235   ,44.6881,10.38     ,44.8238,10.7851     ,44.9462,11.1514   ,45.0611,11.5349   ,42.3636,8.38095   ,42.6257,8.77955    ,42.9207,8.91653   ,43.2502,9.1307    ,43.5633,9.41718   ,43.8109,9.68082    ,44.0844,10.0299    ,44.2457,10.3488   ,44.3573,10.6792    ,44.5118,11.0083   ,44.6856,11.281    ,45.0611,11.5349   ,45.1672,10.9007   ,45.095 ,10.4412   ,44.9829,9.97229    ,44.8214,9.60198   ,44.5993,9.23869   ,44.3008,8.86102    ,44.0379,8.6212    ,43.7065,8.40113   ,43.3051,8.22491   ,42.8851,8.1064    ,44.0257,-9.54958  ,-0.903769  ,561,122471,54.7845,11.7131,126.953,0
713 ,42.3797,8.51064   ,42.7973,8.52075    ,43.202 ,8.61932  ,43.5306,8.81196   ,43.8555,9.10356   ,44.1071,9.37873   ,44.3537,9.6987     ,44.5623,10.0384   ,44.7286,10.4406   ,44.8571,10.8422     ,44.9612,11.2014   ,45.0493,11.5634   ,42.3797,8.51064   ,42.6671,8.82845    ,43.002 ,8.97159   ,43.291 ,9.16537   ,43.5766,9.44043   ,43.7895,9.68805    ,44.0057,9.97821    ,44.2117,10.3001   ,44.3837,10.6754    ,44.5272,11.0177   ,44.6786,11.2999   ,45.0493,11.5634   ,45.2107,10.9852   ,45.15  ,10.5476   ,45.0365,10.0984    ,44.8618,9.68182   ,44.6296,9.31679   ,44.3292,8.95859    ,44.0278,8.66048   ,43.6611,8.37828   ,43.2909,8.22432   ,42.809 ,8.20013   ,44.0549,-9.60861  ,-0.905509  ,568,123932,54.4368,11.1514,126.953,0
714 ,42.4823,8.379     ,42.9082,8.54045    ,43.251 ,8.66458  ,43.6336,8.90133   ,43.9   ,9.15136   ,44.1775,9.48423   ,44.378 ,9.8002     ,44.5878,10.1836   ,44.7469,10.5299   ,44.9032,10.904      ,45.0851,11.2686   ,45.275 ,11.5873   ,42.4823,8.379     ,42.6928,8.84311    ,43.0003,8.98926   ,43.3654,9.22784   ,43.6101,9.47282   ,43.8533,9.7882     ,44.0368,10.0965    ,44.2453,10.4668   ,44.4206,10.7827    ,44.5936,11.125    ,44.8196,11.4444   ,45.275 ,11.5873   ,45.2963,10.9956   ,45.1643,10.5746   ,45.031 ,10.1743    ,44.8803,9.80562   ,44.6599,9.40294   ,44.4199,9.06959    ,44.0862,8.72259   ,43.7929,8.48868   ,43.3907,8.29376   ,43.0086,8.19747   ,44.1019,-9.68364  ,-0.910788  ,571,126067,54.5709,11.4347,128.368,0
715 ,42.447 ,8.52173   ,42.908 ,8.59277    ,43.3073,8.71105  ,43.6652,8.93683   ,43.9613,9.22298   ,44.2467,9.59611   ,44.4512,9.95465    ,44.6327,10.3121   ,44.828 ,10.7208   ,45.0267,11.0809     ,45.2591,11.4579   ,45.4668,11.7932   ,42.447 ,8.52173   ,42.747 ,8.90621    ,43.0809,9.04908   ,43.4102,9.27299   ,43.6764,9.55266   ,43.9278,9.90707    ,44.1162,10.2444    ,44.2764,10.5489   ,44.4791,10.9001    ,44.7014,11.2393   ,45.0012,11.5963   ,45.4668,11.7932   ,45.4488,11.2146   ,45.2904,10.816    ,45.1273,10.4407    ,44.9376,9.97232   ,44.7324,9.5638    ,44.4962,9.17928    ,44.1511,8.78993   ,43.8191,8.51983   ,43.4259,8.32936   ,42.9507,8.25392   ,44.1787,-9.7914   ,-0.917412  ,587,129006,57.7584,11.3261,133.439,0
716 ,42.5252,8.65806   ,42.9544,8.66151    ,43.3611,8.79247  ,43.7486,9.07712   ,44.0211,9.35417   ,44.2765,9.68229   ,44.4997,10.0679    ,44.6925,10.4449   ,44.8956,10.8418   ,45.091 ,11.1926     ,45.3469,11.579    ,45.5046,11.9317   ,42.5252,8.65806   ,42.8149,8.96028    ,43.1457,9.13474   ,43.5012,9.43467   ,43.742 ,9.69052   ,43.96  ,9.98087    ,44.159 ,10.3253    ,44.3389,10.6694   ,44.5449,11.0448    ,44.7663,11.3674   ,45.0836,11.7105   ,45.5046,11.9317   ,45.5482,11.354    ,45.3546,10.9195   ,45.1948,10.5376    ,44.996 ,10.1237   ,44.7925,9.71763   ,44.5222,9.27984    ,44.1965,8.90381   ,43.8834,8.61889   ,43.4667,8.39515   ,42.9712,8.34644   ,44.2458,-9.90579  ,-0.926751  ,588,129557,57.8942,11.143 ,132.853,0
717 ,42.6944,8.7074    ,43.1456,8.76604    ,43.5213,8.94842  ,43.8326,9.20809   ,44.1129,9.52504   ,44.3266,9.83448   ,44.5439,10.2161    ,44.7563,10.5932   ,44.9313,10.9375   ,45.1585,11.2969     ,45.4264,11.6465   ,45.6783,11.9226   ,42.6944,8.7074    ,42.9856,9.06906    ,43.3174,9.2939    ,43.5888,9.5392    ,43.8063,9.81255   ,43.9704,10.0833    ,44.178 ,10.4375    ,44.3787,10.7878   ,44.5595,11.1051    ,44.8364,11.4599   ,45.1962,11.8049   ,45.6783,11.9226   ,45.5791,11.393    ,45.4085,11.0315   ,45.2486,10.6678    ,45.085 ,10.3045   ,44.8557,9.9002    ,44.6205,9.48604    ,44.3341,9.13037   ,43.9743,8.77811   ,43.6202,8.53618   ,43.1935,8.42963   ,44.3276,-10.0341  ,-0.940435  ,567,126145,56.1939,10.8273,130.51 ,0
718 ,42.9765,8.61754   ,43.3739,8.82315    ,43.678 ,9.04828  ,44.0049,9.35671   ,44.2621,9.68394   ,44.4697,10.0466   ,44.6557,10.3997    ,44.8482,10.7549   ,45.0562,11.1358   ,45.2762,11.4823     ,45.5013,11.8192   ,45.7256,12.1255   ,42.9765,8.61754   ,43.112 ,9.06791    ,43.3743,9.34784   ,43.6843,9.66386   ,43.9285,9.96888   ,44.1061,10.2932    ,44.2817,10.6152    ,44.4747,10.942    ,44.7073,11.2926    ,44.9773,11.6365   ,45.2832,11.9648   ,45.7256,12.1255   ,45.6592,11.5818   ,45.5082,11.2293   ,45.3494,10.8802    ,45.1724,10.4776   ,44.982 ,10.0959   ,44.7872,9.7113     ,44.5328,9.30571   ,44.2385,8.95794   ,43.8824,8.66709   ,43.5313,8.51349   ,44.4228,-10.1247  ,-0.972113  ,563,123966,55.7475,11.007 ,130.267,0
719 ,43.1154,8.62717   ,43.4535,8.84821    ,43.7946,9.14148  ,44.0901,9.43809   ,44.3322,9.73368   ,44.5145,10.0472   ,44.7015,10.4053    ,44.8929,10.7674   ,45.1015,11.13     ,45.2995,11.4705     ,45.51  ,11.81     ,45.7046,12.1435   ,43.1154,8.62717   ,43.2109,9.08861    ,43.5176,9.45767   ,43.7914,9.76582   ,44.0049,10.0387   ,44.1601,10.318     ,44.3251,10.6331    ,44.5174,10.9571   ,44.7439,11.2997    ,44.9878,11.6247   ,45.2605,11.9416   ,45.7046,12.1435   ,45.7003,11.5843   ,45.5521,11.2179   ,45.4046,10.8665    ,45.2199,10.4891   ,45.0286,10.0852   ,44.825 ,9.68946    ,44.5906,9.3336    ,44.2943,9.00902   ,43.9711,8.73252   ,43.6052,8.53792   ,44.516 ,-10.1899  ,-0.988608  ,552,121888,54.3675,11.2416,125.439,0
720 ,43.2125,8.67873   ,43.5839,8.92328    ,43.8651,9.15287  ,44.1433,9.42292   ,44.3851,9.71516   ,44.5931,10.0482   ,44.7688,10.4053    ,44.9527,10.7661   ,45.1334,11.1067   ,45.3446,11.4673     ,45.5319,11.7812   ,45.6983,12.1076   ,43.2125,8.67873   ,43.2857,9.14609    ,43.5052,9.39045   ,43.7595,9.65086   ,43.9874,9.92794   ,44.1964,10.2436    ,44.3673,10.5812    ,44.5423,10.9178   ,44.7488,11.2364    ,45.0137,11.5914   ,45.2692,11.891    ,45.6983,12.1076   ,45.7364,11.5682   ,45.6115,11.2382   ,45.4629,10.8772    ,45.3144,10.5217   ,45.127 ,10.1409   ,44.9407,9.76106    ,44.7085,9.40366   ,44.4388,9.10135   ,44.1291,8.83239   ,43.7926,8.63252   ,44.5816,-10.1997  ,-0.989036  ,538,120455,52.8427,10.9346,122.953,0
721 ,43.3114,8.59428   ,43.6186,8.87439    ,43.9059,9.13622  ,44.2067,9.42078   ,44.4436,9.67831   ,44.706 ,10.034    ,44.8815,10.3653    ,45.0386,10.6932   ,45.226 ,11.0861   ,45.3903,11.391      ,45.5798,11.7783   ,45.7051,12.1052   ,43.3114,8.59428   ,43.3024,9.04406    ,43.4923,9.2949    ,43.7375,9.5376    ,43.9516,9.76825   ,44.2406,10.1245    ,44.452 ,10.4728    ,44.6162,10.8056   ,44.8286,11.1899    ,45.0294,11.4872   ,45.3142,11.8407   ,45.7051,12.1052   ,45.7964,11.6039   ,45.6942,11.1898   ,45.5733,10.8831    ,45.4158,10.4853   ,45.2659,10.1646   ,45.1098,9.84552    ,44.8449,9.48382   ,44.5771,9.20517   ,44.2194,8.88676   ,43.848 ,8.62486   ,44.6542,-10.1705  ,-0.979803  ,536,119692,52.9009,11.4978,122.61 ,0
722 ,43.2983,8.60729   ,43.6383,8.90008    ,43.8827,9.13602  ,44.1847,9.44781   ,44.4199,9.71237   ,44.6654,10.0184   ,44.8924,10.3471    ,45.0755,10.6991   ,45.2429,11.0616   ,45.4172,11.4018     ,45.6159,11.7549   ,45.7597,12.0683   ,43.2983,8.60729   ,43.3295,9.08299    ,43.5088,9.32521   ,43.7794,9.63809   ,44.0056,9.89757   ,44.2461,10.1907    ,44.4772,10.5076    ,44.6616,10.8387   ,44.8365,11.1697    ,45.0399,11.4918   ,45.3139,11.8331   ,45.7597,12.0683   ,45.8639,11.5768   ,45.74  ,11.2119   ,45.6042,10.8605    ,45.4493,10.4714   ,45.2506,10.0961   ,45.0096,9.74712    ,44.7436,9.42185   ,44.4916,9.15208   ,44.1555,8.8469    ,43.8566,8.63357   ,44.6748,-10.2022  ,-0.966388  ,542,121383,52.7219,10.8292,123.681,0
723 ,43.259 ,8.7143    ,43.6084,8.94194    ,43.9196,9.22112  ,44.2172,9.52884   ,44.476 ,9.83704   ,44.6906,10.1296   ,44.9407,10.5012    ,45.1498,10.856    ,45.328 ,11.2086   ,45.5   ,11.544      ,45.7088,11.8855   ,45.9248,12.2262   ,43.259 ,8.7143    ,43.3626,9.14372    ,43.5921,9.45118   ,43.8361,9.74895   ,44.0614,10.031    ,44.2711,10.3049    ,44.5338,10.6634    ,44.7624,11.0079   ,44.9448,11.3407    ,45.1411,11.648    ,45.4328,11.9659   ,45.9248,12.2262   ,45.9241,11.7107   ,45.8044,11.3415   ,45.6673,10.9858    ,45.4891,10.6168   ,45.2892,10.248    ,45.043 ,9.85882    ,44.811 ,9.54229   ,44.5033,9.20475   ,44.1433,8.89204   ,43.754 ,8.65979   ,44.703 ,-10.2819  ,-0.964538  ,553,122827,54.7826,10.9744,126.51 ,0
724 ,43.2684,8.81281   ,43.6679,9.02508    ,43.962 ,9.27135  ,44.2298,9.55832   ,44.471 ,9.86393   ,44.7129,10.2117   ,44.917 ,10.5412    ,45.128 ,10.9101   ,45.3095,11.2325   ,45.5083,11.5669     ,45.7169,11.9423   ,45.8704,12.2691   ,43.2684,8.81281   ,43.3978,9.26546    ,43.6269,9.51462   ,43.8682,9.79098   ,44.0882,10.0763   ,44.3065,10.3976    ,44.5054,10.7098    ,44.7356,11.0681   ,44.9343,11.3854    ,45.1513,11.7181   ,45.4331,12.0567   ,45.8704,12.2691   ,45.9435,11.7172   ,45.8052,11.3159   ,45.6323,10.9872    ,45.4675,10.6596   ,45.2746,10.2801   ,45.0553,9.92901    ,44.7772,9.54932   ,44.5065,9.2264    ,44.2017,8.93798   ,43.8394,8.71741   ,44.7249,-10.3657  ,-0.968449  ,562,124899,54.0456,10.8338,126.61 ,0
725 ,43.3129,8.85338   ,43.7036,9.11138    ,44.0013,9.38411  ,44.2862,9.68549   ,44.5307,9.98451   ,44.757 ,10.3136   ,44.9537,10.6353    ,45.157 ,10.9989   ,45.3516,11.3545   ,45.568 ,11.7264     ,45.7821,12.0695   ,45.9577,12.4089   ,43.3129,8.85338   ,43.4279,9.33829    ,43.6811,9.64557   ,43.9398,9.94108   ,44.1629,10.2161   ,44.3625,10.514     ,44.5454,10.8176    ,44.7608,11.1786   ,44.97  ,11.526     ,45.2184,11.8837   ,45.5006,12.1979   ,45.9577,12.4089   ,46.0037,11.8407   ,45.859 ,11.4738   ,45.6837,11.0935    ,45.5039,10.7296   ,45.3083,10.3612   ,45.0918,10.021     ,44.8245,9.65556   ,44.5417,9.32825   ,44.2225,9.02595   ,43.8814,8.80527   ,44.7725,-10.4811  ,-0.971462  ,576,127489,55.0799,10.9035,127.681,0
726 ,43.3597,9.03165   ,43.7662,9.26135    ,44.1046,9.55752  ,44.3604,9.83686   ,44.614 ,10.1662   ,44.8508,10.5251   ,45.0524,10.8669    ,45.2695,11.2569   ,45.4594,11.6127   ,45.682 ,11.9758     ,45.9079,12.3638   ,46.0852,12.6907   ,43.3597,9.03165   ,43.5059,9.47531    ,43.7776,9.80364   ,44.0053,10.0758   ,44.2401,10.3833   ,44.4636,10.7202    ,44.6584,11.0471    ,44.8646,11.4152   ,45.0668,11.7486    ,45.3338,12.1167   ,45.6404,12.4851   ,46.0852,12.6907   ,46.115 ,12.132    ,45.9637,11.7284   ,45.7946,11.3742    ,45.6211,10.9996   ,45.3912,10.5901   ,45.1755,10.2302    ,44.9112,9.84222   ,44.6191,9.48531   ,44.3214,9.20391   ,43.9138,8.96575   ,44.8594,-10.6683  ,-0.981776  ,576,128558,56.8747,10.599 ,131.095,0
727 ,43.5332,9.20721   ,43.9001,9.44023    ,44.2189,9.7503   ,44.4747,10.0426   ,44.7269,10.3796   ,44.9503,10.7416   ,45.1772,11.1419    ,45.3674,11.4896   ,45.569 ,11.8542   ,45.7962,12.2343     ,46.008 ,12.6186   ,46.1753,12.9524   ,43.5332,9.20721   ,43.6344,9.67847    ,43.899 ,10.0075   ,44.1238,10.2812   ,44.3516,10.5921   ,44.5454,10.9289    ,44.7666,11.3126    ,44.9682,11.6507   ,45.196 ,12.0019    ,45.4792,12.3823   ,45.7572,12.7485   ,46.1753,12.9524   ,46.2038,12.3806   ,46.0464,11.9776   ,45.8814,11.5985    ,45.7117,11.2285   ,45.5339,10.872    ,45.2955,10.453     ,45.0275,10.0587   ,44.7286,9.68712   ,44.431 ,9.37948   ,44.065 ,9.11849   ,44.9605,-10.8774  ,-0.997496  ,581,128261,56.9722,10.8951,131.681,0
728 ,43.6857,9.34237   ,44.0022,9.60166    ,44.2945,9.9014   ,44.5857,10.2369   ,44.8203,10.5559   ,45.0071,10.8528   ,45.2276,11.2365    ,45.4102,11.5692   ,45.6101,11.9105   ,45.8198,12.2729     ,46.0187,12.6499   ,46.1599,12.9797   ,43.6857,9.34237   ,43.7344,9.82204    ,43.9496,10.1269   ,44.1949,10.4324   ,44.4135,10.7288   ,44.5892,11.0105    ,44.8072,11.3799    ,45.0012,11.704    ,45.2238,12.0415    ,45.4837,12.4002   ,45.7448,12.7543   ,46.1599,12.9797   ,46.2406,12.438    ,46.0962,12.0398   ,45.9364,11.6797    ,45.7662,11.339    ,45.5966,10.9983   ,45.3659,10.5977    ,45.1577,10.2805   ,44.8857,9.92994   ,44.538 ,9.56733   ,44.1814,9.29684   ,45.0274,-10.9935  ,-0.994684  ,558,123705,54.4843,10.7873,126.024,0
729 ,43.795 ,9.40861   ,44.0974,9.68445    ,44.3782,9.98503  ,44.6132,10.2588   ,44.8447,10.5724   ,45.0244,10.8645   ,45.22  ,11.2058    ,45.4182,11.5526   ,45.6122,11.8994   ,45.7867,12.2105     ,45.9583,12.533    ,46.1165,12.8791   ,43.795 ,9.40861   ,43.8189,9.88535    ,44.0242,10.1934   ,44.2176,10.4472   ,44.4214,10.7381   ,44.5931,11.0184    ,44.7855,11.3431    ,44.9794,11.668    ,45.1974,12.005     ,45.4169,12.3141   ,45.6423,12.6263   ,46.1165,12.8791   ,46.2195,12.3324   ,46.0974,12.0016   ,45.9705,11.6923    ,45.8009,11.3393   ,45.5983,10.9693   ,45.3999,10.6147    ,45.1994,10.3057   ,44.9196,9.96126   ,44.6342,9.66904   ,44.2925,9.39752   ,45.067 ,-11.0262  ,-1.00198   ,537,119689,51.6139,11.0653,120.61 ,0
730 ,43.8651,9.47503   ,44.1672,9.73856    ,44.4451,10.0444  ,44.6716,10.3221   ,44.9038,10.6438   ,45.109 ,10.9896   ,45.2938,11.3255    ,45.483 ,11.6629   ,45.689 ,12.0152   ,45.872 ,12.3387     ,46.0465,12.6857   ,46.2069,13.024    ,43.8651,9.47503   ,43.865 ,9.90636    ,44.0467,10.2057   ,44.2417,10.4652   ,44.47  ,10.7751   ,44.6763,11.1155    ,44.8457,11.4435    ,45.0485,11.7819   ,45.2931,12.1408    ,45.5269,12.4664   ,45.7748,12.7898   ,46.2069,13.024    ,46.2628,12.4649   ,46.156 ,12.1      ,46.0247,11.7856    ,45.8623,11.4467   ,45.6887,11.1114   ,45.4888,10.7674    ,45.2679,10.4088   ,45.0147,10.0682   ,44.7489,9.77402   ,44.383 ,9.48342   ,45.1355,-11.1234  ,-1.01311   ,542,120000,52.5586,11.1126,123.196,0
731 ,44.092 ,9.46146   ,44.3305,9.80673    ,44.5285,10.0811  ,44.7754,10.406    ,44.9884,10.7058   ,45.1754,11.0252   ,45.3714,11.3821    ,45.5355,11.698    ,45.7175,12.0338   ,45.9148,12.3992     ,46.0606,12.7325   ,46.1722,13.0495   ,44.092 ,9.46146   ,44.0013,9.96033    ,44.1403,10.2568   ,44.3509,10.5667   ,44.557 ,10.8469   ,44.7388,11.1538    ,44.9292,11.5034    ,45.1048,11.8127   ,45.318 ,12.1409    ,45.5778,12.4968   ,45.8036,12.7972   ,46.1722,13.0495   ,46.2743,12.5575   ,46.197 ,12.1926   ,46.0611,11.828     ,45.919 ,11.4912   ,45.7652,11.1717   ,45.5621,10.807     ,45.3566,10.4691   ,45.12  ,10.1397   ,44.8344,9.79474   ,44.5875,9.54802   ,45.1592,-11.1042  ,-1.0195    ,539,119977,51.0785,11.0309,122.125,0
732 ,44.0903,9.46725   ,44.3767,9.79299    ,44.6043,10.086   ,44.8353,10.3731   ,45.0879,10.7183   ,45.267 ,11.0057   ,45.4574,11.3726    ,45.6424,11.7406   ,45.8103,12.0841   ,45.9668,12.3947     ,46.1404,12.7857   ,46.2669,13.1036   ,44.0903,9.46725   ,44.0721,9.99137    ,44.2694,10.3379   ,44.491 ,10.6391   ,44.7363,10.9699   ,44.9025,11.2412    ,45.0755,11.5903    ,45.2574,11.9414   ,45.4486,12.261     ,45.635 ,12.55     ,45.8802,12.8872   ,46.2669,13.1036   ,46.3542,12.5725   ,46.2452,12.1325   ,46.1233,11.807     ,45.9797,11.4453   ,45.7943,11.0642   ,45.5771,10.6762    ,45.3724,10.3686   ,45.103 ,10.0095   ,44.8628,9.73903   ,44.6047,9.49765   ,45.2528,-11.1309  ,-1.03478   ,549,121591,52.3217,10.9255,123.539,0
733 ,44.074 ,9.44722   ,44.3252,9.78024    ,44.5995,10.1237  ,44.8261,10.4054   ,45.0578,10.7235   ,45.2629,11.0661   ,45.4424,11.3988    ,45.6175,11.7291   ,45.8   ,12.062    ,45.9795,12.4301     ,46.1101,12.7922   ,46.1953,13.1496   ,44.074 ,9.44722   ,44.0138,9.92223    ,44.1965,10.2838   ,44.3944,10.5504   ,44.6157,10.85     ,44.8266,11.187     ,45.0246,11.5227    ,45.211 ,11.8544   ,45.4052,12.1879    ,45.6172,12.5374   ,45.8278,12.8584   ,46.1953,13.1496   ,46.3555,12.6024   ,46.2917,12.2099   ,46.1425,11.839     ,45.9737,11.5097   ,45.809 ,11.1799   ,45.6466,10.8496    ,45.4313,10.4947   ,45.1704,10.1498   ,44.9086,9.84848   ,44.5533,9.52874   ,45.2531,-11.1721  ,-1.02736   ,547,122714,52.8009,10.9101,123.782,0
734 ,43.9819,9.48688   ,44.2877,9.80332    ,44.5452,10.092   ,44.8417,10.4453   ,45.055 ,10.7545   ,45.2749,11.1175   ,45.4651,11.4629    ,45.6696,11.8448   ,45.8383,12.1906   ,46.0221,12.5538     ,46.2038,12.9254   ,46.3591,13.2706   ,43.9819,9.48688   ,43.99  ,9.99837    ,44.2141,10.317    ,44.4938,10.6697   ,44.6852,10.9572   ,44.8741,11.3014    ,45.0622,11.6396    ,45.2772,12.0054   ,45.4528,12.3216    ,45.665 ,12.6571   ,45.918 ,13.0072   ,46.3591,13.2706   ,46.4402,12.7395   ,46.3261,12.3441   ,46.1738,11.9587    ,46.0131,11.5885   ,45.8162,11.19     ,45.6156,10.8307    ,45.3597,10.4489   ,45.1088,10.1179   ,44.7882,9.76793   ,44.5039,9.51777   ,45.2777,-11.2504  ,-1.02441   ,561,124373,55.2079,10.772 ,130.267,0
735 ,43.9038,9.61199   ,44.2523,9.85583    ,44.5954,10.1821  ,44.8505,10.4685   ,45.0791,10.789    ,45.2878,11.1448   ,45.4964,11.5325    ,45.6958,11.913    ,45.8669,12.257    ,46.0612,12.6147     ,46.2792,12.9964   ,46.4599,13.3331   ,43.9038,9.61199   ,44.0062,10.0345    ,44.2541,10.3669   ,44.4625,10.6299   ,44.6661,10.9245   ,44.859 ,11.2705    ,45.067 ,11.6582    ,45.2751,12.0247   ,45.4634,12.3482    ,45.6835,12.6947   ,45.9922,13.0656   ,46.4599,13.3331   ,46.5062,12.8206   ,46.3791,12.4275   ,46.2194,12.0675    ,46.0667,11.7043   ,45.8769,11.3125   ,45.6596,10.9183    ,45.4265,10.5502   ,45.145 ,10.1944   ,44.8248,9.88229   ,44.387 ,9.58383   ,45.3052,-11.2949  ,-1.0184    ,562,126011,56.0919,10.7997,128.853,0
736 ,44.0897,9.54563   ,44.3953,9.92475    ,44.6638,10.2436  ,44.9067,10.5485   ,45.1111,10.8718   ,45.3341,11.2767   ,45.5468,11.6384    ,45.7443,12.0092   ,45.9233,12.3264   ,46.1798,12.684      ,46.505 ,12.9879   ,46.8112,13.1857   ,44.0897,9.54563   ,44.1001,10.0902    ,44.3095,10.436    ,44.5298,10.7358   ,44.7255,11.0471   ,44.9321,11.4486    ,45.1472,11.8153    ,45.3604,12.207    ,45.5667,12.5492    ,45.8891,12.9289   ,46.2965,13.1987   ,46.8112,13.1857   ,46.6144,12.7006   ,46.3887,12.3412   ,46.2164,11.9986    ,46.0722,11.7048   ,45.8873,11.3572   ,45.6768,11.003     ,45.4402,10.5937   ,45.1958,10.2443   ,44.9113,9.92357   ,44.5878,9.63622   ,45.3709,-11.3742  ,-0.997603  ,581,129166,56.349 ,10.6835,131.095,0
737 ,44.0941,9.63778   ,44.4158,9.97605    ,44.6769,10.2722  ,44.9412,10.6171   ,45.1602,10.9848   ,45.3659,11.351    ,45.5961,11.7328    ,45.8067,12.0991   ,46.0236,12.4624   ,46.3204,12.8122     ,46.6327,13.0606   ,46.9622,13.2666   ,44.0941,9.63778   ,44.1338,10.1747    ,44.3489,10.5025   ,44.593 ,10.8402   ,44.7999,11.1979   ,44.9958,11.5684    ,45.2387,11.9752    ,45.4702,12.3606   ,45.7257,12.743     ,46.0877,13.1027   ,46.4278,13.2887   ,46.9622,13.2666   ,46.7284,12.7572   ,46.4582,12.4285   ,46.2515,12.0773    ,46.086 ,11.7346   ,45.8867,11.3822   ,45.6728,11.0258    ,45.465 ,10.6694   ,45.212 ,10.2833   ,44.9038,9.92238   ,44.5932,9.66531   ,45.4329,-11.4602  ,-0.982301  ,591,131885,57.4469,10.7727,133.681,0
738 ,44.1367,9.77224   ,44.4825,10.1223    ,44.7669,10.4394  ,44.9955,10.7566   ,45.2181,11.1483   ,45.4127,11.4848   ,45.6349,11.8706    ,45.855 ,12.2177   ,46.1361,12.5641   ,46.4151,12.8472     ,46.7629,13.1261   ,47.1133,13.3166   ,44.1367,9.77224   ,44.2043,10.3371    ,44.439 ,10.6587   ,44.6411,10.9692   ,44.8521,11.3694   ,45.058 ,11.7257    ,45.2869,12.1327    ,45.5376,12.5089   ,45.8772,12.881     ,46.2143,13.163    ,46.5974,13.3686   ,47.1133,13.3166   ,46.8273,12.813    ,46.5197,12.4413   ,46.3078,12.1497    ,46.1011,11.8258   ,45.927 ,11.5113   ,45.7134,11.1483    ,45.5288,10.8307   ,45.2848,10.4415   ,45.0045,10.1116   ,44.6657,9.80981   ,45.4952,-11.5667  ,-0.965397  ,578,129328,57.5964,10.9414,133.581,0
739 ,44.2513,9.95377   ,44.6062,10.1939    ,44.8704,10.5207  ,45.0976,10.8766   ,45.2996,11.2266   ,45.4964,11.5821   ,45.7127,11.937     ,45.9205,12.2451   ,46.1806,12.5618   ,46.481 ,12.8731     ,46.7842,13.1594   ,47.0348,13.4106   ,44.2513,9.95377   ,44.3727,10.4506    ,44.5687,10.7909   ,44.7655,11.1345   ,44.9443,11.479    ,45.1477,11.8534    ,45.3816,12.2281    ,45.6322,12.5592   ,45.9413,12.8964    ,46.273 ,13.1844   ,46.5936,13.3764   ,47.0348,13.4106   ,46.8783,12.8519   ,46.5859,12.4604   ,46.3258,12.1212    ,46.1337,11.827    ,45.9797,11.5444   ,45.7875,11.2091    ,45.5977,10.8736   ,45.3698,10.5182   ,45.1003,10.1496   ,44.7579,9.85981   ,45.5947,-11.6482  ,-0.969814  ,564,125901,55.0222,11.1404,128.51 ,0
740 ,44.4686,9.99568   ,44.764 ,10.3319    ,45.0061,10.662   ,45.1984,10.9914   ,45.3971,11.3593   ,45.6019,11.7267   ,45.7961,12.0566    ,46.0484,12.4023   ,46.3155,12.6991   ,46.6182,12.9787     ,46.9323,13.2321   ,47.2407,13.4619   ,44.4686,9.99568   ,44.4933,10.5614    ,44.6908,10.9131   ,44.8611,11.2408   ,45.0471,11.6174   ,45.2561,12.0014    ,45.4793,12.3567    ,45.7913,12.741    ,46.1127,13.0555    ,46.4311,13.29     ,46.7484,13.4351   ,47.2407,13.4619   ,47.013 ,12.948    ,46.7014,12.5778   ,46.423 ,12.2453    ,46.2261,11.964    ,46.0511,11.6599   ,45.8963,11.3598    ,45.6971,11.0097   ,45.4843,10.6488   ,45.2594,10.3161   ,44.9588,10.0118   ,45.7036,-11.7593  ,-0.962738  ,560,125466,55.0554,11.1169,128.267,0
741 ,44.6493,10.1401   ,44.8962,10.4785    ,45.144 ,10.8068  ,45.3468,11.1285   ,45.4966,11.4446   ,45.6808,11.7949   ,45.9013,12.1525    ,46.1356,12.4623   ,46.3838,12.7208   ,46.7008,13.0066     ,46.9661,13.2293   ,47.2702,13.447    ,44.6493,10.1401   ,44.6085,10.6628    ,44.799 ,11.0316   ,44.9941,11.3563   ,45.1376,11.6937   ,45.331 ,12.0727    ,45.5721,12.4572    ,45.845 ,12.7883   ,46.1319,13.0402    ,46.477 ,13.2786   ,46.7589,13.4237   ,47.2702,13.447    ,47.0856,12.9639   ,46.8345,12.6568   ,46.5478,12.3154    ,46.3522,12.0496   ,46.1711,11.7577   ,45.9797,11.4291    ,45.8148,11.1068   ,45.6497,10.8094   ,45.4211,10.4892   ,45.1118,10.2006   ,45.7898,-11.8235  ,-0.96173   ,543,121546,52.3996,11.2936,123.196,0
742 ,44.7292,10.2644   ,45.0242,10.5628    ,45.2806,10.8411  ,45.4892,11.1215   ,45.6875,11.4888   ,45.8276,11.796    ,46.0389,12.154     ,46.2497,12.4327   ,46.53  ,12.7437   ,46.7968,12.9915     ,47.0717,13.2189   ,47.3691,13.4384   ,44.7292,10.2644   ,44.7384,10.7594    ,44.9385,11.07     ,45.1321,11.351    ,45.3292,11.7273   ,45.4655,12.0541    ,45.6958,12.4337    ,45.9479,12.7341   ,46.2897,13.0537    ,46.5868,13.2645   ,46.8888,13.4189   ,47.3691,13.4384   ,47.1653,12.9473   ,46.9148,12.6378   ,46.6865,12.3481    ,46.4767,12.0387   ,46.3193,11.7822   ,46.1477,11.451     ,46.0047,11.1599   ,45.7843,10.799    ,45.542 ,10.518    ,45.2232,10.2786   ,45.912 ,-11.8206  ,-0.96094   ,529,118433,51.2546,11.1675,120.61 ,0
743 ,44.7461,10.2041   ,44.9824,10.5318    ,45.2331,10.8361  ,45.4829,11.1402   ,45.6915,11.4267   ,45.8889,11.7762   ,46.0638,12.0817    ,46.2923,12.408    ,46.5385,12.6968   ,46.8019,12.9618     ,47.1055,13.2172   ,47.39  ,13.4084   ,44.7461,10.2041   ,44.6832,10.7004    ,44.8593,11.0337   ,45.0862,11.3336   ,45.3005,11.6174   ,45.5131,11.9752    ,45.6885,12.2912    ,45.9466,12.6414   ,46.2446,12.9563    ,46.554 ,13.222    ,46.9004,13.4171   ,47.39  ,13.4084   ,47.2244,12.951    ,46.962 ,12.6192   ,46.7462,12.3423    ,46.5636,12.0787   ,46.3843,11.7829   ,46.2199,11.4917    ,46.021 ,11.1438   ,45.8003,10.8472   ,45.5206,10.5358   ,45.2061,10.2664   ,45.9412,-11.8283  ,-0.935849  ,528,119328,51.4168,10.5968,119.439,0
744 ,44.6624,10.2256   ,44.9172,10.5626    ,45.1659,10.8489  ,45.4064,11.1452   ,45.6463,11.4804   ,45.8659,11.8051   ,46.0899,12.1302    ,46.3438,12.4659   ,46.6032,12.7593   ,46.8749,13.0291     ,47.1724,13.2892   ,47.4478,13.5085   ,44.6624,10.2256   ,44.611 ,10.734     ,44.7899,11.0284   ,44.9981,11.3138   ,45.231 ,11.648    ,45.4658,11.9876    ,45.7173,12.3367    ,46.0048,12.6991   ,46.3064,13.0132    ,46.6151,13.2769   ,46.9507,13.4782   ,47.4478,13.5085   ,47.3134,13.0332   ,47.0447,12.6969   ,46.8102,12.4092    ,46.6035,12.1348   ,46.397 ,11.8301   ,46.2034,11.5301    ,45.998 ,11.2191   ,45.7381,10.8783   ,45.458 ,10.5715   ,45.146 ,10.3009   ,45.94  ,-11.8716  ,-0.907279  ,537,120218,53.0649,10.7782,121.924,0
745 ,44.6198,10.3      ,44.9087,10.5842    ,45.1793,10.895   ,45.4385,11.2299   ,45.6448,11.5172   ,45.8834,11.8498   ,46.1369,12.1808    ,46.3999,12.4937   ,46.639 ,12.756    ,46.9264,13.047      ,47.2421,13.337    ,47.5086,13.5682   ,44.6198,10.3      ,44.6648,10.8       ,44.8763,11.1493   ,45.1018,11.4779   ,45.2895,11.7586   ,45.5145,12.0933    ,45.772 ,12.4369    ,46.0548,12.7539   ,46.3198,13.0093    ,46.6359,13.278    ,47.0028,13.5072   ,47.5086,13.5682   ,47.4067,13.0992   ,47.1345,12.7361   ,46.8777,12.416     ,46.6675,12.1458   ,46.4281,11.8317   ,46.1822,11.511     ,45.9325,11.1806   ,45.7037,10.8855   ,45.4056,10.5474   ,45.0762,10.2883   ,45.9933,-11.9287  ,-0.888825  ,543,121625,53.6709,10.9471,124.51 ,0
746 ,44.7639,10.3196   ,45.028 ,10.6608    ,45.2763,10.9801  ,45.4947,11.2757   ,45.7414,11.6254   ,45.9681,11.9279   ,46.2322,12.2451    ,46.5288,12.5742   ,46.7774,12.8405   ,47.0545,13.1307     ,47.3395,13.4183   ,47.6072,13.6459   ,44.7639,10.3196   ,44.7204,10.8319    ,44.9033,11.1441   ,45.09  ,11.4246   ,45.3132,11.7721   ,45.5264,12.0783    ,45.7942,12.4059    ,46.1227,12.7582   ,46.4156,13.0476    ,46.7544,13.3546   ,47.112 ,13.6223   ,47.6072,13.6459   ,47.4897,13.1393   ,47.267 ,12.8156   ,47.0414,12.5297    ,46.8342,12.2808   ,46.5764,11.9758   ,46.33  ,11.6752    ,46.0983,11.379    ,45.8276,11.027    ,45.5762,10.7206   ,45.2683,10.4053   ,46.0896,-12.0103  ,-0.881561  ,555,123524,53.8168,11.0256,124.167,0
747 ,44.9486,10.3832   ,45.1596,10.759     ,45.3968,11.1013  ,45.5997,11.4045   ,45.8526,11.7621   ,46.0813,12.0494   ,46.3427,12.354     ,46.6305,12.6682   ,46.9203,12.97     ,47.1913,13.2362     ,47.4733,13.4899   ,47.7914,13.7291   ,44.9486,10.3832   ,44.8517,10.9135    ,45.0279,11.2636   ,45.2067,11.5635   ,45.4382,11.9246   ,45.6622,12.2214    ,45.9355,12.5438    ,46.2544,12.8847   ,46.5919,13.2137    ,46.9104,13.4887   ,47.2374,13.7087   ,47.7914,13.7291   ,47.6332,13.2059   ,47.3856,12.9009   ,47.154 ,12.6297    ,46.9088,12.3474   ,46.6584,12.0605   ,46.4192,11.7792    ,46.1974,11.5074   ,45.9344,11.1584   ,45.7075,10.8531   ,45.4093,10.5192   ,46.2175,-12.1288  ,-0.875511  ,556,125407,54.2647,10.7525,124.167,0
748 ,45.0943,10.5282   ,45.2803,10.8958    ,45.5438,11.2702  ,45.7758,11.6034   ,46.0244,11.9468   ,46.2649,12.2458   ,46.5576,12.569     ,46.8483,12.8623   ,47.1605,13.1524   ,47.471 ,13.4164     ,47.777 ,13.6305   ,48.1476,13.8072   ,45.0943,10.5282   ,45.0002,11.075     ,45.2117,11.5063   ,45.4389,11.8614   ,45.699 ,12.2345   ,45.9536,12.5554    ,46.2464,12.8664    ,46.5433,13.1462   ,46.8794,13.4271    ,47.2156,13.675    ,47.5568,13.8437   ,48.1476,13.8072   ,47.9096,13.3632   ,47.6387,13.0877   ,47.3521,12.7969    ,47.0663,12.4941   ,46.7918,12.1896   ,46.5062,11.8533    ,46.2841,11.5722   ,46.054 ,11.2611   ,45.8169,10.9517   ,45.5071,10.6337   ,46.4024,-12.2823  ,-0.842215  ,567,127141,55.895 ,10.9578,128.752,0
749 ,45.112 ,10.7993   ,45.4093,11.0825    ,45.6856,11.4179  ,45.9283,11.7542   ,46.1648,12.0683   ,46.4428,12.3994   ,46.7057,12.6803    ,46.9829,12.9478   ,47.3049,13.2265   ,47.6111,13.463      ,47.9422,13.6993   ,48.2699,13.8787   ,45.112 ,10.7993   ,45.1814,11.3367    ,45.4008,11.7215   ,45.6399,12.0803   ,45.8931,12.4189   ,46.1923,12.7739    ,46.4672,13.0614    ,46.7554,13.3187   ,47.0852,13.5624    ,47.3864,13.7348   ,47.7303,13.9001   ,48.2699,13.8787   ,48.0733,13.4443   ,47.7506,13.1275   ,47.4341,12.8166    ,47.1172,12.4905   ,46.8541,12.2072   ,46.6093,11.9294    ,46.3642,11.6256   ,46.1543,11.3414   ,45.9099,11.0338   ,45.5743,10.7637   ,46.5417,-12.3963  ,-0.824923  ,549,123635,54.6199,11.5512,125.338,0
750 ,45.2795,10.9636   ,45.5268,11.2588    ,45.8001,11.5403  ,46.0603,11.8544   ,46.2914,12.1409   ,46.557 ,12.4287   ,46.8258,12.6986    ,47.1142,12.9679   ,47.4012,13.2255   ,47.675 ,13.4647     ,47.9925,13.7296   ,48.2578,13.9567   ,45.2795,10.9636   ,45.3053,11.546     ,45.578 ,11.9279   ,45.857 ,12.2927   ,46.0707,12.5873   ,46.3014,12.8402    ,46.544 ,13.0723    ,46.8193,13.2958   ,47.1   ,13.496     ,47.3761,13.6691   ,47.7359,13.8393   ,48.2578,13.9567   ,48.1847,13.5658   ,47.8978,13.1951   ,47.6217,12.8833    ,47.326 ,12.5641   ,47.0274,12.2472   ,46.7413,11.9424    ,46.4517,11.6234   ,46.2073,11.3447   ,45.9617,11.0858   ,45.6899,10.9148   ,46.6351,-12.4368  ,-0.797723  ,536,118829,52.0105,12.7109,119.681,0
751 ,45.4309,10.9887   ,45.6593,11.3349    ,45.8831,11.5944  ,46.145 ,11.8993   ,46.3687,12.1696   ,46.6452,12.49     ,46.8746,12.7315    ,47.1635,13.0072   ,47.4532,13.2643   ,47.7281,13.4966     ,48.0156,13.7377   ,48.2879,13.9784   ,45.4309,10.9887   ,45.4328,11.5864    ,45.6546,11.9379   ,45.9226,12.2955   ,46.1442,12.5864   ,46.4189,12.9195    ,46.6426,13.1521    ,46.922 ,13.3912   ,47.2001,13.5849    ,47.4646,13.7302   ,47.7739,13.8683   ,48.2879,13.9784   ,48.1903,13.5504   ,47.9152,13.1991   ,47.625 ,12.8734    ,47.3211,12.5462   ,47.0274,12.2309   ,46.7988,11.9797    ,46.5284,11.6745   ,46.303 ,11.4267   ,46.0459,11.1753   ,45.8271,11.0126   ,46.7161,-12.4966  ,-0.801927  ,518,116609,51.0003,12.4317,117.095,0
752 ,45.3821,11.1008   ,45.6552,11.3978    ,45.9371,11.6638  ,46.191 ,11.9228   ,46.4416,12.2013   ,46.6979,12.4933   ,46.9768,12.7946    ,47.2282,13.0478   ,47.5209,13.3189   ,47.8047,13.5618     ,48.0724,13.7788   ,48.3654,14.0024   ,45.3821,11.1008   ,45.4228,11.6548    ,45.6914,11.9969   ,45.9512,12.29     ,46.2042,12.589    ,46.4628,12.8951    ,46.7511,13.2027    ,47.009 ,13.4437   ,47.2985,13.6646    ,47.5785,13.8256   ,47.8675,13.9463   ,48.3654,14.0024   ,48.2041,13.5526   ,47.9512,13.232    ,47.6606,12.8993    ,47.3632,12.5698   ,47.1201,12.3002   ,46.8574,12.0066    ,46.6075,11.7322   ,46.3588,11.4789   ,46.1102,11.2604   ,45.8222,11.0796   ,46.7725,-12.5458  ,-0.79323   ,522,117061,51.184 ,11.9583,119.338,0
753 ,45.2675,11.1418   ,45.5731,11.4338    ,45.8509,11.667   ,46.1422,11.9525   ,46.3901,12.2215   ,46.626 ,12.4927   ,46.9002,12.8024    ,47.148 ,13.0547   ,47.4448,13.3149   ,47.7423,13.5355     ,48.0761,13.761    ,48.3792,13.9383   ,45.2675,11.1418   ,45.3255,11.6926    ,45.5783,11.9643   ,45.8677,12.2768   ,46.1235,12.5706   ,46.3686,12.8637    ,46.6585,13.1937    ,46.9208,13.4509   ,47.2216,13.6815    ,47.5151,13.8325   ,47.8646,13.9601   ,48.3792,13.9383   ,48.2078,13.5088   ,47.8842,13.1789   ,47.5832,12.8794    ,47.2912,12.5775   ,47.0617,12.324    ,46.8061,12.0319    ,46.5756,11.7815   ,46.3328,11.5415   ,46.0418,11.2964   ,45.7467,11.1161   ,46.7308,-12.5707  ,-0.778238  ,530,118005,51.6448,11.757 ,124.167,0
754 ,45.3016,11.1496   ,45.5806,11.492     ,45.8213,11.7549  ,46.1217,12.0806   ,46.3813,12.3616   ,46.6435,12.6409   ,46.9096,12.9126    ,47.2152,13.2009   ,47.508 ,13.4366   ,47.8759,13.6594     ,48.2248,13.8407   ,48.5392,14.007    ,45.3016,11.1496   ,45.3635,11.7005    ,45.5781,12.0408   ,45.8712,12.4226   ,46.1265,12.7277   ,46.3877,13.0191    ,46.661 ,13.2991    ,46.9783,13.5854   ,47.2784,13.7922    ,47.6663,13.9379   ,48.0624,14.0263   ,48.5392,14.007    ,48.3146,13.6169   ,48.0043,13.3372   ,47.6553,13.0212    ,47.3663,12.7396   ,47.0694,12.4376   ,46.8112,12.17      ,46.5494,11.9021   ,46.2858,11.6448   ,45.9808,11.3782   ,45.7242,11.2016   ,46.7306,-12.6621  ,-0.75677   ,538,120288,53.5395,11.6919,121.924,0
755 ,45.3283,11.1448   ,45.5589,11.4805    ,45.8164,11.7783  ,46.0923,12.084    ,46.3715,12.3894   ,46.6652,12.6964   ,46.939 ,12.9621    ,47.2628,13.2532   ,47.5696,13.4937   ,47.9151,13.6985     ,48.2731,13.8464   ,48.6272,13.9392   ,45.3283,11.1448   ,45.3272,11.6884    ,45.5638,12.0804   ,45.8436,12.4446   ,46.1238,12.7768   ,46.4088,13.084     ,46.682 ,13.3414    ,47.0105,13.6159   ,47.316 ,13.8215    ,47.6726,13.9685   ,48.0913,14.0506   ,48.6272,13.9392   ,48.3663,13.6105   ,48.0694,13.3843   ,47.7376,13.1047    ,47.4242,12.8123   ,47.1029,12.4948   ,46.8342,12.2206    ,46.5388,11.9149   ,46.2613,11.6359   ,45.9919,11.3893   ,45.7247,11.1921   ,46.7628,-12.7059  ,-0.743725  ,546,121986,54.2043,11.8046,123.095,0
756 ,45.3412,11.1584   ,45.5702,11.4984    ,45.8644,11.8049  ,46.152 ,12.1041   ,46.443 ,12.4101   ,46.7291,12.7029   ,47.004 ,12.9697    ,47.3231,13.2464   ,47.6434,13.4906   ,47.9842,13.7151     ,48.3292,13.8945   ,48.69  ,14.0049   ,45.3412,11.1584   ,45.3395,11.745     ,45.6393,12.1315   ,45.9341,12.4747   ,46.2153,12.8026   ,46.4763,13.0938    ,46.7151,13.3322    ,46.9997,13.5631   ,47.3204,13.7695    ,47.6808,13.9575   ,48.0874,14.099    ,48.69  ,14.0049   ,48.4944,13.6548   ,48.2123,13.4275   ,47.8883,13.1553    ,47.565 ,12.8635   ,47.2157,12.5337   ,46.901 ,12.2315    ,46.588 ,11.9309   ,46.2868,11.6462   ,46.0104,11.3965   ,45.7365,11.1831   ,46.8477,-12.7352  ,-0.736588  ,557,124243,55.0125,11.7897,125.581,0
757 ,45.4263,11.1609   ,45.6761,11.5486    ,45.9513,11.8635  ,46.221 ,12.1486   ,46.5084,12.4405   ,46.8042,12.7309   ,47.0951,13.0032    ,47.4108,13.2764   ,47.7351,13.5231   ,48.0803,13.7562     ,48.4342,13.9694   ,48.7693,14.1697   ,45.4263,11.1609   ,45.4206,11.7426    ,45.648 ,12.1133   ,45.8947,12.4202   ,46.1713,12.7238   ,46.4675,13.0244    ,46.7673,13.306     ,47.0955,13.5816   ,47.4277,13.8115    ,47.7813,14.0062   ,48.1791,14.1432   ,48.7693,14.1697   ,48.6116,13.7497   ,48.3019,13.4568   ,47.9646,13.1787    ,47.6399,12.8999   ,47.3279,12.6139   ,47.0422,12.342     ,46.7481,12.0595   ,46.4544,11.7808   ,46.1697,11.5207   ,45.8632,11.2699   ,46.9361,-12.7799  ,-0.722515  ,564,126366,55.7331,10.9416,126.409,0
758 ,45.3285,11.3417   ,45.7029,11.6048    ,46.0202,11.9019  ,46.2934,12.1907   ,46.6262,12.5466   ,46.9288,12.8446   ,47.2294,13.1068    ,47.5665,13.3647   ,47.9374,13.6201   ,48.2688,13.8578     ,48.5906,14.0972   ,48.9224,14.3509   ,45.3285,11.3417   ,45.5056,11.8919    ,45.8089,12.2616   ,46.0897,12.5884   ,46.4302,12.9656   ,46.7335,13.2634    ,47.0323,13.5091    ,47.3674,13.7417   ,47.7287,13.9509    ,48.0509,14.128    ,48.3885,14.2807   ,48.9224,14.3509   ,48.7058,13.8464   ,48.3912,13.5188   ,48.0531,13.2245    ,47.6713,12.92     ,47.3276,12.6229   ,47.0225,12.3303    ,46.7238,12.0253   ,46.4052,11.6939   ,46.1407,11.4507   ,45.8116,11.2455   ,47.0154,-12.8296  ,-0.725993  ,574,129026,57.6914,12.0803,132.652,0
759 ,45.333 ,11.3021   ,45.7366,11.6149    ,46.0265,11.8994  ,46.3686,12.27     ,46.6841,12.6082   ,46.9643,12.8828   ,47.2953,13.1682    ,47.6618,13.4446   ,48.068 ,13.7353   ,48.4129,14.0082     ,48.7284,14.3389   ,48.9725,14.6524   ,45.333 ,11.3021   ,45.5309,11.8903    ,45.8036,12.2347   ,46.1411,12.6389   ,46.4429,12.9789   ,46.7113,13.2442    ,47.0329,13.509     ,47.3977,13.7689   ,47.7965,14.0189    ,48.136 ,14.2149   ,48.484 ,14.4517   ,48.9725,14.6524   ,48.9064,14.1393   ,48.5959,13.7229   ,48.238 ,13.3772    ,47.8231,13.0465   ,47.4496,12.74     ,47.1045,12.4155    ,46.8159,12.1241   ,46.4964,11.7912   ,46.1521,11.4639   ,45.8482,11.2553   ,47.1124,-12.9249  ,-0.735629  ,599,133196,60.9361,11.4388,138.066,0
760 ,45.5005,11.264    ,45.8121,11.64      ,46.091 ,11.952   ,46.3864,12.2803   ,46.6945,12.613    ,47.0183,12.9321   ,47.338 ,13.2049    ,47.6995,13.4781   ,48.0509,13.7437   ,48.3804,14.0162     ,48.7227,14.3537   ,48.9839,14.654    ,45.5005,11.264    ,45.539 ,11.8453    ,45.7857,12.2089   ,46.0662,12.5519   ,46.352 ,12.8804   ,46.6586,13.193     ,46.9715,13.4578    ,47.3267,13.7071   ,47.6758,13.939     ,48.018 ,14.1623   ,48.4264,14.4563   ,48.9839,14.654    ,48.9395,14.1661   ,48.6516,13.7892   ,48.3281,13.4733    ,47.9698,13.1728   ,47.5996,12.8682   ,47.2695,12.5697    ,46.9315,12.2351   ,46.6069,11.898    ,46.2998,11.5881   ,45.9987,11.3364   ,47.1302,-12.9394  ,-0.739431  ,599,133755,59.8244,10.7042,136.066,0
761 ,45.4915,11.2777   ,45.7887,11.6192    ,46.1371,11.9893  ,46.4429,12.3299   ,46.7426,12.655    ,47.0699,12.9618   ,47.4128,13.2491    ,47.7586,13.5273   ,48.1064,13.8132   ,48.4449,14.104      ,48.7958,14.4243   ,49.1031,14.6857   ,45.4915,11.2777   ,45.5438,11.8506    ,45.8772,12.2902   ,46.1709,12.6513   ,46.4533,12.9796   ,46.7874,13.2866    ,47.1523,13.5766    ,47.5033,13.8304   ,47.8399,14.0644    ,48.1706,14.2912   ,48.5566,14.5538   ,49.1031,14.6857   ,48.9542,14.2196   ,48.6248,13.8335   ,48.274 ,13.4795    ,47.9144,13.1437   ,47.5751,12.8421   ,47.2557,12.5509    ,46.9442,12.2407   ,46.6293,11.912    ,46.3081,11.5917   ,45.9522,11.3033   ,47.1539,-12.9536  ,-0.747926  ,591,132343,61.081 ,10.8804,138.551,0
762 ,45.6088,11.3234   ,45.9002,11.6901    ,46.2086,12.0301  ,46.4778,12.3363   ,46.7801,12.6762   ,47.0576,12.9475   ,47.4102,13.2495    ,47.7542,13.516    ,48.0794,13.7706   ,48.391 ,14.0414     ,48.7136,14.3592   ,48.948 ,14.6743   ,45.6088,11.3234   ,45.6163,11.8444    ,45.8518,12.1903   ,46.0779,12.4899   ,46.3474,12.8361   ,46.6105,13.1198    ,46.9718,13.4367    ,47.33  ,13.7014   ,47.6723,13.9374    ,48.0126,14.1781   ,48.3971,14.4436   ,48.948 ,14.6743   ,48.9584,14.1964   ,48.6817,13.8256   ,48.3955,13.5294    ,48.0825,13.2579   ,47.7473,12.9802   ,47.4075,12.6859    ,47.1258,12.4229   ,46.7892,12.0811   ,46.4744,11.7688   ,46.1031,11.4463   ,47.2119,-12.9926  ,-0.750643  ,570,128652,58.2835,11.1286,132.652,0
763 ,45.6968,11.4428   ,45.9879,11.7862    ,46.2685,12.0956  ,46.5525,12.4226   ,46.8241,12.7276   ,47.1457,13.0341   ,47.4642,13.2999    ,47.793 ,13.5629   ,48.1556,13.8496   ,48.454 ,14.0971     ,48.7753,14.3876   ,49.0842,14.6503   ,45.6968,11.4428   ,45.729 ,11.9884    ,45.9552,12.3236   ,46.2064,12.6557   ,46.4549,12.9653   ,46.754 ,13.2631    ,47.0802,13.5304    ,47.4252,13.7907   ,47.8057,14.0542    ,48.1233,14.2624   ,48.4951,14.511    ,49.0842,14.6503   ,48.9789,14.1937   ,48.7009,13.8593   ,48.4179,13.5758    ,48.0672,13.2605   ,47.7549,12.9938   ,47.4514,12.7294    ,47.1168,12.4084   ,46.8187,12.0967   ,46.5   ,11.7755   ,46.1708,11.502    ,47.2754,-13.059   ,-0.747793  ,569,128948,57.4236,10.7707,132.409,0
764 ,45.7307,11.7018   ,46.0712,11.9773    ,46.3791,12.2668  ,46.6423,12.5426   ,46.9488,12.8555   ,47.2333,13.1142   ,47.571 ,13.3938    ,47.8741,13.6391   ,48.2212,13.9245   ,48.5137,14.1695     ,48.8292,14.4359   ,49.1442,14.6721   ,45.7307,11.7018   ,45.8922,12.2235    ,46.1508,12.5722   ,46.3834,12.8748   ,46.679 ,13.2105   ,46.9782,13.4822    ,47.335 ,13.7586    ,47.6408,13.9765   ,47.9775,14.2076    ,48.2604,14.3888   ,48.5964,14.5815   ,49.1442,14.6721   ,48.986 ,14.2277   ,48.685 ,13.8806   ,48.3791,13.5704    ,48.0202,13.2306   ,47.7216,12.96     ,47.4055,12.6742    ,47.1398,12.4239   ,46.8266,12.131    ,46.5308,11.8845   ,46.1747,11.667    ,47.3455,-13.1404  ,-0.74296   ,561,125312,55.6015,11.2098,127.581,0
765 ,45.9855,11.6427   ,46.207 ,11.9932    ,46.4857,12.3374  ,46.7435,12.636    ,47.0082,12.9219   ,47.2899,13.188    ,47.6285,13.4716    ,47.931 ,13.7153   ,48.2308,13.9568   ,48.558 ,14.222      ,48.8648,14.4706   ,49.1727,14.6757   ,45.9855,11.6427   ,45.963 ,12.1905    ,46.1984,12.6102   ,46.4451,12.9384   ,46.7102,13.2448   ,47.0041,13.5263    ,47.3603,13.8092    ,47.6708,14.0329   ,47.9689,14.2331    ,48.294 ,14.4329   ,48.6295,14.6165   ,49.1727,14.6757   ,49.0255,14.2665   ,48.7425,13.9465   ,48.4081,13.6121    ,48.1047,13.3284   ,47.8107,13.0642   ,47.4932,12.7765    ,47.2287,12.5194   ,46.9679,12.2495   ,46.7002,11.978    ,46.3884,11.7132   ,47.4006,-13.2048  ,-0.745182  ,543,121849,54.3955,10.9791,123.924,0
766 ,45.8886,11.8112   ,46.2125,12.051     ,46.5295,12.3383  ,46.7964,12.6203   ,47.0812,12.9177   ,47.347 ,13.1748   ,47.6721,13.4651    ,47.9561,13.7076   ,48.2834,13.9818   ,48.5531,14.2078     ,48.8917,14.4764   ,49.1914,14.6607   ,45.8886,11.8112   ,46.0247,12.3261    ,46.3427,12.7317   ,46.6403,13.0779   ,46.9522,13.4107   ,47.2309,13.672     ,47.5531,13.9337    ,47.8212,14.1301   ,48.1191,14.331     ,48.3646,14.4856   ,48.7067,14.6635   ,49.1914,14.6607   ,48.9951,14.2304   ,48.6532,13.8558   ,48.3556,13.5558    ,47.9962,13.2049   ,47.697 ,12.9148   ,47.3725,12.5928    ,47.1254,12.3386   ,46.8749,12.08     ,46.6399,11.8675   ,46.3201,11.7136   ,47.4424,-13.2156  ,-0.753779  ,533,120124,53.6595,13.3492,121.924,0
767 ,45.9106,11.7218   ,46.205 ,12.033     ,46.4826,12.2834  ,46.7772,12.5565   ,47.0797,12.8535   ,47.3504,13.124    ,47.6667,13.4271    ,47.9456,13.6829   ,48.2531,13.9586   ,48.5357,14.2086     ,48.8523,14.4899   ,49.1491,14.7214   ,45.9106,11.7218   ,46.0189,12.3028    ,46.2818,12.6303   ,46.5582,12.932    ,46.8308,13.232    ,47.0735,13.4954    ,47.364 ,13.7714    ,47.6317,13.9895   ,47.9347,14.2093    ,48.2213,14.3922   ,48.5779,14.5945   ,49.1491,14.7214   ,49.0667,14.3329   ,48.7826,13.9653   ,48.4969,13.6416    ,48.1805,13.3045   ,47.8894,13.0079   ,47.5494,12.6755    ,47.2521,12.3985   ,46.9215,12.1102   ,46.6114,11.8709   ,46.3273,11.7058   ,47.4583,-13.2064  ,-0.756712  ,534,119467,54.3024,11.6257,121.338,0
768 ,45.9483,11.7982   ,46.24  ,12.068     ,46.5483,12.352   ,46.8412,12.6239   ,47.1167,12.8886   ,47.4114,13.1738   ,47.7084,13.4568    ,47.9932,13.719    ,48.2546,13.9471   ,48.5579,14.1965     ,48.8545,14.4593   ,49.1306,14.7311   ,45.9483,11.7982   ,46.0239,12.338     ,46.2986,12.6779   ,46.5619,12.9419   ,46.8132,13.1929   ,47.0957,13.4732    ,47.3886,13.7516    ,47.6718,14.0009   ,47.9353,14.2072    ,48.2525,14.4091   ,48.5934,14.6084   ,49.1306,14.7311   ,49.0542,14.251    ,48.7924,13.9261   ,48.4908,13.6166    ,48.2224,13.3537   ,47.9304,13.0699   ,47.6275,12.7784    ,47.325 ,12.4921   ,47.0335,12.2241   ,46.7183,11.9522   ,46.3842,11.7336   ,47.4792,-13.2288  ,-0.747644  ,535,120498,53.1383,10.7306,121.581,0
769 ,45.9951,11.8422   ,46.2713,12.1183    ,46.5715,12.3856  ,46.8561,12.6422   ,47.1569,12.9223   ,47.4691,13.2165   ,47.7353,13.4637    ,48.0342,13.7323   ,48.3173,13.9801   ,48.6179,14.2412     ,48.8912,14.4753   ,49.1998,14.7123   ,45.9951,11.8422   ,46.0672,12.3611    ,46.3259,12.6954   ,46.5901,12.9739   ,46.8805,13.2659   ,47.1934,13.5704    ,47.4634,13.8193    ,47.7625,14.0714   ,48.0414,14.2834    ,48.3416,14.488    ,48.6399,14.6529   ,49.1998,14.7123   ,49.0773,14.2428   ,48.8221,13.9319   ,48.5144,13.6081    ,48.2225,13.3193   ,47.9195,13.0276   ,47.6553,12.7783    ,47.3455,12.4962   ,47.0387,12.2344   ,46.7387,12.0061   ,46.407 ,11.8139   ,47.5385,-13.2672  ,-0.744578  ,549,123186,52.8392,11.2461,122.167,0
770 ,46.0276,11.7898   ,46.3308,12.108     ,46.6228,12.4014  ,46.8998,12.6779   ,47.1896,12.9633   ,47.4795,13.2415   ,47.7968,13.5357    ,48.1033,13.7998   ,48.4096,14.0535   ,48.7357,14.3242     ,49.0586,14.5993   ,49.3479,14.8206   ,46.0276,11.7898   ,46.0998,12.3539    ,46.371 ,12.7048   ,46.6448,13.011    ,46.9315,13.3126   ,47.2154,13.5933    ,47.5099,13.8666    ,47.7859,14.0894   ,48.0845,14.3055    ,48.4294,14.5436   ,48.8051,14.7697   ,49.3479,14.8206   ,49.2452,14.372    ,48.9646,14.0394   ,48.6487,13.7305    ,48.3327,13.4366   ,47.996 ,13.1252   ,47.6486,12.7997    ,47.3502,12.5188   ,47.0602,12.2507   ,46.7862,12.0091   ,46.4859,11.7867   ,47.6109,-13.3245  ,-0.744379  ,553,124468,55.2469,11.0883,126.409,0
771 ,46.2046,11.8215   ,46.4558,12.192     ,46.7421,12.4986  ,47.0167,12.7764   ,47.3287,13.084    ,47.6634,13.3929   ,47.9697,13.6598    ,48.2755,13.9188   ,48.6174,14.2014   ,48.9386,14.4552     ,49.2737,14.7125   ,49.6057,14.9124   ,46.2046,11.8215   ,46.2294,12.4365    ,46.4841,12.8042   ,46.7426,13.1001   ,47.0234,13.3955   ,47.3477,13.6979    ,47.6722,13.9727    ,48.0019,14.2386   ,48.3608,14.5082    ,48.6861,14.7101   ,49.0422,14.8843   ,49.6057,14.9124   ,49.4331,14.4876   ,49.1135,14.1399   ,48.7902,13.8264    ,48.4623,13.526    ,48.1794,13.2717   ,47.8927,13.0109    ,47.5545,12.6953   ,47.2127,12.3746   ,46.9233,12.1136   ,46.6196,11.8753   ,47.7618,-13.4308  ,-0.732119  ,567,126464,56.7913,10.7775,128.409,0
772 ,46.2461,11.9437   ,46.5439,12.2616    ,46.8549,12.5731  ,47.1566,12.8723   ,47.4742,13.1786   ,47.7894,13.4702   ,48.089 ,13.7314    ,48.4186,14.0048   ,48.7302,14.2567   ,49.0625,14.5071     ,49.4353,14.7485   ,49.7621,14.9363   ,46.2461,11.9437   ,46.2862,12.4663    ,46.541 ,12.8126   ,46.8295,13.1323   ,47.1589,13.4653   ,47.4961,13.781     ,47.8116,14.0475    ,48.1476,14.3026   ,48.4657,14.5331    ,48.815 ,14.7649   ,49.2181,14.9553   ,49.7621,14.9363   ,49.5698,14.491    ,49.2283,14.1915   ,48.9083,13.9115    ,48.5975,13.6316   ,48.269 ,13.3326   ,47.9794,13.0659    ,47.683 ,12.7907   ,47.3801,12.5103   ,47.0738,12.2384   ,46.7226,11.9776   ,47.8997,-13.5114  ,-0.714129  ,569,129008,56.8704,10.5855,131.238,0
773 ,46.2723,11.9551   ,46.5958,12.2632    ,46.905 ,12.5658  ,47.215 ,12.8697   ,47.5398,13.1815   ,47.8564,13.4728   ,48.1518,13.7274    ,48.5219,14.0215   ,48.843 ,14.2739   ,49.2045,14.5389     ,49.5592,14.7528   ,49.9323,14.9054   ,46.2723,11.9551   ,46.3706,12.5182    ,46.6641,12.8729   ,46.989 ,13.2172   ,47.3438,13.5684   ,47.6927,13.8913    ,48.0094,14.1574    ,48.3791,14.421    ,48.6837,14.6285    ,49.0246,14.8324   ,49.3848,14.9746   ,49.9323,14.9054   ,49.6471,14.4838   ,49.2948,14.1843   ,48.9108,13.8481    ,48.573 ,13.5501   ,48.1987,13.2177   ,47.9174,12.962     ,47.6275,12.6921   ,47.3342,12.4181   ,47.0494,12.1637   ,46.7445,11.9352   ,47.9502,-13.5001  ,-0.713167  ,563,127362,58.0808,11.7555,130.652,0
774 ,46.4136,11.98     ,46.741 ,12.3283    ,47.0168,12.6024  ,47.3166,12.8999   ,47.6163,13.1895   ,47.9536,13.4925   ,48.2793,13.7612    ,48.5935,14        ,48.9505,14.2605   ,49.3084,14.5046     ,49.6485,14.7267   ,49.9558,14.9625   ,46.4136,11.98     ,46.4757,12.5377    ,46.7024,12.8516   ,46.9821,13.169    ,47.2759,13.4677   ,47.6155,13.7699    ,47.955 ,14.0367    ,48.2826,14.2685   ,48.6442,14.5086    ,49.0065,14.7152   ,49.3784,14.8859   ,49.9558,14.9625   ,49.8385,14.5139   ,49.5212,14.2358   ,49.1674,13.9486    ,48.8156,13.6656   ,48.512 ,13.4128   ,48.1969,13.133     ,47.8582,12.8182   ,47.5499,12.531    ,47.2346,12.2569   ,46.9222,12.0355   ,48.0503,-13.4983  ,-0.696745  ,559,124832,57.005 ,10.6985,130.995,0
775 ,46.5793,12.0651   ,46.8698,12.3983    ,47.1566,12.6845  ,47.4703,12.992    ,47.7416,13.243    ,48.0617,13.5198   ,48.3779,13.7811    ,48.6841,14.0208   ,49.0212,14.2674   ,49.3537,14.499      ,49.7303,14.7277   ,50.0571,14.8936   ,46.5793,12.0651   ,46.6319,12.6422    ,46.8954,12.9938   ,47.2043,13.3324   ,47.4696,13.584    ,47.795 ,13.8517    ,48.1294,14.1121    ,48.4544,14.352    ,48.8006,14.5781    ,49.134 ,14.7688   ,49.5421,14.9192   ,50.0571,14.8936   ,49.8364,14.4912   ,49.4901,14.1732   ,49.1585,13.8968    ,48.8278,13.6241   ,48.5371,13.3777   ,48.2371,13.1107    ,47.9225,12.8204   ,47.6464,12.5646   ,47.3306,12.2886   ,47.0346,12.0808   ,48.1653,-13.5439  ,-0.693991  ,543,121003,55.3524,10.889 ,128.752,0
776 ,46.6942,12.1599   ,46.9687,12.5081    ,47.2568,12.8008  ,47.5386,13.0709   ,47.8313,13.3363   ,48.1199,13.5837   ,48.4482,13.8546    ,48.721 ,14.0698   ,49.0692,14.3217   ,49.4089,14.5542     ,49.7384,14.7802   ,50.0276,14.9793   ,46.6942,12.1599   ,46.7027,12.7321    ,46.9542,13.0831   ,47.2301,13.3768   ,47.5296,13.6526   ,47.8276,13.8982    ,48.1671,14.1626    ,48.4472,14.3711   ,48.794 ,14.5942    ,49.1277,14.7738   ,49.4944,14.9512   ,50.0276,14.9793   ,49.9045,14.5561   ,49.6051,14.2758   ,49.259 ,13.9905    ,48.9052,13.6994   ,48.6366,13.4714   ,48.3169,13.1889    ,48.0356,12.934    ,47.7505,12.6743   ,47.4706,12.431    ,47.1626,12.2066   ,48.2142,-13.6117  ,-0.689149  ,536,119643,53.8271,10.7781,124.752,0
777 ,46.7567,12.3411   ,47.0538,12.6327    ,47.3697,12.9198  ,47.6361,13.1671   ,47.9653,13.4645   ,48.2457,13.7047   ,48.5591,13.9544    ,48.8627,14.1841   ,49.2036,14.4337   ,49.5372,14.6716     ,49.8575,14.8987   ,50.1527,15.0915   ,46.7567,12.3411   ,46.8378,12.9097    ,47.1225,13.2628   ,47.3842,13.5264   ,47.7253,13.8365   ,48.0219,14.0837    ,48.3483,14.3262    ,48.6531,14.5291   ,48.9874,14.7295    ,49.3141,14.8947   ,49.6595,15.0507   ,50.1527,15.0915   ,49.9794,14.6927   ,49.6775,14.3893   ,49.3355,14.0777    ,48.9861,13.7745   ,48.682 ,13.515    ,48.3773,13.2489    ,48.1107,13.0089   ,47.7959,12.7226   ,47.5335,12.5      ,47.1957,12.2887   ,48.2946,-13.6975  ,-0.684289  ,536,119388,53.7404,11.1962,124.51 ,0
778 ,46.7225,12.3717   ,47.0733,12.629     ,47.3673,12.8639  ,47.6729,13.1378   ,47.9852,13.4239   ,48.2582,13.6673   ,48.5767,13.9407    ,48.8859,14.1916   ,49.1792,14.4111   ,49.5059,14.6526     ,49.822 ,14.8925   ,50.1089,15.1317   ,46.7225,12.3717   ,46.8901,12.9433    ,47.1939,13.2597   ,47.517 ,13.5766   ,47.8309,13.8731   ,48.0997,14.106     ,48.4131,14.3581    ,48.7153,14.5786   ,48.9918,14.7384    ,49.2968,14.8866   ,49.6206,15.0266   ,50.1089,15.1317   ,49.9483,14.7001   ,49.6338,14.3578   ,49.2843,14.0235    ,48.9701,13.737    ,48.65  ,13.4472   ,48.3254,13.1482    ,48.0493,12.8929   ,47.7406,12.6182   ,47.4547,12.3946   ,47.1766,12.2577   ,48.3288,-13.6923  ,-0.698775  ,524,117983,53.6599,12.3165,122.752,0
779 ,46.6962,12.5026   ,47.0475,12.6901    ,47.3921,12.9208  ,47.7078,13.1844   ,47.9883,13.4346   ,48.2729,13.6904   ,48.5576,13.9406    ,48.8829,14.214    ,49.1964,14.4615   ,49.5004,14.684      ,49.7947,14.8901   ,50.1143,15.1072   ,46.6962,12.5026   ,46.8922,12.9994    ,47.2527,13.3293   ,47.6036,13.6537   ,47.8995,13.9296   ,48.1799,14.1832    ,48.4496,14.4124    ,48.7489,14.6434   ,49.0319,14.8305    ,49.3131,14.9738   ,49.6161,15.0909   ,50.1143,15.1072   ,49.892 ,14.6324   ,49.6015,14.3331   ,49.2727,14.0252    ,48.9252,13.7095   ,48.5711,13.387    ,48.2707,13.1124    ,47.983 ,12.8547   ,47.72  ,12.635    ,47.4435,12.4449   ,47.12  ,12.3362   ,48.359 ,-13.745   ,-0.697759  ,523,118317,52.8697,13.2221,121.924,0
780 ,46.6077,12.5317   ,46.9885,12.7218    ,47.3125,12.9402  ,47.6572,13.2091   ,47.9727,13.474    ,48.2453,13.7093   ,48.5741,13.9944    ,48.8927,14.2609   ,49.194 ,14.4921   ,49.5339,14.7289     ,49.8704,14.9449   ,50.1723,15.1224   ,46.6077,12.5317   ,46.8181,13.0315    ,47.1616,13.3263   ,47.5597,13.6706   ,47.9166,13.9885   ,48.2068,14.2444    ,48.5304,14.5203    ,48.82  ,14.7445   ,49.0773,14.9059    ,49.3718,15.0478   ,49.7041,15.1638   ,50.1723,15.1224   ,49.9427,14.6676   ,49.5989,14.3449   ,49.2125,14.0062    ,48.8615,13.6929   ,48.5088,13.3745   ,48.174 ,13.0791    ,47.9214,12.8676   ,47.6531,12.6655   ,47.3687,12.4845   ,47.0698,12.3609   ,48.3511,-13.7904  ,-0.683076  ,546,121305,54.2223,14.2977,124.752,0
781 ,46.5998,12.6124   ,46.9799,12.7839    ,47.3316,13.0001  ,47.6572,13.2441   ,47.985 ,13.5174   ,48.292 ,13.7815   ,48.6081,14.0503    ,48.9207,14.3064   ,49.2713,14.5688   ,49.5717,14.7634     ,49.933 ,14.9505   ,50.3124,15.0937   ,46.5998,12.6124   ,46.8278,13.0815    ,47.1726,13.366    ,47.5179,13.6446   ,47.8527,13.941    ,48.1687,14.2226    ,48.486 ,14.4909    ,48.7853,14.7216   ,49.1083,14.9303    ,49.3957,15.0773   ,49.7751,15.1892   ,50.3124,15.0937   ,49.9882,14.6648   ,49.6462,14.3888   ,49.3352,14.1371    ,48.9534,13.8093   ,48.6246,13.5208   ,48.3109,13.2507    ,48.019 ,13.01     ,47.7063,12.7726   ,47.3926,12.5662   ,47.0313,12.4358   ,48.3779,-13.8386  ,-0.666512  ,545,123172,55.1629,12.0465,127.681,0
782 ,46.605 ,12.5555   ,46.9707,12.7761    ,47.333 ,13.0399  ,47.6047,13.2577   ,47.9388,13.5322   ,48.2719,13.8062   ,48.5943,14.0655    ,48.904 ,14.3025   ,49.2062,14.5219   ,49.5579,14.7527     ,49.9162,14.972    ,50.2368,15.1711   ,46.605 ,12.5555   ,46.7617,13.0433    ,47.1233,13.3763   ,47.4221,13.6313   ,47.7925,13.9503   ,48.1486,14.2498    ,48.4728,14.5068    ,48.7664,14.7168   ,49.0455,14.9018    ,49.3742,15.0886   ,49.7388,15.2254   ,50.2368,15.1711   ,49.9934,14.6562   ,49.6398,14.3535   ,49.2668,14.0716    ,48.9397,13.8118   ,48.6102,13.541    ,48.2853,13.2728    ,47.9731,13.0216   ,47.6774,12.7948   ,47.436 ,12.6207   ,47.0818,12.4456   ,48.4188,-13.8895  ,-0.654404  ,561,125460,54.9792,12.0989,129.095,0
783 ,46.6006,12.5721   ,47.0118,12.8076    ,47.3526,13.0609  ,47.713 ,13.3506   ,48.0242,13.6099   ,48.3287,13.8612   ,48.6695,14.1252    ,49.0457,14.3924   ,49.3669,14.6133   ,49.7449,14.8706     ,50.1149,15.1435   ,50.407 ,15.3648   ,46.6006,12.5721   ,46.7982,13.0839    ,47.147 ,13.3915   ,47.5472,13.737    ,47.8882,14.0372   ,48.2081,14.3079    ,48.5459,14.5657    ,48.9015,14.7981   ,49.1981,14.9753    ,49.5484,15.1726   ,49.9191,15.3566   ,50.407 ,15.3648   ,50.2117,14.852    ,49.8327,14.4942   ,49.4281,14.1772    ,49.0833,13.913    ,48.6829,13.6026   ,48.3303,13.318     ,48.0355,13.0779   ,47.7561,12.8634   ,47.4417,12.6399   ,47.1167,12.459    ,48.471 ,-13.9326  ,-0.655098  ,574,128188,57.9807,12.2331,131.581,0
784 ,46.6062,12.5722   ,47.0431,12.8258    ,47.3759,13.0787  ,47.7308,13.3693   ,48.0973,13.6772   ,48.4511,13.9662   ,48.7807,14.2152    ,49.1516,14.4779   ,49.4778,14.7232   ,49.8603,15.0547     ,50.152 ,15.3578   ,50.4037,15.6927   ,46.6062,12.5722   ,46.8151,13.0971    ,47.1487,13.3951   ,47.529 ,13.7243   ,47.9177,14.0634   ,48.2789,14.3632    ,48.5974,14.6       ,48.9399,14.8263   ,49.2315,15.0179    ,49.5804,15.2644   ,49.8951,15.5007   ,50.4037,15.6927   ,50.3203,15.1143   ,50.0339,14.7456   ,49.6139,14.3416    ,49.2567,14.0538   ,48.8568,13.7529   ,48.509 ,13.4783    ,48.155 ,13.1887   ,47.8119,12.9133   ,47.4889,12.6722   ,47.1653,12.4813   ,48.535 ,-14.0103  ,-0.677698  ,592,132246,60.5959,11.2138,137.238,0
785 ,46.6521,12.5878   ,47.0523,12.8411    ,47.4104,13.122   ,47.7424,13.3897   ,48.0874,13.6776   ,48.4273,13.959    ,48.7983,14.2462    ,49.148 ,14.494    ,49.499 ,14.7711   ,49.8294,15.0895     ,50.1344,15.461    ,50.3237,15.8148   ,46.6521,12.5878   ,46.7893,13.0815    ,47.1405,13.3993   ,47.4825,13.6914   ,47.8321,13.9947   ,48.1672,14.2793    ,48.5177,14.5529    ,48.8309,14.758    ,49.1484,14.9786    ,49.4814,15.2468   ,49.8548,15.5831   ,50.3237,15.8148   ,50.3472,15.2461   ,50.0892,14.8393   ,49.7495,14.4779    ,49.3656,14.1585   ,48.9764,13.8645   ,48.5765,13.5485    ,48.2272,13.2634   ,47.8892,12.9951   ,47.5736,12.7602   ,47.22  ,12.5286   ,48.561 ,-14.0572  ,-0.688997  ,594,133967,60.5523,10.272 ,138.066,0
786 ,46.645 ,12.5798   ,47.0506,12.8643    ,47.4183,13.158   ,47.755 ,13.4327   ,48.0979,13.7155   ,48.484 ,14.0244   ,48.7986,14.2611    ,49.1677,14.5427   ,49.5501,14.8748   ,49.8557,15.1838     ,50.1332,15.5431   ,50.3163,15.909    ,46.645 ,12.5798   ,46.8   ,13.1044    ,47.1579,13.444    ,47.505 ,13.7443   ,47.8514,14.0353   ,48.2322,14.3461    ,48.5302,14.5716    ,48.8609,14.8066   ,49.2007,15.0658    ,49.4997,15.3195   ,49.8395,15.6317   ,50.3163,15.909    ,50.3608,15.3541   ,50.1166,14.9444   ,49.7909,14.5832    ,49.3668,14.1928   ,48.9631,13.8739   ,48.6285,13.6194    ,48.231 ,13.3025   ,47.8909,13.0274   ,47.5697,12.7841   ,47.2024,12.5474   ,48.5516,-14.0859  ,-0.695092  ,593,133894,61.3821,10.1511,139.723,0
787 ,46.5643,12.7521   ,47.0124,12.9215    ,47.3766,13.1755  ,47.6971,13.4336   ,48.0821,13.7564   ,48.4059,14.0222   ,48.7649,14.2996    ,49.1211,14.5736   ,49.4797,14.8814   ,49.7571,15.1728     ,49.9858,15.5346   ,50.0613,15.9633   ,46.5643,12.7521   ,46.7969,13.1989    ,47.1382,13.4814   ,47.4627,13.7513   ,47.8485,14.0831   ,48.1636,14.349     ,48.4969,14.6119    ,48.805 ,14.8343   ,49.1069,15.052     ,49.3667,15.2719   ,49.6549,15.5707   ,50.0613,15.9633   ,50.2687,15.3936   ,50.0628,14.9739   ,49.7519,14.618     ,49.3345,14.2316   ,48.9317,13.9108   ,48.5424,13.6108    ,48.2057,13.3376   ,47.823 ,13.0259   ,47.5102,12.7898   ,47.1246,12.5848   ,48.4908,-14.1022  ,-0.700759  ,586,132785,60.215 ,10.1757,138.652,0
788 ,46.556 ,12.6712   ,46.9564,12.9148    ,47.3343,13.205   ,47.6764,13.4843   ,48.0241,13.7732   ,48.3613,14.0456   ,48.736 ,14.3319    ,49.1096,14.6202   ,49.4306,14.9028   ,49.7159,15.2153     ,49.9416,15.6093   ,50.0301,16.0295   ,46.556 ,12.6712   ,46.7029,13.1585    ,47.06  ,13.47     ,47.4156,13.777    ,47.7806,14.0944   ,48.1238,14.3813    ,48.4783,14.6511    ,48.8068,14.8814   ,49.0885,15.0962    ,49.3635,15.349    ,49.647 ,15.6856   ,50.0301,16.0295   ,50.1901,15.4184   ,49.9823,14.9738   ,49.668 ,14.6106    ,49.3044,14.2719   ,48.888 ,13.9336   ,48.4888,13.6228    ,48.1524,13.3568   ,47.8216,13.0955   ,47.4974,12.8519   ,47.1084,12.5986   ,48.4622,-14.1513  ,-0.710918  ,587,131918,60.7849,10.3235,139.238,0
789 ,46.4333,12.8507   ,46.8783,12.9575    ,47.2529,13.2041  ,47.6387,13.5155   ,47.9742,13.7946   ,48.3005,14.0593   ,48.6696,14.3432    ,49.0421,14.6311   ,49.3639,14.91     ,49.6517,15.2195     ,49.8712,15.6101   ,49.9485,16.0311   ,46.4333,12.8507   ,46.7052,13.2505    ,47.0576,13.5274   ,47.4558,13.8691   ,47.798 ,14.1665   ,48.1163,14.4327    ,48.4522,14.6884    ,48.7712,14.9147   ,49.0452,15.1267    ,49.3106,15.376    ,49.5806,15.705    ,49.9485,16.0311   ,50.1187,15.4008   ,49.9064,14.9565   ,49.5773,14.5955    ,49.2052,14.2613   ,48.782 ,13.919    ,48.3777,13.6008    ,48.0393,13.3309   ,47.7097,13.069    ,47.3401,12.7989   ,46.9463,12.6158   ,48.4069,-14.1747  ,-0.708234  ,580,129011,60.4615,10.6946,137.823,0
790 ,46.4356,12.9151   ,46.9008,12.9931    ,47.2748,13.2481  ,47.6118,13.5199   ,47.9625,13.8143   ,48.306 ,14.0977   ,48.6798,14.3775    ,49.0482,14.6413   ,49.3705,14.9094   ,49.6813,15.2599     ,49.8329,15.6652   ,49.8642,16.0621   ,46.4356,12.9151   ,46.7461,13.3062    ,47.1058,13.5771   ,47.455 ,13.8765   ,47.8136,14.1962   ,48.1493,14.4839    ,48.495 ,14.7461    ,48.8201,14.9641   ,49.1046,15.172     ,49.402 ,15.4444   ,49.5923,15.7512   ,49.8642,16.0621   ,50.0491,15.4575   ,49.8887,14.9701   ,49.5315,14.5519    ,49.1689,14.238    ,48.7607,13.9356   ,48.351 ,13.6211    ,47.9943,13.3338   ,47.6537,13.0684   ,47.335 ,12.8354   ,46.9498,12.6295   ,48.3845,-14.1838  ,-0.707885  ,571,127231,60.2736,10.8668,138.409,0
791 ,46.4538,12.8879   ,46.9004,12.9754    ,47.2619,13.2228  ,47.6471,13.5299   ,47.9875,13.8112   ,48.3171,14.0776   ,48.6818,14.3539    ,48.9963,14.5951   ,49.3624,14.9119   ,49.66  ,15.2466     ,49.8246,15.6101   ,49.8301,16.045    ,46.4538,12.8879   ,46.7222,13.2758    ,47.0619,13.5251   ,47.4577,13.8675   ,47.8002,14.1707   ,48.112 ,14.4305    ,48.4348,14.6706    ,48.7011,14.8547   ,49.0178,15.0866    ,49.3101,15.346    ,49.5251,15.6392   ,49.8301,16.045    ,50.094 ,15.4744   ,49.9397,15.0495   ,49.6065,14.6429    ,49.1856,14.2518   ,48.8251,13.9596   ,48.4152,13.6409    ,48.0616,13.3579   ,47.7239,13.1008   ,47.3553,12.8382   ,46.9785,12.6266   ,48.3871,-14.1703  ,-0.709666  ,569,127479,59.9643,10.4713,137.823,0
792 ,46.4665,12.8656   ,46.9018,12.9894    ,47.2756,13.2493  ,47.5742,13.4887   ,47.94  ,13.7956   ,48.2497,14.0505   ,48.5925,14.3156    ,48.9252,14.5686   ,49.2523,14.8486   ,49.5526,15.1739     ,49.7807,15.5262   ,49.906 ,15.8894   ,46.4665,12.8656   ,46.7086,13.2787    ,47.0531,13.5446   ,47.3483,13.79     ,47.7084,14.1038   ,48.0085,14.3618    ,48.3301,14.6228    ,48.6261,14.848    ,48.9146,15.078     ,49.2086,15.3503   ,49.4947,15.6386   ,49.906 ,15.8894   ,50.0143,15.3129   ,49.8171,14.8998   ,49.4981,14.5335    ,49.1296,14.2149   ,48.759 ,13.9365   ,48.3895,13.6573    ,48.0666,13.3992   ,47.6979,13.1033   ,47.4021,12.8805   ,47.0038,12.6503   ,48.3545,-14.1522  ,-0.699412  ,558,125511,57.7635,9.92652,133.823,0
793 ,46.4269,12.8762   ,46.889 ,12.9679    ,47.2244,13.181   ,47.5679,13.4612   ,47.8588,13.7078   ,48.1955,13.9857   ,48.5105,14.2264    ,48.867 ,14.4862   ,49.1743,14.7084   ,49.531 ,14.9686     ,49.8282,15.2041   ,50.1462,15.4527   ,46.4269,12.8762   ,46.7639,13.2903    ,47.1021,13.5587   ,47.4797,13.8907   ,47.7959,14.1734   ,48.1463,14.4736    ,48.454 ,14.7091    ,48.7844,14.9351   ,49.0612,15.1181    ,49.3726,15.3024   ,49.6469,15.4553   ,50.1462,15.4527   ,49.9141,14.8762   ,49.5878,14.558    ,49.1851,14.2255    ,48.8474,13.9625   ,48.4647,13.6686   ,48.1355,13.4094    ,47.8059,13.1443   ,47.5403,12.9341   ,47.2341,12.7186   ,46.9038,12.5989   ,48.315 ,-14.0529  ,-0.663577  ,549,123139,56.1233,13.0527,128.167,0
794 ,46.5008,12.8121   ,46.8832,12.9465    ,47.252 ,13.1867  ,47.5166,13.3978   ,47.836 ,13.6638   ,48.149 ,13.9244   ,48.4448,14.1616    ,48.769 ,14.4078   ,49.0852,14.6192   ,49.4268,14.7659     ,49.8594,14.8473   ,50.2038,14.865    ,46.5008,12.8121   ,46.7317,13.2295    ,47.0925,13.5517   ,47.3836,13.8107   ,47.7358,14.1198   ,48.0633,14.3963    ,48.3537,14.6254    ,48.6519,14.8363   ,48.9389,15.0028    ,49.2848,15.1064   ,49.775 ,15.1356   ,50.2038,14.865    ,49.837 ,14.5475   ,49.4663,14.3939   ,49.1398,14.1814    ,48.7955,13.9121   ,48.4399,13.6224   ,48.1323,13.3684    ,47.8297,13.1187   ,47.5436,12.898    ,47.3056,12.7427   ,46.9325,12.6134   ,48.2923,-13.9696  ,-0.624516  ,531,120422,53.1609,12.6338,122.61 ,0
795 ,46.5036,12.807    ,46.8702,12.9546    ,47.1851,13.152   ,47.5046,13.401    ,47.7671,13.62     ,48.0707,13.875    ,48.3577,14.1066    ,48.6843,14.3359   ,49.0337,14.508    ,49.3569,14.6027     ,49.7446,14.6282   ,50.0912,14.5983   ,46.5036,12.807    ,46.7479,13.2455    ,47.0673,13.5373   ,47.4296,13.8633   ,47.736 ,14.1346   ,48.0806,14.4291    ,48.3852,14.6675    ,48.7095,14.8636   ,49.0591,14.9841    ,49.3785,15.0245   ,49.7433,14.9757   ,50.0912,14.5983   ,49.6385,14.2824   ,49.2256,14.1488   ,48.9042,13.9914    ,48.5642,13.7485   ,48.2366,13.473    ,47.962 ,13.2385    ,47.6943,13.0179   ,47.4734,12.8521   ,47.1963,12.6915   ,46.8923,12.6138   ,48.2708,-13.9199  ,-0.587864  ,523,118801,50.8184,14.7625,119.782,0
796 ,46.5044,12.7992   ,46.9253,12.9811    ,47.2165,13.1732  ,47.5692,13.454    ,47.8589,13.6972   ,48.137 ,13.9288   ,48.4464,14.1695    ,48.7915,14.3915   ,49.1617,14.5501   ,49.5486,14.5426     ,49.9   ,14.3271   ,50.1407,14.071    ,46.5044,12.7992   ,46.7907,13.2853    ,47.0952,13.5604   ,47.5029,13.9263   ,47.842 ,14.2246   ,48.1527,14.4861    ,48.4728,14.724     ,48.809 ,14.8915   ,49.2077,14.9832    ,49.6555,14.8943   ,50.0339,14.5999   ,50.1407,14.071    ,49.6757,14.1311   ,49.3321,14.221    ,49.0057,14.0871    ,48.6731,13.8348   ,48.3207,13.5421   ,48.0126,13.282     ,47.7615,13.0736   ,47.5182,12.8844   ,47.2201,12.7005   ,46.9474,12.616    ,48.3244,-13.9078  ,-0.538531  ,537,121781,53.5349,14.8676,124.853,0
797 ,46.5098,12.7847   ,46.8986,12.9673    ,47.233 ,13.1865  ,47.5688,13.4522   ,47.8934,13.7221   ,48.1976,13.9736   ,48.5409,14.2201    ,48.8656,14.3783   ,49.2685,14.4838   ,49.6744,14.4138     ,50.0035,14.1342   ,50.2204,13.8552   ,46.5098,12.7847   ,46.768 ,13.2637    ,47.1301,13.5902   ,47.5341,13.9532   ,47.926 ,14.2974   ,48.266 ,14.5786    ,48.6187,14.8006    ,48.9738,14.8896   ,49.4581,14.894     ,49.8932,14.7259   ,50.1626,14.3597   ,50.2204,13.8552   ,49.7684,13.9892   ,49.3641,14.1479   ,48.9666,14.0578    ,48.6436,13.8207   ,48.3618,13.5774   ,48.0307,13.2889    ,47.755 ,13.0584   ,47.4926,12.8603   ,47.223 ,12.7003   ,46.9227,12.6142   ,48.3645,-13.8829  ,-0.491646  ,549,123377,55.0049,16.079 ,128.853,0
798 ,46.5265,12.7359   ,46.9007,12.9006    ,47.2333,13.133   ,47.5837,13.4233   ,47.8778,13.6751   ,48.1612,13.912    ,48.538 ,14.178     ,48.8759,14.3305   ,49.2953,14.4132   ,49.678 ,14.3027     ,49.9767,14.0329   ,50.1866,13.7407   ,46.5265,12.7359   ,46.7591,13.1985    ,47.1101,13.5096   ,47.5153,13.8787   ,47.8605,14.1939   ,48.1838,14.4747    ,48.586 ,14.7396    ,48.9554,14.8213   ,49.457 ,14.804     ,49.888 ,14.5993   ,50.1657,14.2477   ,50.1866,13.7407   ,49.7125,13.9029   ,49.3674,14.0638   ,49.0161,14.0184    ,48.6798,13.7963   ,48.3816,13.5526   ,48.028 ,13.2592    ,47.7781,13.0562   ,47.5343,12.8678   ,47.2419,12.6674   ,46.9387,12.5451   ,48.3854,-13.8365  ,-0.47584   ,539,123790,54.6769,15.0295,127.681,0
799 ,46.5961,12.6995   ,46.9827,12.9182    ,47.3307,13.1767  ,47.6293,13.4244   ,47.9239,13.6705   ,48.2502,13.9284   ,48.5598,14.1216    ,48.9529,14.2779   ,49.3433,14.3272   ,49.7346,14.1537     ,50.0156,13.8764   ,50.2121,13.5833   ,46.5961,12.6995   ,46.8075,13.2206    ,47.1952,13.5747   ,47.5596,13.9041   ,47.9154,14.2159   ,48.2787,14.5015    ,48.5936,14.6602    ,49.038 ,14.7379   ,49.5234,14.6976    ,49.9542,14.4432   ,50.2058,14.0944   ,50.2121,13.5833   ,49.7512,13.7405   ,49.425 ,13.9332   ,49.0567,13.9611    ,48.7517,13.7835   ,48.4197,13.5266   ,48.1178,13.2781    ,47.8169,13.0294   ,47.5794,12.8444   ,47.3476,12.6836   ,47.0482,12.5472   ,48.3997,-13.7726  ,-0.442521  ,548,123865,54.4219,15.1332,129.681,0
800 ,46.5991,12.7083   ,46.9907,12.8894    ,47.3129,13.0992  ,47.6689,13.4017   ,47.9557,13.6613   ,48.2862,13.9294   ,48.5913,14.119     ,48.9904,14.2582   ,49.3973,14.2545   ,49.7429,14.0709     ,50.0385,13.7898   ,50.2921,13.4847   ,46.5991,12.7083   ,46.8462,13.1953    ,47.1759,13.4733   ,47.5627,13.838    ,47.86  ,14.1317   ,48.1809,14.3967    ,48.4953,14.5616    ,48.9616,14.6592   ,49.4714,14.6214    ,49.8839,14.4262   ,50.1849,14.0947   ,50.2921,13.4847   ,49.8119,13.5685   ,49.5108,13.7848   ,49.2129,13.9116    ,48.9002,13.8325   ,48.5809,13.6213   ,48.2948,13.3903    ,47.9577,13.1067   ,47.6771,12.8776   ,47.3435,12.6447   ,47.0293,12.5303   ,48.4547,-13.7196  ,-0.398277  ,550,124676,55.1058,12.6285,129.439,0
801 ,46.6628,12.6657   ,47.0551,12.9094    ,47.3536,13.1392  ,47.7213,13.4481   ,48.026 ,13.6998   ,48.3775,13.9564   ,48.722 ,14.1294    ,49.1573,14.2111   ,49.5197,14.1154   ,49.9019,13.8494     ,50.1863,13.5972   ,50.4678,13.3143   ,46.6628,12.6657   ,46.877 ,13.1895    ,47.1926,13.515    ,47.6217,13.9141   ,47.9786,14.2136   ,48.3716,14.477     ,48.7586,14.6087    ,49.2519,14.6082   ,49.6292,14.4846    ,50.0175,14.2052   ,50.3001,13.8811   ,50.4678,13.3143   ,49.9785,13.3983   ,49.6919,13.5723   ,49.3114,13.7928    ,48.9543,13.8132   ,48.5714,13.6057   ,48.2679,13.3602    ,47.9528,13.089    ,47.6977,12.8779   ,47.3933,12.6651   ,47.1186,12.5499   ,48.5352,-13.6798  ,-0.31991   ,558,127190,56.492 ,13.7962,131.924,0
802 ,46.6901,12.7002   ,47.0878,12.8855    ,47.4313,13.1288  ,47.7768,13.4406   ,48.067 ,13.7052   ,48.4474,13.9874   ,48.8451,14.1355    ,49.2506,14.1294   ,49.6528,13.9484   ,50.0202,13.7197     ,50.3716,13.506    ,50.7013,13.3095   ,46.6901,12.7002   ,46.92  ,13.1744    ,47.2516,13.4738   ,47.6062,13.825    ,47.912 ,14.1185   ,48.3078,14.4046    ,48.7403,14.5299    ,49.1912,14.5536   ,49.6335,14.3929    ,50.0357,14.1203   ,50.4097,13.807    ,50.7013,13.3095   ,50.2161,13.2735   ,49.8926,13.3901   ,49.5743,13.56      ,49.1998,13.7302   ,48.831 ,13.7155   ,48.4801,13.5061    ,48.1078,13.191    ,47.8305,12.9478   ,47.4974,12.6905   ,47.141 ,12.5341   ,48.5997,-13.6353  ,-0.26694   ,569,128364,57.6373,11.6253,133.439,0
803 ,46.7785,12.6105   ,47.1501,12.8214    ,47.5015,13.1135  ,47.8124,13.3979   ,48.1171,13.6636   ,48.4573,13.8901   ,48.8863,13.9984    ,49.2869,13.967    ,49.6733,13.8071   ,50.0382,13.5982     ,50.3755,13.427    ,50.76  ,13.2791   ,46.7785,12.6105   ,46.9417,13.0884    ,47.281 ,13.4363   ,47.6153,13.766    ,47.9485,14.0654   ,48.3168,14.3058    ,48.7766,14.4054    ,49.2221,14.3873   ,49.6549,14.2365    ,50.0406,13.9926   ,50.3802,13.7553   ,50.76  ,13.2791   ,50.2585,13.1524   ,49.927 ,13.2639   ,49.589 ,13.4335    ,49.2256,13.5736   ,48.8611,13.5784   ,48.4854,13.4164    ,48.1673,13.164    ,47.8845,12.9157   ,47.6003,12.6815   ,47.2485,12.4797   ,48.6255,-13.544   ,-0.240802  ,564,126939,56.414 ,11.3751,132.024,0
804 ,46.9486,12.4286   ,47.2452,12.7784    ,47.5306,13.0693  ,47.8403,13.366    ,48.2037,13.6736   ,48.5533,13.8611   ,49.0131,13.9211    ,49.3998,13.8626   ,49.7684,13.7028   ,50.1683,13.4689     ,50.5384,13.27     ,50.87  ,13.0466   ,46.9486,12.4286   ,47.0249,12.9736    ,47.3262,13.3803   ,47.6832,13.7636   ,48.0968,14.124    ,48.4711,14.3002    ,48.966 ,14.3255    ,49.39  ,14.2662   ,49.7857,14.0997    ,50.2167,13.8192   ,50.6071,13.5423   ,50.87  ,13.0466   ,50.3664,13.0517   ,50.0158,13.1776   ,49.6528,13.3601    ,49.291 ,13.4912   ,48.9214,13.5159   ,48.5149,13.3781    ,48.1939,13.1346   ,47.8723,12.8523   ,47.615 ,12.6388   ,47.3631,12.4741   ,48.7035,-13.4887  ,-0.190385  ,560,126214,57.8531,12.1928,134.024,0
805 ,46.9518,12.5927   ,47.2847,12.8397    ,47.63  ,13.127   ,47.9294,13.383    ,48.2892,13.6581   ,48.6488,13.8354   ,49.0141,13.8924    ,49.4234,13.8219   ,49.8271,13.6474   ,50.1662,13.4695     ,50.562 ,13.2638   ,50.8818,13.0609   ,46.9518,12.5927   ,47.0949,13.0778    ,47.4301,13.4787   ,47.7567,13.7926   ,48.1573,14.0914   ,48.5631,14.2464    ,48.9829,14.28      ,49.453 ,14.2082   ,49.8929,14.0305    ,50.239 ,13.8156   ,50.6358,13.5359   ,50.8818,13.0609   ,50.3914,13.043    ,49.9948,13.1745   ,49.6652,13.314     ,49.2832,13.4681   ,48.9223,13.5034   ,48.6144,13.3806    ,48.3019,13.1436   ,47.9815,12.8718   ,47.712 ,12.6742   ,47.3665,12.5174   ,48.792 ,-13.472   ,-0.163196  ,542,123484,55.8137,11.7584,128.953,0
806 ,47.0338,12.7246   ,47.3878,12.9334    ,47.734 ,13.1989  ,48.042 ,13.4713   ,48.3802,13.704    ,48.7712,13.8282   ,49.2019,13.8364    ,49.5873,13.76     ,49.9647,13.6048   ,50.3304,13.4146     ,50.7017,13.2293   ,51.0333,13.0599   ,47.0338,12.7246   ,47.232 ,13.2136    ,47.5884,13.577    ,47.9061,13.8947   ,48.2624,14.1402   ,48.6944,14.2504    ,49.1748,14.2476    ,49.5957,14.1677   ,49.9881,13.9952    ,50.3609,13.751    ,50.7451,13.4867   ,51.0333,13.0599   ,50.5544,13.0205   ,50.1939,13.1337   ,49.8378,13.2652    ,49.4607,13.3869   ,49.0875,13.4358   ,48.7086,13.3824    ,48.3793,13.2037   ,48.0716,12.957    ,47.7813,12.7357   ,47.4434,12.5898   ,48.8963,-13.4996  ,-0.108912  ,536,121435,55.401 ,11.678 ,128.711,0
807 ,47.0167,12.8982   ,47.4277,13.0675    ,47.7618,13.2482  ,48.0732,13.461    ,48.4267,13.6764   ,48.8422,13.8063   ,49.1806,13.8309    ,49.62  ,13.7566   ,49.9444,13.6265   ,50.3152,13.4562     ,50.7015,13.2607   ,50.9999,13.0743   ,47.0167,12.8982   ,47.292 ,13.341     ,47.6292,13.6112   ,47.9828,13.8967   ,48.3736,14.1454   ,48.8272,14.2383    ,49.2105,14.2433    ,49.6918,14.156    ,50.0272,14.0047    ,50.3883,13.7918   ,50.763 ,13.5263   ,50.9999,13.0743   ,50.5303,13.0539   ,50.1339,13.172    ,49.757 ,13.2955    ,49.4323,13.3918   ,49.0149,13.4196   ,48.726 ,13.3486    ,48.3745,13.1547   ,48.0626,12.9552   ,47.7862,12.8177   ,47.4502,12.7443   ,48.9576,-13.5242  ,-0.0938818 ,526,119462,53.7613,12.1503,125.054,0
808 ,47.0141,12.9144   ,47.4025,13.0801    ,47.7696,13.2375  ,48.1131,13.4106   ,48.4384,13.5853   ,48.8124,13.7127   ,49.1991,13.7487    ,49.6418,13.695    ,49.9693,13.5923   ,50.3322,13.4321     ,50.7139,13.2388   ,51.0047,13.046    ,47.0141,12.9144   ,47.2545,13.3714    ,47.6302,13.5931   ,48.0017,13.8021   ,48.3498,14.0117   ,48.7702,14.1397    ,49.2144,14.162     ,49.7069,14.0912   ,50.0493,13.9746    ,50.4087,13.7805   ,50.7865,13.5081   ,51.0047,13.046    ,50.5331,13.0282   ,50.1491,13.1338   ,49.7859,13.2495    ,49.4579,13.3248   ,49.0512,13.3346   ,48.7381,13.2578    ,48.4331,13.1122   ,48.1292,12.9686   ,47.806 ,12.8338   ,47.4481,12.7486   ,48.9871,-13.4765  ,-0.0806558 ,523,117978,53.0747,11.079 ,123.983,0
809 ,47.085 ,12.9255   ,47.4351,13.0883    ,47.8159,13.2543  ,48.1743,13.433    ,48.5039,13.5667   ,48.9045,13.6547   ,49.2965,13.6699    ,49.6698,13.6252   ,50.0427,13.5174   ,50.3878,13.3802     ,50.7633,13.246    ,51.1122,13.1528   ,47.085 ,12.9255   ,47.2829,13.3926    ,47.6664,13.6029   ,48.0468,13.8156   ,48.3924,13.9676   ,48.8276,14.0638    ,49.2686,14.0804    ,49.6883,14.0312   ,50.0859,13.9119    ,50.4218,13.7442   ,50.7781,13.5245   ,51.1122,13.1528   ,50.6391,13.0006   ,50.2526,13.0572   ,49.8999,13.1587    ,49.5337,13.2416   ,49.1926,13.2628   ,48.8586,13.2266    ,48.5141,13.1321   ,48.2132,13.0081   ,47.8729,12.859    ,47.4913,12.7484   ,49.0178,-13.4377  ,-0.0642163 ,521,118109,52.2644,10.3551,122.912,0
810 ,47.1313,12.9113   ,47.5119,13.1106    ,47.8411,13.2708  ,48.1934,13.431    ,48.5741,13.5643   ,48.9703,13.6254   ,49.3401,13.6119    ,49.7537,13.542    ,50.1054,13.4323   ,50.4886,13.2939     ,50.8902,13.1548   ,51.2037,13.0279   ,47.1313,12.9113   ,47.3902,13.4202    ,47.7409,13.6538   ,48.1407,13.8342   ,48.5562,13.9828   ,48.9644,14.0629    ,49.3321,14.0481    ,49.7646,13.9583   ,50.1311,13.8255    ,50.5182,13.6555   ,50.9085,13.4303   ,51.2037,13.0279   ,50.7717,12.9125   ,50.3614,12.9678   ,49.9839,13.0728    ,49.6326,13.1517   ,49.2233,13.1869   ,48.8593,13.1783    ,48.4879,13.1183   ,48.1585,12.99     ,47.8508,12.8432   ,47.5367,12.7559   ,49.0693,-13.3957  ,-0.0369573 ,528,119946,53.0043,10.9243,125.74 ,0
811 ,47.0647,12.9149   ,47.4938,13.0862    ,47.8317,13.2466  ,48.1808,13.4243   ,48.5958,13.5584   ,49.0038,13.5965   ,49.428 ,13.5774    ,49.7883,13.5054   ,50.1893,13.3628   ,50.5595,13.249      ,50.9554,13.1626   ,51.3564,13.0949   ,47.0647,12.9149   ,47.3626,13.3769    ,47.712 ,13.5963   ,48.0845,13.802    ,48.5191,13.958    ,48.9699,14.0058    ,49.4521,13.9897    ,49.856 ,13.9134   ,50.2725,13.7504    ,50.6196,13.6015   ,50.9568,13.4446   ,51.3564,13.0949   ,50.8403,12.9008   ,50.3897,12.9264   ,50.0064,13.0112    ,49.6112,13.1277   ,49.2685,13.179    ,48.894 ,13.1832    ,48.5508,13.136    ,48.19  ,13.0038   ,47.86  ,12.8499   ,47.5236,12.7546   ,49.1541,-13.3771  ,-0.0164501 ,540,122159,55.1389,10.1955,128.326,0
812 ,47.2488,12.9157   ,47.6299,13.1201    ,47.9931,13.3006  ,48.3614,13.4606   ,48.8056,13.5814   ,49.1822,13.6011   ,49.5655,13.5408    ,49.9443,13.4365   ,50.3978,13.3071   ,50.7748,13.1993     ,51.1522,13.1048   ,51.5065,13.0186   ,47.2488,12.9157   ,47.4609,13.3776    ,47.8221,13.6241   ,48.205 ,13.8175   ,48.6585,13.9723   ,49.0449,14.0175    ,49.4454,13.9785    ,49.8453,13.8868   ,50.3179,13.7226    ,50.7077,13.5624   ,51.0959,13.3939   ,51.5065,13.0186   ,51.0568,12.8485   ,50.6911,12.8805   ,50.3266,12.9337    ,49.8927,13.0348   ,49.533 ,13.1346   ,49.1687,13.19      ,48.8032,13.1625   ,48.3715,13.0447   ,48.0184,12.9033   ,47.6603,12.794    ,49.2847,-13.3579  ,0.0148594  ,558,125392,54.9245,10.4653,134.569,0
813 ,47.3203,12.9445   ,47.6856,13.1427    ,48.1143,13.3501  ,48.4808,13.4895   ,48.8492,13.5781   ,49.2973,13.5848   ,49.6761,13.5152    ,50.05  ,13.4046   ,50.4243,13.2976   ,50.8722,13.1675     ,51.2447,13.0668   ,51.5913,12.9631   ,47.3203,12.9445   ,47.5263,13.3991    ,47.9502,13.6834   ,48.3336,13.8508   ,48.7123,13.9662   ,49.1756,14.0062    ,49.5741,13.9558    ,49.9699,13.8467   ,50.3622,13.7133    ,50.8289,13.5296   ,51.2159,13.3667   ,51.5913,12.9631   ,51.1258,12.8133   ,50.7657,12.8433   ,50.3369,12.9262    ,49.9809,13.0088   ,49.6272,13.1093   ,49.2696,13.1755    ,48.8376,13.1653   ,48.4821,13.0805   ,48.1331,12.9495   ,47.7109,12.8148   ,49.3866,-13.3472  ,0.0353436  ,567,127257,55.1013,10.4024,135.154,0
814 ,47.3581,12.9001   ,47.7143,13.125     ,48.1396,13.3413  ,48.5062,13.4797   ,48.8729,13.561    ,49.3178,13.5576   ,49.6905,13.4867    ,50.1382,13.3712   ,50.509 ,13.2601   ,50.8788,13.1449     ,51.3208,13.005    ,51.6471,12.8816   ,47.3581,12.9001   ,47.5266,13.3588    ,47.9508,13.6587   ,48.3354,13.832    ,48.7189,13.9457   ,49.1825,13.975     ,49.5747,13.9241    ,50.0511,13.8027   ,50.4438,13.6715    ,50.8324,13.5156   ,51.2942,13.3058   ,51.6471,12.8816   ,51.2007,12.7515   ,50.7772,12.8183   ,50.426 ,12.893     ,50.0763,12.9801   ,49.6564,13.0836   ,49.3051,13.1554    ,48.8793,13.1568   ,48.5284,13.0819   ,48.1842,12.9568   ,47.7697,12.8172   ,49.422 ,-13.3233  ,0.0468259  ,566,128190,55.7216,10.3563,136.569,0
815 ,47.3581,12.9001   ,47.7124,13.122     ,48.1357,13.3368  ,48.4997,13.4779   ,48.9383,13.5636   ,49.3071,13.5529   ,49.7519,13.462     ,50.1227,13.3634   ,50.5661,13.2362   ,50.9338,13.1211     ,51.3722,12.9778   ,51.704 ,12.8374   ,47.3581,12.9001   ,47.5285,13.3543    ,47.9528,13.6534   ,48.3364,13.8315   ,48.797 ,13.9487   ,49.1836,13.9621    ,49.6547,13.8873    ,50.0518,13.7897   ,50.5227,13.6327    ,50.9121,13.4829   ,51.3715,13.2639   ,51.704 ,12.8374   ,51.2281,12.7429   ,50.8089,12.8056   ,50.4613,12.8785    ,50.0459,12.9814   ,49.7005,13.0735   ,49.2831,13.1573    ,48.932 ,13.1667   ,48.5155,13.0779   ,48.175 ,12.9532   ,47.7645,12.8162   ,49.4516,-13.3115  ,0.054962   ,568,128472,56.5373,9.99544,137.983,0
816 ,47.3581,12.9001   ,47.7116,13.1214    ,48.134 ,13.3359  ,48.4974,13.4772   ,48.9352,13.5634   ,49.3035,13.5564   ,49.7478,13.4694    ,50.1182,13.3732   ,50.5601,13.2411   ,50.9282,13.133      ,51.3668,13.001    ,51.6912,12.8816   ,47.3581,12.9001   ,47.5274,13.3532    ,47.9502,13.652    ,48.3327,13.8301   ,48.7921,13.9483   ,49.1777,13.9623    ,49.6479,13.895     ,50.044 ,13.7986   ,50.5132,13.6384    ,50.9015,13.4891   ,51.3643,13.2927   ,51.6912,12.8816   ,51.2267,12.7551   ,50.8076,12.8185   ,50.4596,12.8853    ,50.0443,12.9875   ,49.6992,13.0803   ,49.2821,13.1635    ,48.9311,13.1666   ,48.5148,13.0776   ,48.1745,12.953    ,47.7643,12.8162   ,49.4501,-13.3172  ,0.0491563  ,567,129140,56.2239,10.0126,136.326,0
817 ,47.3581,12.9001   ,47.7807,13.1591    ,48.1362,13.3369  ,48.5005,13.4781   ,48.9393,13.5636   ,49.382 ,13.5463   ,49.7537,13.4678    ,50.1984,13.347    ,50.6423,13.222    ,51.0112,13.114      ,51.4518,12.9817   ,51.7855,12.8437   ,47.3581,12.9001   ,47.5903,13.4124    ,47.9519,13.6529   ,48.335 ,13.831    ,48.7953,13.9485   ,49.2588,13.956     ,49.6526,13.894     ,50.1281,13.7729   ,50.5976,13.6094    ,50.9877,13.4666   ,51.4491,13.2601   ,51.7855,12.8437   ,51.3083,12.7492   ,50.8877,12.8063   ,50.5386,12.8723    ,50.1217,12.9699   ,49.7061,13.0787   ,49.358 ,13.1557    ,48.9358,13.167    ,48.5183,13.0787   ,48.177 ,12.954    ,47.8353,12.8315   ,49.4865,-13.3115  ,0.0555418  ,576,129995,57.4806,10.0202,139.154,0
818 ,47.3581,12.9001   ,47.7115,13.1215    ,48.134 ,13.336   ,48.4974,13.4772   ,48.9352,13.5634   ,49.3035,13.5564   ,49.7482,13.4735    ,50.1189,13.3791   ,50.5612,13.2493   ,50.9299,13.1447     ,51.3681,13.009    ,51.6912,12.8816   ,47.3581,12.9001   ,47.5277,13.3535    ,47.9509,13.6524   ,48.3337,13.8305   ,48.7934,13.9484   ,49.1793,13.9622    ,49.6498,13.8946    ,50.0463,13.7979   ,50.5157,13.637     ,50.9063,13.4999   ,51.3692,13.3029   ,51.6912,12.8816   ,51.225 ,12.7665   ,50.8069,12.8367   ,50.4592,12.9044    ,50.0435,13.0004   ,49.6978,13.0865   ,49.2804,13.1636    ,48.9297,13.1665   ,48.5138,13.0773   ,48.1738,12.9527   ,47.7639,12.8161   ,49.4485,-13.3209  ,0.0460721  ,565,129539,56.2452,9.9283 ,136.326,0
819 ,47.3203,12.9381   ,47.7569,13.165     ,48.1173,13.3364  ,48.4867,13.477    ,48.8563,13.5601   ,49.3051,13.5596   ,49.6814,13.4918    ,50.1332,13.3785   ,50.5074,13.2683   ,50.8815,13.1585     ,51.3289,13.0267   ,51.6665,12.9197   ,47.3203,12.9381   ,47.5946,13.4386    ,47.9575,13.6623   ,48.3422,13.8341   ,48.7251,13.9474   ,49.1889,13.9683    ,49.581 ,13.9164    ,50.0577,13.8006   ,50.4501,13.6691    ,50.8404,13.525    ,51.3054,13.333    ,51.6665,12.9197   ,51.204 ,12.7635   ,50.7732,12.8383   ,50.4155,12.9145    ,50.0584,12.997    ,49.6307,13.1021   ,49.2718,13.1642    ,48.8381,13.159    ,48.4815,13.074    ,48.1315,12.9428   ,47.7803,12.8192   ,49.4316,-13.3231  ,0.041949   ,569,129598,56.0068,10.0057,137.154,0
820 ,47.3517,12.8937   ,47.7099,13.1273    ,48.1352,13.3454  ,48.503 ,13.4818   ,48.9454,13.5605   ,49.3169,13.5512   ,49.7655,13.4656    ,50.1399,13.3741   ,50.5866,13.2473   ,50.9584,13.142      ,51.4   ,13.0041   ,51.7352,12.8752   ,47.3517,12.8937   ,47.5185,13.3603    ,47.9442,13.6613   ,48.3306,13.8306   ,48.792 ,13.9545   ,49.1795,13.9687    ,49.6521,13.9001    ,50.0503,13.803    ,50.5217,13.641     ,50.9131,13.4974   ,51.3776,13.2985   ,51.7352,12.8752   ,51.2794,12.759    ,50.8555,12.8315   ,50.502 ,12.8904    ,50.0802,12.9855   ,49.7284,13.0606   ,49.3059,13.1488    ,48.9503,13.1559   ,48.5266,13.0877   ,48.1817,12.9622   ,47.7671,12.8156   ,49.4471,-13.3191  ,0.0469233  ,575,130170,56.8824,10.3375,139.397,0
821 ,47.3141,12.8876   ,47.6724,13.1062    ,48.0949,13.3207  ,48.4589,13.4619   ,48.8971,13.5511   ,49.2658,13.5505   ,49.7111,13.4664    ,50.0826,13.3747   ,50.5259,13.246    ,50.8936,13.1325     ,51.3178,12.9453   ,51.6218,12.7553   ,47.3141,12.8876   ,47.5164,13.352     ,47.9423,13.6542   ,48.3291,13.8238   ,48.7918,13.942    ,49.1797,13.9622    ,49.6524,13.8878    ,50.051 ,13.7899   ,50.5237,13.6324    ,50.9145,13.4821   ,51.3612,13.2309   ,51.6218,12.7553   ,51.1404,12.7338   ,50.7269,12.8364   ,50.3805,12.9038    ,49.9661,12.9995   ,49.6208,13.0793   ,49.2044,13.1504    ,48.855 ,13.1487   ,48.4408,13.055    ,48.1029,12.9251   ,47.6949,12.7869   ,49.4147,-13.3059  ,0.0502302  ,569,128887,56.5507,9.96116,138.811,0
822 ,47.2337,12.7913   ,47.6209,13.0435    ,48.0049,13.2695  ,48.4104,13.4417   ,48.82  ,13.5056   ,49.2077,13.5104   ,49.6472,13.4648    ,50.0795,13.3607   ,50.468 ,13.2427   ,50.9151,13.0859     ,51.2334,12.8724   ,51.5199,12.5571   ,47.2337,12.7913   ,47.4632,13.3334    ,47.8972,13.626    ,48.3229,13.8205   ,48.7479,13.9023   ,49.1605,13.9199    ,49.6407,13.8756    ,50.1065,13.7592   ,50.5058,13.618     ,50.9629,13.4361   ,51.3018,13.1584   ,51.5199,12.5571   ,51.0642,12.6691   ,50.7564,12.7876   ,50.319 ,12.8995    ,49.9376,12.9958   ,49.5163,13.0763   ,49.0991,13.1053    ,48.7456,13.094    ,48.3805,13.0296   ,48.0204,12.8619   ,47.6796,12.6935   ,49.3668,-13.279   ,0.0503983  ,558,126325,58.0604,10.0184,134.811,0
823 ,47.2241,12.7246   ,47.587 ,12.9743    ,47.931 ,13.1801  ,48.3395,13.3694   ,48.7014,13.4684   ,49.155 ,13.4999   ,49.555 ,13.451     ,49.9246,13.3662   ,50.3659,13.2306   ,50.7335,13.0755     ,51.0861,12.8253   ,51.3479,12.5776   ,47.2241,12.7246   ,47.4083,13.2587    ,47.787 ,13.5143   ,48.2423,13.7358   ,48.6434,13.8601   ,49.1312,13.9064    ,49.5657,13.8483    ,49.9751,13.7531   ,50.4492,13.6003    ,50.8244,13.4242   ,51.1918,13.1205   ,51.3479,12.5776   ,50.8859,12.6093   ,50.5379,12.7813   ,50.1758,12.8966    ,49.757 ,13.0108   ,49.4135,13.0764   ,49.0457,13.0989    ,48.633 ,13.0517   ,48.326 ,12.9616   ,47.9781,12.7903   ,47.668 ,12.6322   ,49.2847,-13.2386  ,0.0340265  ,540,123001,55.9924,9.9584 ,131.64 ,0
824 ,47.2241,12.6973   ,47.5989,12.9481    ,47.9761,13.1647  ,48.3355,13.3411   ,48.762 ,13.4205   ,49.2036,13.4336   ,49.5643,13.4117    ,49.9949,13.3355   ,50.3914,13.1978   ,50.7393,12.9874     ,50.9995,12.6598   ,51.1698,12.2994   ,47.2241,12.6973   ,47.4437,13.2195    ,47.8554,13.5079   ,48.2541,13.7218   ,48.7177,13.8216   ,49.2145,13.8411    ,49.6225,13.8135    ,50.0913,13.7153   ,50.5127,13.547     ,50.8912,13.3015   ,51.1541,12.8962   ,51.1698,12.2994   ,50.7907,12.5143   ,50.5077,12.7384   ,50.1778,12.8887    ,49.7863,12.9826   ,49.3676,13.0234   ,49.043 ,13.0278    ,48.6707,13.0041   ,48.317 ,12.9253   ,48.008 ,12.7688   ,47.6568,12.6233   ,49.2616,-13.1929  ,0.0446491  ,541,121830,56.6122,10.1939,131.74 ,0
825 ,47.2938,12.5889   ,47.5938,12.917     ,47.9289,13.1342  ,48.3028,13.3212   ,48.6988,13.4321   ,49.0981,13.4675   ,49.5209,13.4366    ,49.9112,13.3682   ,50.2892,13.2253   ,50.6402,12.9486     ,50.9086,12.637    ,51.1145,12.3299   ,47.2938,12.5889   ,47.425 ,13.1972    ,47.8052,13.4864   ,48.2355,13.7054   ,48.663 ,13.8485   ,49.0782,13.904     ,49.5252,13.8566    ,49.9572,13.7661   ,50.3822,13.6108    ,50.7683,13.2834   ,51.0245,12.8779   ,51.1145,12.3299   ,50.7233,12.4866   ,50.4267,12.6961   ,50.1068,12.8888    ,49.7609,12.9941   ,49.3967,13.0306   ,48.9998,13.0309    ,48.626 ,12.9951   ,48.283 ,12.9014   ,47.9694,12.7326   ,47.6821,12.5756   ,49.1918,-13.1988  ,0.0307019  ,533,120380,55.6865,10.7512,128.811,0
826 ,47.3156,12.5781   ,47.5804,12.8941    ,47.8838,13.1234  ,48.1801,13.2949   ,48.5373,13.4352   ,48.9259,13.5022   ,49.2936,13.504     ,49.6376,13.4581   ,49.9931,13.354    ,50.3115,13.1703     ,50.5957,12.9142   ,50.7969,12.624    ,47.3156,12.5781   ,47.3695,13.1283    ,47.6949,13.4505   ,48.039 ,13.6613   ,48.4275,13.8269   ,48.8692,13.9083    ,49.2995,13.914     ,49.696 ,13.8623   ,50.0921,13.7448    ,50.4501,13.5295   ,50.761 ,13.2027   ,50.7969,12.624    ,50.357 ,12.7031   ,50.0852,12.8743   ,49.7982,13.0013    ,49.4699,13.0748   ,49.166 ,13.1006   ,48.8633,13.0852    ,48.5481,13.0151   ,48.2385,12.8863   ,47.9846,12.7367   ,47.7114,12.5893   ,49.0623,-13.2582  ,-0.0280687 ,506,116054,50.4646,10.1085,119.397,0
827 ,47.3003,12.7769   ,47.5746,12.9848    ,47.8738,13.1674  ,48.1876,13.3565   ,48.5255,13.4879   ,48.8325,13.5387   ,49.2136,13.5435    ,49.5381,13.5035   ,49.8716,13.4171   ,50.1906,13.2627     ,50.46  ,13.0464   ,50.6559,12.7987   ,47.3003,12.7769   ,47.4057,13.2766    ,47.7281,13.5434   ,48.0961,13.7659   ,48.4777,13.9152   ,48.8219,13.9761    ,49.2314,13.9838    ,49.582 ,13.9291   ,49.9462,13.8207    ,50.3029,13.636    ,50.5999,13.347    ,50.6559,12.7987   ,50.2588,12.8053   ,50.0038,12.9351   ,49.7091,13.0436    ,49.3896,13.0959   ,49.0852,13.11     ,48.7367,13.0897    ,48.479 ,13.0359   ,48.203 ,12.9052   ,47.9358,12.7391   ,47.6605,12.6435   ,48.9454,-13.3195  ,-0.0775601 ,490,112205,46.8312,10.922 ,113.497,0
828 ,47.1939,12.8877   ,47.4887,13.047     ,47.7905,13.2095  ,48.0707,13.3682   ,48.3806,13.5121   ,48.7356,13.6039   ,49.0277,13.6248    ,49.3836,13.5904   ,49.6797,13.5313   ,50.0059,13.4336     ,50.3087,13.2959   ,50.5792,13.1221   ,47.1939,12.8877   ,47.3734,13.3435    ,47.6763,13.5998   ,47.9838,13.7902   ,48.3271,13.9393   ,48.7239,14.0391    ,49.0357,14.0703    ,49.4111,14.031    ,49.7228,13.9611    ,50.0576,13.839    ,50.365 ,13.6264   ,50.5792,13.1221   ,50.1707,13.0081   ,49.8632,13.0611   ,49.5401,13.124     ,49.2544,13.165    ,48.9197,13.1801   ,48.653 ,13.1528    ,48.3529,13.0542   ,48.0811,12.904    ,47.8194,12.7709   ,47.5208,12.7091   ,48.8337,-13.406   ,-0.133083  ,474,109285,44.9169,11.01  ,108.669,0
829 ,47.133 ,12.8796   ,47.4078,13.0779    ,47.6699,13.2455  ,47.9238,13.4093   ,48.1983,13.5586   ,48.5009,13.6551   ,48.8471,13.6958    ,49.1274,13.6906   ,49.4677,13.6638   ,49.7588,13.6364     ,50.0781,13.5998   ,50.3768,13.5283   ,47.133 ,12.8796   ,47.2722,13.3468    ,47.536 ,13.611    ,47.8171,13.819    ,48.124 ,13.9851   ,48.4612,14.0934    ,48.8363,14.1478    ,49.1255,14.1412   ,49.4685,14.0928    ,49.7547,14.0302   ,50.067 ,13.9211   ,50.3768,13.5283   ,50.0031,13.2902   ,49.667 ,13.252    ,49.3691,13.2437    ,49.034 ,13.245    ,48.7673,13.2399   ,48.4591,13.199     ,48.2032,13.1002   ,47.9603,12.9557   ,47.7285,12.8313   ,47.4721,12.7638   ,48.7229,-13.5076  ,-0.176737  ,458,107220,42.6831,11.1665,105.012,0
830 ,46.9519,13.0291   ,47.2568,13.1855    ,47.5411,13.3603  ,47.8238,13.5593   ,48.1029,13.7212   ,48.4135,13.8232   ,48.7566,13.863     ,49.0733,13.85     ,49.4043,13.8186   ,49.7335,13.7936     ,50.0353,13.7888   ,50.3508,13.8015   ,46.9519,13.0291   ,47.1143,13.4751    ,47.3911,13.7413   ,47.703 ,13.9807   ,48.0099,14.1567   ,48.337 ,14.2614    ,48.6829,14.311     ,48.9935,14.2983   ,49.3177,14.2493    ,49.641 ,14.1882   ,49.9486,14.1168   ,50.3508,13.8015   ,50.028 ,13.4589   ,49.7184,13.4051   ,49.3799,13.3986    ,49.045 ,13.4103   ,48.7281,13.4111   ,48.396 ,13.3637    ,48.1138,13.2464   ,47.8655,13.0837   ,47.6086,12.9229   ,47.3227,12.856    ,48.5949,-13.6685  ,-0.197883  ,463,105270,44.3714,11.2363,106.083,0
831 ,46.8464,13.1702   ,47.1754,13.3194    ,47.431 ,13.4573  ,47.6874,13.6262   ,47.9651,13.7985   ,48.2531,13.919    ,48.5877,13.985     ,48.9071,13.9963   ,49.2532,13.978    ,49.5494,13.9572     ,49.8766,13.931    ,50.1473,13.8975   ,46.8464,13.1702   ,47.0445,13.5809    ,47.2793,13.8035   ,47.5407,14.0155   ,47.8314,14.208    ,48.1302,14.3305    ,48.5016,14.3935    ,48.8668,14.4174   ,49.2456,14.4025    ,49.5503,14.364    ,49.8789,14.2668   ,50.1473,13.8975   ,49.7735,13.6041   ,49.4312,13.5589   ,49.1424,13.5614    ,48.837 ,13.5766   ,48.5763,13.5607   ,48.2879,13.4798    ,48.0212,13.3458   ,47.7508,13.1809   ,47.4956,13.0578   ,47.2266,13.0224   ,48.4995,-13.8042  ,-0.22875   ,448,101786,42.9818,10.8271,105.154,0
832 ,46.8694,13.1868   ,47.1627,13.3164    ,47.4448,13.4939  ,47.682 ,13.6702   ,47.9442,13.8364   ,48.2488,13.9378   ,48.5826,13.9819    ,48.9022,14.0018   ,49.2288,14.0145   ,49.5343,14.0294     ,49.8467,14.06     ,50.1182,14.1116   ,46.8694,13.1868   ,47.0412,13.5833    ,47.3185,13.8715   ,47.5681,14.0835   ,47.8446,14.2611   ,48.1635,14.3611    ,48.5074,14.4023    ,48.8339,14.4185   ,49.1606,14.4197    ,49.4589,14.4086   ,49.7631,14.3721   ,50.1182,14.1116   ,49.836 ,13.7352   ,49.4932,13.6431   ,49.1679,13.6045    ,48.8397,13.5788   ,48.5364,13.5503   ,48.2357,13.4933    ,47.9681,13.3719   ,47.7189,13.2003   ,47.4898,13.0582   ,47.2078,13.0119   ,48.4555,-13.8413  ,-0.250982  ,432,101316,42.4721,11.0101,101.255,0
833 ,46.9043,13.1906   ,47.1988,13.3627    ,47.4392,13.5295  ,47.6812,13.7079   ,47.9529,13.8747   ,48.2564,13.9777   ,48.5674,14.0272    ,48.842 ,14.0549   ,49.1716,14.0784   ,49.4331,14.0997     ,49.7609,14.1369   ,50.0362,14.1796   ,46.9043,13.1906   ,47.0295,13.6547    ,47.2627,13.8826   ,47.5251,14.0927   ,47.8208,14.2813   ,48.1273,14.3984    ,48.4346,14.4548    ,48.699 ,14.4848   ,49.0219,14.4981    ,49.2861,14.4978   ,49.6441,14.4626   ,50.0362,14.1796   ,49.7926,13.7991   ,49.4778,13.6925   ,49.2136,13.6511    ,48.8734,13.6157   ,48.5918,13.5866   ,48.2904,13.5347    ,48.0068,13.4284   ,47.758 ,13.2661   ,47.5341,13.1164   ,47.2923,13.0246   ,48.4046,-13.8772  ,-0.28858   ,436,98754 ,41.3117,10.8721,100.669,0
834 ,46.863 ,13.3795   ,47.103 ,13.555     ,47.353 ,13.7299  ,47.5767,13.8921   ,47.8277,14.0684   ,48.0636,14.2139   ,48.3045,14.3275    ,48.5875,14.4069   ,48.8709,14.4399   ,49.1774,14.4414     ,49.4578,14.4083   ,49.705 ,14.332    ,46.863 ,13.3795   ,46.9311,13.8479    ,47.1645,14.111    ,47.4078,14.3129   ,47.6942,14.5152   ,47.9567,14.6751    ,48.2051,14.8088    ,48.491 ,14.9144   ,48.7878,14.95      ,49.1326,14.9172   ,49.4445,14.7894   ,49.705 ,14.332    ,49.3845,14.0424   ,49.1224,13.9702   ,48.8532,13.9231    ,48.5964,13.8818   ,48.3313,13.8175   ,48.1041,13.7153    ,47.8915,13.5745   ,47.6714,13.4175   ,47.4673,13.2956   ,47.2095,13.2184   ,48.2985,-14.1775  ,-0.394982  ,477,105312,38.7798,12.7303,100.912,0
835 ,46.6424,13.6426   ,46.938 ,13.7589    ,47.2354,13.8976  ,47.492 ,14.0638   ,47.7363,14.2375   ,47.9752,14.4      ,48.2819,14.5541    ,48.5328,14.6231   ,48.8371,14.6415   ,49.1303,14.5202     ,49.2649,14.2364   ,49.249 ,13.9681   ,46.6424,13.6426   ,46.8767,14.0446    ,47.1931,14.31     ,47.4855,14.5434   ,47.7664,14.762    ,48.031 ,14.9506    ,48.3742,15.1016    ,48.6803,15.1368   ,49.075 ,15.0755    ,49.4433,14.8101   ,49.5513,14.3845   ,49.249 ,13.9681   ,48.9623,14.1779   ,48.7488,14.288    ,48.5006,14.214     ,48.2825,14.0882   ,48.0959,13.97     ,47.8384,13.7977    ,47.6265,13.6562   ,47.4144,13.5259   ,47.191 ,13.4368   ,46.9197,13.4437   ,48.2656,-14.3566  ,-0.36051   ,461,106313,41.3023,14.3359,106.811,0
836 ,46.5959,13.6445   ,46.8976,13.8113    ,47.218 ,13.9597  ,47.5299,14.1407   ,47.7787,14.3      ,48.109 ,14.4787   ,48.411 ,14.5893    ,48.7276,14.6352   ,49.0575,14.5739   ,49.2204,14.2855     ,49.1696,13.9587   ,49.0265,13.6752   ,46.5959,13.6445   ,46.8716,14.0728    ,47.2489,14.3921   ,47.6262,14.6789   ,47.9309,14.892    ,48.3422,15.1149    ,48.7232,15.2162    ,49.1338,15.1742   ,49.5369,14.9155    ,49.6317,14.4025   ,49.4813,13.9907   ,49.0265,13.6752   ,48.8862,14.0176   ,48.7974,14.2574   ,48.5206,14.2655    ,48.2323,14.09     ,48.0095,13.9389   ,47.7917,13.8038    ,47.5448,13.6567   ,47.3476,13.5483   ,47.0946,13.4807   ,46.8364,13.5105   ,48.2849,-14.3522  ,-0.315621  ,481,109409,45.5766,17.9452,114.711,0
837 ,46.6698,13.6605   ,46.9632,13.8399    ,47.3009,14.0241  ,47.589 ,14.2154   ,47.8716,14.3998   ,48.1705,14.5556   ,48.4937,14.6707    ,48.8144,14.7089   ,49.1194,14.5322   ,49.2152,14.1987     ,49.2203,13.8395   ,49.1723,13.5435   ,46.6698,13.6605   ,46.8884,14.1476    ,47.2866,14.4661   ,47.6442,14.7288   ,47.9936,14.9685   ,48.3618,15.1465    ,48.7642,15.2323    ,49.1694,15.1902   ,49.5007,14.8446    ,49.5505,14.3857   ,49.4751,13.9364   ,49.1723,13.5435   ,48.9694,13.8409   ,48.8671,14.1164   ,48.6888,14.2925    ,48.3728,14.2292   ,48.1281,14.0845   ,47.8906,13.9254    ,47.6677,13.7807   ,47.453 ,13.6475   ,47.2308,13.5297   ,46.9566,13.4934   ,48.2793,-14.352   ,-0.274322  ,490,112313,46.6838,16.094 ,115.397,0
838 ,46.5581,13.7333   ,46.905 ,13.8705    ,47.2328,14.0408  ,47.5186,14.2409   ,47.8462,14.469    ,48.1774,14.6552   ,48.4771,14.7635    ,48.8447,14.7789   ,49.1444,14.5819   ,49.2414,14.2486     ,49.2538,13.882    ,49.2242,13.5257   ,46.5581,13.7333   ,46.8153,14.17      ,47.1633,14.4293   ,47.4959,14.6863   ,47.8866,14.9888   ,48.2759,15.2071    ,48.6361,15.2763    ,49.0923,15.2055   ,49.4619,14.8956    ,49.5727,14.4876   ,49.5343,14.0378   ,49.2242,13.5257   ,48.9735,13.8457   ,48.8949,14.1306   ,48.7643,14.3567    ,48.4933,14.3684   ,48.2171,14.215    ,47.9821,14.0572    ,47.7128,13.8881   ,47.4464,13.7272   ,47.2069,13.5921   ,46.9055,13.5367   ,48.2693,-14.3879  ,-0.238885  ,496,113167,49.1711,14.5564,119.054,0
839 ,46.521 ,13.7445   ,46.8486,13.9047    ,47.2077,14.0779  ,47.4846,14.2628   ,47.8173,14.4859   ,48.1092,14.6423   ,48.4941,14.771     ,48.8253,14.7776   ,49.1246,14.5818   ,49.222 ,14.2358     ,49.2306,13.8271   ,49.1853,13.5244   ,46.521 ,13.7445   ,46.7875,14.1929    ,47.1909,14.5012   ,47.5214,14.7564   ,47.9133,15.0448   ,48.2586,15.2189    ,48.7281,15.3025    ,49.1295,15.2039   ,49.459 ,14.8974    ,49.5492,14.4904   ,49.488 ,13.9738   ,49.1853,13.5244   ,48.9756,13.7957   ,48.8827,14.0919   ,48.7361,14.3438    ,48.4296,14.3651   ,48.1639,14.2204   ,47.8621,14.0203    ,47.625 ,13.8665   ,47.3546,13.704    ,47.1332,13.6001   ,46.8249,13.5842   ,48.2526,-14.399   ,-0.211374  ,498,113676,49.3193,15.4825,119.64 ,0
840 ,46.526 ,13.723    ,46.8867,13.9009    ,47.2264,14.0912  ,47.5204,14.3003   ,47.8578,14.5357   ,48.2117,14.7275   ,48.5758,14.832     ,48.9257,14.737    ,49.133 ,14.389    ,49.2143,14.0699     ,49.292 ,13.6794   ,49.3367,13.3198   ,46.526 ,13.723    ,46.7817,14.188     ,47.1517,14.4794   ,47.4993,14.7546   ,47.8962,15.0574   ,48.3031,15.2482    ,48.7275,15.301     ,49.1342,15.1689   ,49.4163,14.7903    ,49.509 ,14.396    ,49.5487,13.879    ,49.3367,13.3198   ,49.0102,13.604    ,48.8911,13.876    ,48.8085,14.1057    ,48.6291,14.3678   ,48.3191,14.3517   ,48.0156,14.1613    ,47.7228,13.95     ,47.4443,13.7758   ,47.2025,13.6372   ,46.8996,13.575    ,48.2742,-14.3643  ,-0.13297   ,508,115504,51.827 ,13.7879,121.882,0
841 ,46.5415,13.7308   ,46.9128,13.9042    ,47.255 ,14.1165  ,47.5467,14.3334   ,47.8312,14.5327   ,48.1931,14.7141   ,48.5416,14.7956    ,48.9007,14.7037   ,49.0848,14.3569   ,49.1783,13.9923     ,49.2877,13.6443   ,49.3793,13.2973   ,46.5415,13.7308   ,46.7837,14.1938    ,47.1551,14.501    ,47.5023,14.7919   ,47.8334,15.046    ,48.2544,15.2097    ,48.688 ,15.2451    ,49.1452,15.0925   ,49.3899,14.6975    ,49.4703,14.259    ,49.5243,13.8287   ,49.3793,13.2973   ,49.0136,13.5708   ,48.854 ,13.8472   ,48.7447,14.1323    ,48.5713,14.3786   ,48.2791,14.3328   ,48.0247,14.1672    ,47.7332,13.9573   ,47.4955,13.804    ,47.2564,13.6613   ,46.9475,13.5699   ,48.2521,-14.3401  ,-0.0923478 ,507,116320,51.1613,13.4084,120.468,0
842 ,46.531 ,13.7526   ,46.88  ,13.9011    ,47.2403,14.1124  ,47.5418,14.3586   ,47.8192,14.5682   ,48.1857,14.7523   ,48.5304,14.8035    ,48.8793,14.6554   ,49.0773,14.3172   ,49.1876,13.9804     ,49.3484,13.6156   ,49.4848,13.3025   ,46.531 ,13.7526   ,46.7724,14.1974    ,47.1563,14.5092   ,47.4816,14.8071   ,47.7913,15.0507   ,48.2263,15.2299    ,48.6671,15.2396    ,49.1149,15.0506   ,49.374 ,14.6592    ,49.4654,14.2556   ,49.5619,13.821    ,49.4848,13.3025   ,49.085 ,13.5061   ,48.8712,13.817    ,48.7399,14.0835    ,48.5606,14.3334   ,48.2798,14.3683   ,48.0336,14.2341    ,47.7513,14.0205   ,47.5135,13.837    ,47.2382,13.6518   ,46.8966,13.5678   ,48.2425,-14.3402  ,-0.0627407 ,505,116843,51.2585,12.6432,120.711,0
843 ,46.5608,13.6724   ,46.9286,13.9156    ,47.2555,14.1585  ,47.5779,14.4131   ,47.9305,14.6495   ,48.3211,14.7827   ,48.7116,14.7483    ,49.0003,14.4374   ,49.1343,14.0729   ,49.2974,13.7184     ,49.5251,13.3552   ,49.8078,13.1121   ,46.5608,13.6724   ,46.7667,14.1949    ,47.1302,14.5459   ,47.5223,14.8837   ,47.9288,15.1495   ,48.3923,15.2327    ,48.8822,15.1534    ,49.2545,14.8348   ,49.4058,14.4062    ,49.5239,13.9679   ,49.6592,13.5418   ,49.8078,13.1121   ,49.3434,13.2533   ,49.0144,13.5658   ,48.8271,13.8456    ,48.696 ,14.1375   ,48.4387,14.3829   ,48.1326,14.3101    ,47.8294,14.093    ,47.5299,13.8627   ,47.27  ,13.6836   ,46.9882,13.569    ,48.2891,-14.2859  ,0.0949079  ,526,118755,55.4988,13.0146,133.782,0
844 ,46.5813,13.6763   ,46.9283,13.9168    ,47.2472,14.1743  ,47.5148,14.4157   ,47.8486,14.6674   ,48.1764,14.7922   ,48.5879,14.7509    ,48.898 ,14.5304   ,49.1151,14.2212   ,49.3238,13.8712     ,49.614 ,13.5957   ,49.8997,13.3739   ,46.5813,13.6763   ,46.7623,14.189     ,47.0924,14.532    ,47.3723,14.8099   ,47.7253,15.0814   ,48.0899,15.2076    ,48.5858,15.2226    ,49.0031,15.061    ,49.2803,14.7387    ,49.4418,14.2968   ,49.6738,13.8966   ,49.8997,13.3739   ,49.4704,13.3556   ,49.1489,13.5265   ,48.8962,13.795     ,48.7181,14.0782   ,48.4806,14.317    ,48.1498,14.3453    ,47.8719,14.1919   ,47.5668,13.9421   ,47.3125,13.7372   ,47.0039,13.5812   ,48.2957,-14.3164  ,0.0851656  ,523,119184,52.9956,12.5505,125.782,0
845 ,46.5655,13.6896   ,46.9381,13.9732    ,47.2074,14.2061  ,47.5523,14.4953   ,47.9057,14.7184   ,48.2755,14.8062   ,48.6856,14.666     ,48.966 ,14.4121   ,49.2278,14.0901   ,49.4986,13.8317     ,49.9131,13.6585   ,50.2725,13.6071   ,46.5655,13.6896   ,46.7511,14.2436    ,47.0297,14.5491   ,47.417 ,14.8947   ,47.8108,15.1445   ,48.213 ,15.258     ,48.6896,15.1702    ,49.0378,14.9386   ,49.315 ,14.5837    ,49.5136,14.2378   ,49.8768,13.9268   ,50.2725,13.6071   ,49.8404,13.4164   ,49.3948,13.4889   ,49.0709,13.6832    ,48.8092,13.9786   ,48.5751,14.2284   ,48.2124,14.3536    ,47.8811,14.2343   ,47.571 ,14.0039   ,47.2737,13.7653   ,47.0246,13.6204   ,48.3564,-14.3107  ,0.128395   ,534,122332,55.2144,12.103 ,131.782,0
846 ,46.5312,13.7624   ,46.8786,13.9747    ,47.209 ,14.2313  ,47.4924,14.4818   ,47.8279,14.714    ,48.2154,14.7902   ,48.5752,14.7015    ,48.947 ,14.4577   ,49.217 ,14.2034   ,49.5163,13.9268     ,49.8261,13.6758   ,50.0805,13.4211   ,46.5312,13.7624   ,46.7175,14.2294    ,47.0291,14.5597   ,47.3228,14.8498   ,47.6714,15.1076   ,48.0745,15.2267    ,48.4908,15.213     ,48.9416,15.0125   ,49.2634,14.7179    ,49.5904,14.3443   ,49.923 ,13.9774   ,50.0805,13.4211   ,49.6434,13.4438   ,49.3546,13.5844   ,49.0849,13.773     ,48.8548,13.9847   ,48.5429,14.2378   ,48.2362,14.3557    ,47.8847,14.2695   ,47.5677,14.0326   ,47.2944,13.821    ,46.948 ,13.6609   ,48.3323,-14.3381  ,0.113036   ,533,121578,53.6245,12.6495,126.853,0
847 ,46.5471,13.7394   ,46.902 ,13.9976    ,47.209 ,14.2433  ,47.5114,14.4961   ,47.8711,14.7186   ,48.2298,14.7969   ,48.6184,14.6995    ,48.9849,14.4586   ,49.2623,14.1984   ,49.5324,13.8761     ,49.7359,13.5506   ,49.8436,13.1784   ,46.5471,13.7394   ,46.7616,14.2628    ,47.0735,14.6061   ,47.3985,14.9123   ,47.792 ,15.1504   ,48.1933,15.238     ,48.6507,15.1476    ,49.0973,14.8752   ,49.4452,14.5566    ,49.7766,14.1617   ,49.984 ,13.7662   ,49.8436,13.1784   ,49.4399,13.427    ,49.2182,13.6839   ,48.9929,13.93      ,48.7725,14.1223   ,48.4762,14.3002   ,48.1566,14.3541    ,47.8551,14.2443   ,47.5381,14.0114   ,47.2573,13.8063   ,46.9568,13.6705   ,48.3764,-14.3062  ,0.160529   ,541,124001,54.5137,11.181 ,128.024,0
848 ,46.5536,13.6635   ,46.9176,13.9531    ,47.2317,14.2112  ,47.5413,14.4614   ,47.8781,14.6713   ,48.2685,14.7818   ,48.7005,14.6948    ,49.0348,14.439    ,49.2744,14.1577   ,49.4974,13.7601     ,49.5677,13.346    ,49.4911,12.9959   ,46.5536,13.6635   ,46.8139,14.2428    ,47.1725,14.6328   ,47.5454,14.9663   ,47.941 ,15.1825   ,48.4195,15.2158    ,48.9513,15.0405    ,49.3298,14.7224   ,49.5809,14.3783    ,49.8063,13.9236   ,49.8472,13.4535   ,49.4911,12.9959   ,49.2907,13.3449   ,49.1492,13.6929   ,48.9069,14.0193    ,48.6632,14.2305   ,48.358 ,14.3947   ,48.0182,14.336     ,47.7191,14.1132   ,47.4375,13.88     ,47.1845,13.7006   ,46.9224,13.5859   ,48.3601,-14.2716  ,0.167765   ,541,123276,55.9221,13.3931,130.024,0
849 ,46.5602,13.664    ,46.899 ,13.9563    ,47.1937,14.1906  ,47.5409,14.4516   ,47.8584,14.6139   ,48.2876,14.7003   ,48.6758,14.632     ,49.0128,14.4249   ,49.2722,14.0984   ,49.4007,13.7145     ,49.3373,13.3208   ,49.1078,13.0479   ,46.5602,13.664    ,46.8148,14.2424    ,47.1488,14.6005   ,47.5518,14.9552   ,47.9261,15.1402   ,48.4344,15.1894    ,48.8918,15.0608    ,49.2798,14.7832   ,49.56  ,14.3729    ,49.7042,13.8906   ,49.6181,13.3674   ,49.1078,13.0479   ,49.0911,13.3555   ,49.0845,13.6282   ,48.9394,13.9017    ,48.6709,14.1306   ,48.3661,14.2363   ,48.0423,14.2083    ,47.6978,14.051    ,47.442 ,13.8893   ,47.1531,13.7114   ,46.9029,13.6092   ,48.3155,-14.2623  ,0.109439   ,534,120827,54.6012,13.6486,128.368,0
850 ,46.6242,13.6735   ,46.9485,13.9755    ,47.2487,14.2225  ,47.5523,14.4519   ,47.9052,14.6378   ,48.2711,14.7195   ,48.6919,14.6495    ,49.0093,14.4358   ,49.2103,14.0933   ,49.2635,13.7266     ,49.1646,13.3444   ,48.8634,13.1095   ,46.6242,13.6735   ,46.8617,14.2803    ,47.2023,14.6601   ,47.56  ,14.9652   ,47.9892,15.158    ,48.4382,15.1875    ,48.9438,15.044     ,49.3086,14.7669   ,49.523 ,14.3274    ,49.5698,13.834    ,49.4381,13.3084   ,48.8634,13.1095   ,48.9357,13.4615   ,48.9571,13.726    ,48.8631,13.9565    ,48.6414,14.1735   ,48.3501,14.2884   ,48.0095,14.2451    ,47.7313,14.0818   ,47.4578,13.879    ,47.2085,13.7139   ,46.9522,13.6037   ,48.2753,-14.2687  ,0.0816689  ,524,119456,53.679 ,13.5733,126.125,0
851 ,46.6769,13.5959   ,46.9603,13.8922    ,47.2303,14.1385  ,47.5273,14.4029   ,47.8507,14.5908   ,48.2074,14.6939   ,48.5939,14.6366    ,48.8938,14.4244   ,49.0672,14.0859   ,49.0974,13.7048     ,48.9554,13.3153   ,48.6869,13.1078   ,46.6769,13.5959   ,46.8249,14.2134    ,47.1669,14.6188   ,47.5743,14.9778   ,48.0094,15.1624   ,48.4673,15.1977    ,48.9507,15.0154    ,49.3067,14.6622   ,49.4813,14.1814    ,49.4702,13.6748   ,49.2344,13.2188   ,48.6869,13.1078   ,48.7252,13.4821   ,48.7321,13.8398   ,48.6221,14.0978    ,48.4072,14.2646   ,48.1414,14.2938   ,47.8529,14.1793    ,47.6068,13.982    ,47.4049,13.7686   ,47.2185,13.5867   ,47.0187,13.5055   ,48.2286,-14.2565  ,0.035584   ,522,118848,51.9208,15.295 ,127.882,0
852 ,46.5996,13.6432   ,46.9346,13.9174    ,47.2725,14.198   ,47.5694,14.4406   ,47.9123,14.662    ,48.3337,14.7965   ,48.7054,14.6883    ,48.993 ,14.3749   ,49.0709,13.9832   ,49.0057,13.5892     ,48.8211,13.2231   ,48.5459,12.9459   ,46.5996,13.6432   ,46.818 ,14.2033    ,47.1594,14.6043   ,47.4766,14.9003   ,47.8634,15.1252   ,48.3748,15.2213    ,48.8622,15.0756    ,49.2751,14.6792   ,49.412 ,14.1652    ,49.3504,13.641    ,49.1028,13.1913   ,48.5459,12.9459   ,48.5924,13.3374   ,48.6937,13.6421   ,48.7275,13.9194    ,48.6596,14.1681   ,48.4594,14.3523   ,48.1984,14.3663    ,47.8645,14.1463   ,47.5632,13.9048   ,47.2873,13.7078   ,46.9597,13.5605   ,48.2057,-14.2269  ,0.0498919  ,534,119630,55.8019,12.2563,128.953,0
853 ,46.6374,13.6199   ,46.9329,13.9042    ,47.2524,14.1889  ,47.5576,14.4464   ,47.9154,14.6601   ,48.3236,14.7654   ,48.6968,14.6719    ,48.9512,14.3581   ,49.0118,13.9316   ,48.9292,13.5608     ,48.7702,13.1949   ,48.5362,12.8736   ,46.6374,13.6199   ,46.8344,14.18      ,47.1639,14.5989   ,47.506 ,14.9364   ,47.9221,15.1633   ,48.4262,15.2051    ,48.9072,15.0389    ,49.2739,14.6658   ,49.3918,14.1369    ,49.2898,13.6668   ,49.0511,13.2252   ,48.5362,12.8736   ,48.5234,13.2422   ,48.5994,13.5416   ,48.6363,13.825     ,48.591 ,14.1352   ,48.4117,14.3498   ,48.1312,14.3196    ,47.8172,14.1152   ,47.5212,13.8883   ,47.2568,13.703    ,46.9579,13.5659   ,48.1992,-14.2206  ,0.0673656  ,532,120009,55.3209,12.9191,130.368,0
854 ,46.7819,13.6088   ,47.065 ,13.9504    ,47.3315,14.2281  ,47.626 ,14.4938   ,47.9943,14.6901   ,48.428 ,14.7354   ,48.7706,14.543     ,48.9362,14.1561   ,48.925 ,13.767    ,48.8171,13.3637     ,48.6877,12.9994   ,48.554 ,12.6308   ,46.7819,13.6088   ,46.882 ,14.2578    ,47.1944,14.6415   ,47.578 ,14.9839   ,48.0517,15.2006   ,48.5844,15.1909    ,49.0168,14.9102    ,49.2862,14.4253   ,49.3006,13.9353    ,49.1443,13.4637   ,48.9201,13.07     ,48.554 ,12.6308   ,48.4867,13.0153   ,48.5223,13.3598   ,48.5654,13.7074    ,48.569 ,13.9961   ,48.4524,14.25     ,48.1757,14.2952    ,47.8409,14.1464   ,47.5867,13.9358   ,47.3889,13.7331   ,47.1766,13.5701   ,48.185 ,-14.1926  ,0.169484   ,537,121959,55.3722,13.1848,133.882,0
855 ,46.7558,13.6279   ,47.0457,13.9324    ,47.3557,14.2484  ,47.6416,14.5177   ,47.9836,14.7035   ,48.3911,14.7137   ,48.716 ,14.5017    ,48.8641,14.1235   ,48.8402,13.6884   ,48.745 ,13.2837     ,48.6321,12.9276   ,48.533 ,12.5417   ,46.7558,13.6279   ,46.8973,14.2591    ,47.2554,14.7112   ,47.6413,15.0563   ,48.1299,15.238    ,48.6957,15.1389    ,49.0987,14.805     ,49.2801,14.3373   ,49.2238,13.8286    ,49.0636,13.377    ,48.8675,12.9937   ,48.533 ,12.5417   ,48.4262,12.9419   ,48.4528,13.2874   ,48.4738,13.6557    ,48.4342,14.0145   ,48.2658,14.2739   ,47.9964,14.3105    ,47.748 ,14.1405   ,47.5595,13.9121   ,47.3758,13.7018   ,47.1194,13.5373   ,48.1732,-14.1724  ,0.293768   ,541,122247,55.2712,14.2517,136.468,0
856 ,46.7939,13.6587   ,47.0566,13.9694    ,47.3459,14.2713  ,47.669 ,14.5411   ,48.027 ,14.7045   ,48.3958,14.6814   ,48.7127,14.3886    ,48.8226,14.0165   ,48.8045,13.6229   ,48.7415,13.2332     ,48.6632,12.848    ,48.6091,12.4657   ,46.7939,13.6587   ,46.9085,14.2227    ,47.2006,14.6541   ,47.5777,14.9943   ,48.014 ,15.1777   ,48.4738,15.1529    ,48.9495,14.8517    ,49.1812,14.4282   ,49.1934,13.9489    ,49.0676,13.4764   ,48.8807,13.0137   ,48.6091,12.4657   ,48.4632,12.8106   ,48.4397,13.119    ,48.4369,13.4275    ,48.4522,13.736    ,48.4085,14.034    ,48.2002,14.2474    ,47.9168,14.1992   ,47.6512,14.0021   ,47.39  ,13.7906   ,47.1174,13.6192   ,48.1612,-14.1363  ,0.578613   ,547,123236,54.2389,12.3295,137.64 ,0
857 ,46.7939,13.6587   ,47.0567,13.9754    ,47.3485,14.2873  ,47.6182,14.5267   ,47.979 ,14.7064   ,48.4053,14.6456   ,48.6656,14.3608    ,48.7807,13.9786   ,48.8019,13.5793   ,48.7872,13.185      ,48.7702,12.7999   ,48.8042,12.4217   ,46.7939,13.6587   ,46.8973,14.2255    ,47.1888,14.6611   ,47.4977,14.9607   ,47.9267,15.1836   ,48.4639,15.1499    ,48.872 ,14.8729    ,49.1079,14.445    ,49.1505,13.9661    ,49.0847,13.4873   ,48.9606,13.0143   ,48.8042,12.4217   ,48.5713,12.7124   ,48.4924,13.0124   ,48.4551,13.3257    ,48.4329,13.6445   ,48.3913,13.9614   ,48.234 ,14.2014    ,47.905 ,14.2003   ,47.6296,14.0004   ,47.4075,13.8087   ,47.1269,13.6261   ,48.1575,-14.1119  ,0.743878   ,550,124303,54.0085,12.842 ,137.64 ,0
858 ,46.8193,13.6275   ,47.0233,13.9633    ,47.292 ,14.2849  ,47.6   ,14.5793   ,47.9587,14.7385   ,48.3177,14.6817   ,48.628 ,14.3706    ,48.7771,14.0059   ,48.8612,13.6147   ,48.936 ,13.2278     ,49.0537,12.8611   ,49.1938,12.5291   ,46.8193,13.6275   ,46.8063,14.1578    ,47.0686,14.5992   ,47.426 ,14.9637   ,47.8477,15.1856   ,48.3038,15.1817    ,48.7886,14.919     ,49.0585,14.5211   ,49.1592,14.0505    ,49.1697,13.5739   ,49.205 ,13.1025   ,49.1938,12.5291   ,48.8475,12.7348   ,48.6672,13.0077   ,48.5389,13.3093    ,48.4631,13.6205   ,48.3934,13.9326   ,48.2204,14.2283    ,47.9438,14.2671   ,47.6644,14.1074   ,47.4189,13.8637   ,47.1606,13.6653   ,48.1822,-14.1064  ,0.651907   ,560,126212,53.9554,13.2414,137.64 ,0
859 ,46.7078,13.692    ,47.0438,14.0312    ,47.2929,14.3299  ,47.5634,14.6252   ,47.9354,14.8079   ,48.3564,14.6935   ,48.6142,14.403     ,48.7983,13.9911   ,48.9312,13.599    ,49.1183,13.2127     ,49.3891,12.9058   ,49.7182,12.7178   ,46.7078,13.692    ,46.8043,14.2642    ,47.0297,14.603    ,47.3262,14.9373   ,47.7565,15.1884   ,48.3137,15.2033    ,48.7381,14.996     ,49.0312,14.5979   ,49.1467,14.1357    ,49.2385,13.6237   ,49.417 ,13.1852   ,49.7182,12.7178   ,49.2746,12.6987   ,48.9351,12.9056   ,48.674 ,13.1775    ,48.5281,13.491    ,48.4286,13.9052   ,48.3084,14.2452    ,47.9995,14.4083   ,47.7057,14.2241   ,47.4725,13.9532   ,47.1988,13.7073   ,48.2067,-14.1244  ,0.543159   ,551,125288,56.6291,14.9123,137.539,0
860 ,46.8054,13.6386   ,47.008 ,14.0279    ,47.2559,14.3436  ,47.5119,14.5907   ,47.8634,14.7657   ,48.2722,14.7231   ,48.5505,14.5191    ,48.79  ,14.1576   ,48.9406,13.8058   ,49.1089,13.4415     ,49.3253,13.1516   ,49.5526,12.8453   ,46.8054,13.6386   ,46.7682,14.2406    ,46.982 ,14.6343   ,47.2311,14.9303   ,47.6116,15.1659   ,48.1367,15.2282    ,48.573 ,15.1014    ,48.9586,14.7418   ,49.1379,14.339     ,49.271 ,13.8735   ,49.4505,13.4694   ,49.5526,12.8453   ,49.1312,12.9137   ,48.8975,13.098    ,48.706 ,13.3631    ,48.5799,13.659    ,48.4588,14.0069   ,48.3141,14.2569    ,48.0093,14.3386   ,47.7007,14.1759   ,47.4535,13.9646   ,47.1851,13.7234   ,48.2165,-14.1661  ,0.478445   ,549,124685,53.1446,14.0682,130.953,0
861 ,46.7788,13.62     ,46.9818,14.027     ,47.2234,14.3624  ,47.5432,14.6799   ,47.9336,14.8562   ,48.3273,14.784    ,48.6566,14.4955    ,48.8721,14.1393   ,49.0833,13.7206   ,49.2876,13.3684     ,49.5378,13.0213   ,49.7541,12.6811   ,46.7788,13.62     ,46.726 ,14.2366    ,46.9625,14.6451   ,47.3475,15.0193   ,47.8502,15.2335   ,48.3772,15.201     ,48.8237,14.9226    ,49.1088,14.5157   ,49.3225,14.0421    ,49.4857,13.6577   ,49.697 ,13.2705   ,49.7541,12.6811   ,49.3063,12.8674   ,49.0241,13.1814   ,48.7946,13.4966    ,48.5882,13.8527   ,48.4224,14.1528   ,48.175 ,14.4152    ,47.8993,14.4584   ,47.6371,14.261    ,47.4077,13.9826   ,47.1766,13.7232   ,48.2722,-14.1696  ,0.475081   ,551,126421,58.0711,10.6478,135.439,0
862 ,46.7582,13.6092   ,46.9738,14.0291    ,47.2302,14.3918  ,47.5249,14.6796   ,47.9126,14.8409   ,48.3169,14.7771   ,48.6798,14.4905    ,48.9109,14.1556   ,49.1154,13.7648   ,49.3267,13.392      ,49.554 ,13.0247   ,49.6833,12.6285   ,46.7582,13.6092   ,46.714 ,14.2464    ,46.9639,14.6757   ,47.2843,15.0051   ,47.7667,15.2114   ,48.3033,15.222     ,48.7905,14.965     ,49.0981,14.5715   ,49.3346,14.0893    ,49.5322,13.6598   ,49.749 ,13.2544   ,49.6833,12.6285   ,49.3039,12.8871   ,49.0654,13.2162   ,48.8468,13.5365    ,48.667 ,13.8379   ,48.4899,14.1048   ,48.2231,14.3756    ,47.9423,14.4452   ,47.6675,14.2815   ,47.4289,14.0179   ,47.1726,13.7229   ,48.2816,-14.1756  ,0.466313   ,555,126714,58.5983,11.175 ,137.439,0
863 ,46.7547,13.6179   ,46.9414,14.0045    ,47.2131,14.3782  ,47.5194,14.6372   ,47.9112,14.7752   ,48.3681,14.7067   ,48.6829,14.4809    ,48.9424,14.1337   ,49.154 ,13.739    ,49.3588,13.3649     ,49.5699,13.0051   ,49.6679,12.6264   ,46.7547,13.6179   ,46.7058,14.2337    ,46.9679,14.6973   ,47.3025,15.0152   ,47.766 ,15.2123   ,48.3397,15.2052    ,48.7544,14.9883    ,49.1052,14.5774   ,49.3476,14.1088    ,49.5479,13.6646   ,49.7571,13.2375   ,49.6679,12.6264   ,49.3333,12.8608   ,49.1161,13.1591   ,48.914 ,13.4591    ,48.7252,13.7781   ,48.5317,14.0526   ,48.2919,14.2496    ,47.9393,14.318    ,47.6358,14.1953   ,47.3878,13.9767   ,47.1229,13.6939   ,48.2865,-14.1752  ,0.461944   ,557,126768,57.7374,11.796 ,137.439,0
864 ,46.6417,13.5978   ,46.8614,13.9709    ,47.1643,14.341   ,47.4433,14.6077   ,47.8623,14.7702   ,48.2711,14.7315   ,48.6586,14.5068    ,48.9447,14.1634   ,49.1527,13.8084   ,49.3788,13.4075     ,49.5855,13.0725   ,49.7835,12.71     ,46.6417,13.5978   ,46.6547,14.1651    ,46.9228,14.6281   ,47.1892,14.9637   ,47.6506,15.1954   ,48.1553,15.2334    ,48.6698,15.0533    ,49.0602,14.6584   ,49.3007,14.2363    ,49.5244,13.7626   ,49.7264,13.3684   ,49.7835,12.71     ,49.392 ,12.8589   ,49.1831,13.1386   ,48.954 ,13.4703    ,48.7696,13.7573   ,48.5621,14.0347   ,48.2747,14.2604    ,47.9617,14.3217   ,47.6083,14.185    ,47.3353,13.9705   ,47.0058,13.6981   ,48.2741,-14.1998  ,0.435306   ,554,125590,58.3628,12.5618,136.853,0
865 ,46.6278,13.5976   ,46.8635,13.9784    ,47.1428,14.3265  ,47.4606,14.6132   ,47.8198,14.7512   ,48.2688,14.7198   ,48.6137,14.5348    ,48.9395,14.2088   ,49.1737,13.8565   ,49.3599,13.5139     ,49.5731,13.1488   ,49.7676,12.7836   ,46.6278,13.5976   ,46.6683,14.1883    ,46.9144,14.6304   ,47.2249,14.9927   ,47.6247,15.1873   ,48.1662,15.2294    ,48.6004,15.0753    ,49.0279,14.7104   ,49.3214,14.288     ,49.5111,13.8813   ,49.7175,13.4456   ,49.7676,12.7836   ,49.3809,12.9326   ,49.1631,13.2292   ,48.9749,13.5128    ,48.7796,13.7949   ,48.5352,14.0619   ,48.2626,14.2412    ,47.9061,14.2907   ,47.6058,14.1724   ,47.3054,13.9444   ,46.9995,13.6938   ,48.2654,-14.2146  ,0.402523   ,552,124484,57.4477,12.454 ,134.024,0
866 ,46.6715,13.6315   ,46.8971,14.0166    ,47.1758,14.3877  ,47.4602,14.6809   ,47.8296,14.8285   ,48.3131,14.778    ,48.6308,14.585     ,48.9466,14.2524   ,49.1807,13.9116   ,49.394 ,13.5349     ,49.5869,13.1484   ,49.7539,12.7698   ,46.6715,13.6315   ,46.6652,14.2522    ,46.9575,14.7149   ,47.2935,15.0562   ,47.7374,15.231    ,48.3285,15.2071    ,48.7122,15.0196    ,49.0974,14.6408   ,49.3661,14.2488    ,49.564 ,13.8418   ,49.7502,13.4092   ,49.7539,12.7698   ,49.3766,12.9834   ,49.1731,13.3233   ,48.9372,13.6694    ,48.7152,13.9635   ,48.4491,14.2318   ,48.1828,14.3872    ,47.8035,14.4062   ,47.5377,14.2358   ,47.3217,13.967    ,47.0626,13.6912   ,48.2509,-14.2388  ,0.377066   ,542,123267,58.2194,10.4985,135.196,0
867 ,46.5899,13.7353   ,46.854 ,14.0884    ,47.1231,14.3928  ,47.4653,14.7038   ,47.8396,14.8514   ,48.2408,14.8299   ,48.6374,14.6278    ,48.9303,14.3575   ,49.1969,14.0021   ,49.3954,13.6648     ,49.5652,13.2591   ,49.627 ,12.8829   ,46.5899,13.7353   ,46.6375,14.3495    ,46.9027,14.7274   ,47.2515,15.0712   ,47.6987,15.2209   ,48.219 ,15.2177    ,48.7238,15.0319    ,49.0764,14.7403   ,49.369 ,14.3464    ,49.5794,13.9569   ,49.7503,13.4672   ,49.627 ,12.8829   ,49.3472,13.1538   ,49.1584,13.4712   ,48.9631,13.7507    ,48.7082,14.0572   ,48.4591,14.2908   ,48.1524,14.4681    ,47.8655,14.46     ,47.5836,14.2714   ,47.2669,13.9706   ,46.9952,13.7452   ,48.2198,-14.2987  ,0.323386   ,525,121312,56.8728,10.6207,135.196,0
868 ,46.5545,13.7617   ,46.7989,14.1411    ,47.0554,14.4479  ,47.3949,14.7443   ,47.7669,14.879    ,48.1985,14.8712   ,48.5874,14.6933    ,48.9192,14.4434   ,49.2077,14.1322   ,49.4386,13.7269     ,49.5284,13.3252   ,49.5191,12.9467   ,46.5545,13.7617   ,46.5421,14.3742    ,46.8319,14.7621   ,47.2284,15.1051   ,47.668 ,15.2566   ,48.1751,15.2828    ,48.6121,15.1158    ,49.003 ,14.8562   ,49.3469,14.5083    ,49.6254,14.0249   ,49.7165,13.5168   ,49.5191,12.9467   ,49.3263,13.2512   ,49.2087,13.5361   ,48.9938,13.851     ,48.7441,14.1105   ,48.4663,14.3288   ,48.1201,14.4835    ,47.7526,14.4793   ,47.4674,14.3232   ,47.2029,14.0467   ,46.9877,13.8247   ,48.18  ,-14.3697  ,0.262805   ,520,118983,57.3633,10.0277,132.953,0
869 ,46.5441,13.7955   ,46.7177,14.2072    ,46.9896,14.5124  ,47.3028,14.7859   ,47.6872,14.9471   ,48.0998,14.9771   ,48.5201,14.8473    ,48.8364,14.6243   ,49.1352,14.3039   ,49.3328,13.9414     ,49.4031,13.5469   ,49.3338,13.1565   ,46.5441,13.7955   ,46.4657,14.4102    ,46.7678,14.7892   ,47.1473,15.13     ,47.6239,15.3293   ,48.1336,15.3732    ,48.625 ,15.2312    ,48.9926,14.9859   ,49.36  ,14.6058    ,49.5937,14.1719   ,49.6442,13.6859   ,49.3338,13.1565   ,49.156 ,13.5207   ,49.0317,13.8188   ,48.8339,14.1002    ,48.5887,14.3412   ,48.3262,14.5079   ,47.9659,14.5895    ,47.6462,14.5395   ,47.3735,14.3829   ,47.1399,14.1599   ,46.91  ,13.9258   ,48.1463,-14.4871  ,0.207745   ,517,117918,56.5272,9.82865,130.368,0
870 ,46.5699,13.8839   ,46.7373,14.2883    ,47.0023,14.5997  ,47.3306,14.8848   ,47.7184,15.0377   ,48.154 ,15.0639   ,48.5668,14.9505    ,48.9259,14.7049   ,49.1777,14.3466   ,49.2534,13.9245     ,49.1601,13.5064   ,48.9395,13.2069   ,46.5699,13.8839   ,46.4866,14.4679    ,46.7734,14.8649   ,47.1806,15.2222   ,47.6679,15.4207   ,48.2002,15.4652    ,48.699 ,15.3217    ,49.143 ,15.0102   ,49.4567,14.5676    ,49.55  ,14.0498   ,49.4144,13.5386   ,48.9395,13.2069   ,48.9433,13.5713   ,48.9591,13.907    ,48.8535,14.2253    ,48.6272,14.4741   ,48.3366,14.6225   ,47.9981,14.6718    ,47.664 ,14.6315   ,47.3934,14.4888   ,47.1524,14.249    ,46.9238,14.0199   ,48.1431,-14.5772  ,0.205718   ,514,116859,57.6646,10.041 ,133.296,0
871 ,46.5822,14.0184   ,46.8023,14.3809    ,47.0709,14.6725  ,47.4106,14.9494   ,47.8134,15.0953   ,48.2151,15.1034   ,48.6266,14.9609    ,48.9185,14.7087   ,49.1077,14.3239   ,49.1186,13.9472     ,48.9989,13.5334   ,48.8167,13.1915   ,46.5822,14.0184   ,46.5863,14.6114    ,46.8734,14.9802   ,47.2668,15.3065   ,47.7605,15.4663   ,48.2918,15.4723    ,48.8291,15.2949    ,49.1993,14.9684   ,49.4445,14.4978    ,49.4625,14.0587   ,49.2784,13.5929   ,48.8167,13.1915   ,48.7586,13.5736   ,48.7879,13.9433   ,48.7448,14.2543    ,48.565 ,14.5328   ,48.3298,14.681    ,48.0254,14.7466    ,47.7552,14.7032   ,47.4653,14.5356   ,47.1877,14.2835   ,46.949 ,14.0676   ,48.1498,-14.5948  ,0.244577   ,511,117447,55.981 ,9.76352,131.539,0
872 ,46.6124,13.9684   ,46.7891,14.3652    ,47.0493,14.6542  ,47.3706,14.9312   ,47.7873,15.0952   ,48.1684,15.11     ,48.5607,14.9738    ,48.8613,14.6826   ,49.0176,14.2859   ,49.0352,13.8952     ,48.9352,13.461    ,48.7176,13.1591   ,46.6124,13.9684   ,46.5528,14.5811    ,46.8463,14.9566   ,47.2368,15.2962   ,47.7642,15.4617   ,48.2816,15.4679    ,48.8052,15.3132    ,49.1943,14.9728   ,49.384 ,14.5039    ,49.3839,14.0183   ,49.2129,13.4842   ,48.7176,13.1591   ,48.6907,13.5232   ,48.6928,13.8812   ,48.6297,14.1772    ,48.4667,14.4779   ,48.2273,14.6874   ,47.947 ,14.762     ,47.706 ,14.7069   ,47.4227,14.5095   ,47.174 ,14.2708   ,46.9603,14.0673   ,48.1418,-14.5864  ,0.269494   ,514,117925,56.27  ,10.7923,133.539,0
873 ,46.5815,13.9711   ,46.7679,14.3483    ,47.0752,14.6715  ,47.3719,14.9295   ,47.7893,15.1106   ,48.2013,15.1224   ,48.5851,14.9914    ,48.9067,14.7096   ,49.0577,14.3042   ,49.0506,13.8869     ,48.9441,13.4714   ,48.7646,13.1528   ,46.5815,13.9711   ,46.525 ,14.5628    ,46.8475,14.9446   ,47.1926,15.2525   ,47.6916,15.4735   ,48.2069,15.5182    ,48.6885,15.3844    ,49.1253,15.0428   ,49.3772,14.5608    ,49.3899,14.0456   ,49.2411,13.5334   ,48.7646,13.1528   ,48.6813,13.5031   ,48.725 ,13.8452   ,48.7222,14.1619    ,48.6215,14.4617   ,48.3903,14.6469   ,48.0947,14.7403    ,47.7848,14.7257   ,47.4657,14.5438   ,47.2211,14.3165   ,46.943 ,14.0524   ,48.1282,-14.5837  ,0.252358   ,521,118439,56.9456,9.75596,134.711,0
874 ,46.575 ,13.9781   ,46.7639,14.3933    ,47.0615,14.7093  ,47.3932,14.9626   ,47.7979,15.1098   ,48.2029,15.1182   ,48.5812,14.9917    ,48.9195,14.7011   ,49.0605,14.3246   ,49.0505,13.8776     ,48.9541,13.4791   ,48.7975,13.1012   ,46.575 ,13.9781   ,46.5448,14.5997    ,46.8931,15.019    ,47.3189,15.3454   ,47.8377,15.5087   ,48.3445,15.4948    ,48.8072,15.3207    ,49.2375,14.9757   ,49.4224,14.5646    ,49.4074,14.0439   ,49.2583,13.5639   ,48.7975,13.1012   ,48.6775,13.4846   ,48.7082,13.8231   ,48.6809,14.1893    ,48.5439,14.5056   ,48.2652,14.7087   ,47.9614,14.7551    ,47.6541,14.6903   ,47.371 ,14.521    ,47.1376,14.3129   ,46.9134,14.0964   ,48.1605,-14.5778  ,0.292515   ,525,119980,57.541 ,10.2861,134.711,0
875 ,46.566 ,13.9365   ,46.7335,14.3626    ,47.0159,14.6681  ,47.3335,14.9343   ,47.7226,15.0891   ,48.1795,15.1104   ,48.5951,14.9867    ,48.9244,14.7012   ,49.0769,14.3185   ,49.0629,13.9293     ,48.9834,13.5041   ,48.8268,13.1199   ,46.566 ,13.9365   ,46.4737,14.5213    ,46.7778,14.8991   ,47.1679,15.2453   ,47.6388,15.4457   ,48.2323,15.4814    ,48.7827,15.334     ,49.2197,14.9515   ,49.4432,14.4851    ,49.4142,14.0307   ,49.271 ,13.5464   ,48.8268,13.1199   ,48.7187,13.5625   ,48.7249,13.9411   ,48.6968,14.2561    ,48.561 ,14.5354   ,48.3125,14.6894   ,48.0117,14.7485    ,47.7001,14.7114   ,47.409 ,14.5602   ,47.1649,14.3495   ,46.9304,14.1203   ,48.1512,-14.5738  ,0.277617   ,523,120479,57.8427,9.78555,133.296,0
876 ,46.5251,13.9259   ,46.7146,14.3401    ,46.9856,14.6426  ,47.3292,14.9151   ,47.7028,15.0472   ,48.1675,15.0612   ,48.5259,14.9247    ,48.8413,14.6039   ,48.9856,14.2271   ,48.9988,13.8171     ,48.9012,13.3671   ,48.7286,13.0308   ,46.5251,13.9259   ,46.5466,14.5553    ,46.8686,14.9748   ,47.3002,15.3283   ,47.7598,15.4609   ,48.336 ,15.4413    ,48.7702,15.2597    ,49.1707,14.867    ,49.3638,14.4205    ,49.37  ,13.933    ,49.1848,13.4178   ,48.7286,13.0308   ,48.6426,13.3986   ,48.6362,13.8014   ,48.5866,14.1339    ,48.4558,14.4259   ,48.1989,14.6404   ,47.9002,14.6946    ,47.5523,14.6179   ,47.2712,14.4485   ,47.0185,14.2271   ,46.8196,14.0382   ,48.1258,-14.5315  ,0.329614   ,528,119930,57.3681,10.797 ,131.882,0
877 ,46.5395,13.9261   ,46.7031,14.3132    ,46.9714,14.6231  ,47.2822,14.8798   ,47.6612,15.0318   ,48.0942,15.0392   ,48.4711,14.9081    ,48.7582,14.6333   ,48.9065,14.2511   ,48.9503,13.801      ,48.9296,13.432    ,48.8458,13.0352   ,46.5395,13.9261   ,46.5135,14.4996    ,46.8114,14.9214   ,47.1945,15.2571   ,47.656 ,15.4303   ,48.1837,15.4166    ,48.652 ,15.2522    ,49.032 ,14.9408   ,49.2532,14.5003    ,49.309 ,13.9707   ,49.2361,13.5431   ,48.8458,13.0352   ,48.6333,13.4189   ,48.5899,13.7447   ,48.5352,14.1082    ,48.432 ,14.4044   ,48.2144,14.6058   ,47.9107,14.6741    ,47.5681,14.6123   ,47.2796,14.4417   ,47.0463,14.239    ,46.8331,14.0388   ,48.1014,-14.4886  ,0.378671   ,516,119079,55.6342,10.0906,129.64 ,0
878 ,46.5637,13.9575   ,46.7324,14.3623    ,47.0149,14.6745  ,47.3423,14.9112   ,47.7644,15.028    ,48.1763,14.9938   ,48.5499,14.7886    ,48.7993,14.4871   ,48.929 ,14.0864   ,48.9185,13.6696     ,48.8266,13.2585   ,48.6541,12.8918   ,46.5637,13.9575   ,46.5332,14.5671    ,46.8639,14.9984   ,47.2828,15.3045   ,47.8366,15.4158   ,48.3793,15.3413    ,48.8317,15.0738    ,49.1396,14.6946   ,49.2984,14.2185    ,49.2774,13.7534   ,49.1151,13.2852   ,48.6541,12.8918   ,48.5617,13.3178   ,48.5732,13.6807   ,48.5456,14.0455    ,48.4106,14.362    ,48.1915,14.5662   ,47.8795,14.6702    ,47.5826,14.6287   ,47.3039,14.4659   ,47.0775,14.2662   ,46.8666,14.0668   ,48.0997,-14.4435  ,0.457456   ,520,119165,56.8137,10.288 ,132.711,0
879 ,46.5532,13.9816   ,46.7535,14.3912    ,47.0481,14.7049  ,47.3886,14.934    ,47.7709,15.0309   ,48.1966,14.9886   ,48.541 ,14.797     ,48.8009,14.4827   ,48.9308,14.0621   ,48.9204,13.6329     ,48.8521,13.2522   ,48.7255,12.8609   ,46.5532,13.9816   ,46.557 ,14.6063    ,46.903 ,15.0339   ,47.3327,15.3227   ,47.825 ,15.4158   ,48.3729,15.3434    ,48.7855,15.1141    ,49.1112,14.7423   ,49.2908,14.2639    ,49.2867,13.7953   ,49.1604,13.3595   ,48.7255,12.8609   ,48.5619,13.2376   ,48.5669,13.5669   ,48.5572,13.956     ,48.4403,14.3098   ,48.2172,14.544    ,47.9232,14.6608    ,47.604 ,14.6349   ,47.3419,14.4964   ,47.1019,14.292    ,46.8798,14.084    ,48.1047,-14.4305  ,0.477568   ,525,120435,56.6796,10.1348,132.468,0
880 ,46.5553,13.9896   ,46.738 ,14.3687    ,47.0175,14.6622  ,47.3901,14.9149   ,47.7451,15.0188   ,48.1872,14.9935   ,48.5412,14.8006    ,48.8039,14.4647   ,48.9215,14.0785   ,48.9474,13.6955     ,48.9215,13.2809   ,48.8605,12.8767   ,46.5553,13.9896   ,46.5372,14.5796    ,46.8562,14.9864   ,47.3265,15.3095   ,47.7862,15.4114   ,48.3651,15.3449    ,48.808 ,15.0963    ,49.1467,14.6969   ,49.289 ,14.267     ,49.2905,13.8364   ,49.1789,13.3836   ,48.8605,12.8767   ,48.6732,13.2773   ,48.6042,13.664    ,48.5357,13.9953    ,48.4163,14.3174   ,48.2025,14.5642   ,47.9198,14.6643    ,47.6005,14.6107   ,47.3564,14.4734   ,47.0914,14.2583   ,46.8734,14.0727   ,48.1209,-14.4132  ,0.50761    ,531,121412,55.9137,10.261 ,132.225,0
881 ,46.539 ,13.9805   ,46.6653,14.3659    ,46.9889,14.6719  ,47.3187,14.8798   ,47.7145,14.9939   ,48.1116,14.9399   ,48.4792,14.6947    ,48.7015,14.3857   ,48.8278,13.9948   ,48.8689,13.5604     ,48.8513,13.1704   ,48.7654,12.7928   ,46.539 ,13.9805   ,46.4528,14.5589    ,46.7892,14.9544   ,47.2023,15.229    ,47.7039,15.3881   ,48.2205,15.3446    ,48.7169,15.103     ,49.0326,14.7728   ,49.2051,14.3215    ,49.2279,13.7831   ,49.1341,13.2996   ,48.7654,12.7928   ,48.5773,13.1306   ,48.5067,13.445    ,48.4295,13.7735    ,48.3243,14.0852   ,48.1759,14.3508   ,47.9191,14.5633    ,47.6344,14.5914   ,47.3497,14.488    ,47.1116,14.3295   ,46.8346,14.1088   ,48.0961,-14.3815  ,0.549832   ,535,120176,55.5612,12.106 ,130.225,0
882 ,46.5034,14.1482   ,46.7408,14.4877    ,47.0378,14.7361  ,47.4279,14.9102   ,47.8176,14.9441   ,48.1995,14.8536   ,48.5389,14.6026    ,48.7225,14.2844   ,48.8024,13.8881   ,48.8041,13.4632     ,48.7615,13.083    ,48.6592,12.7199   ,46.5034,14.1482   ,46.559 ,14.6902    ,46.8648,15.0298   ,47.3213,15.2577   ,47.8094,15.3204   ,48.3107,15.2648    ,48.7517,15.0259    ,49.0011,14.6756   ,49.1237,14.1897    ,49.1394,13.6315   ,49.0575,13.1514   ,48.6592,12.7199   ,48.481 ,13.114    ,48.4752,13.4141   ,48.4693,13.7067    ,48.4056,13.9944   ,48.2549,14.2565   ,47.9872,14.484     ,47.7107,14.5731   ,47.4297,14.5356   ,47.1207,14.3793   ,46.848 ,14.207    ,48.0883,-14.3464  ,0.613243   ,517,118641,54.1418,11.2323,126.811,0
883 ,46.5363,14.1229   ,46.7414,14.4845    ,47.0466,14.7582  ,47.4412,14.9194   ,47.8311,14.9456   ,48.2441,14.8289   ,48.5219,14.6072    ,48.71  ,14.25     ,48.7775,13.8409   ,48.784 ,13.4016     ,48.7539,13.0109   ,48.6777,12.6476   ,46.5363,14.1229   ,46.5891,14.6976    ,46.9411,15.0926   ,47.4561,15.295    ,47.9752,15.3157   ,48.5076,15.1656    ,48.8483,14.9089    ,49.0697,14.528    ,49.1416,14.0712    ,49.1241,13.5583   ,49.0326,13.1115   ,48.6777,12.6476   ,48.4866,13.0129   ,48.4476,13.3669   ,48.403 ,13.7359    ,48.3175,14.0741   ,48.1285,14.3799   ,47.8867,14.5393    ,47.5749,14.5818   ,47.3193,14.5145   ,47.0654,14.3652   ,46.8335,14.1944   ,48.1011,-14.3313  ,0.666981   ,517,118521,54.8344,10.9554,127.154,0
884 ,46.5743,14.1931   ,46.8292,14.5758    ,47.129 ,14.8144  ,47.5322,14.9543   ,47.9422,14.9502   ,48.3107,14.7857   ,48.57  ,14.5104    ,48.7215,14.1017   ,48.7639,13.6932   ,48.7481,13.3081     ,48.7237,12.8651   ,48.67  ,12.5152   ,46.5743,14.1931   ,46.6897,14.791     ,47.027 ,15.153    ,47.5061,15.3442   ,47.9834,15.3603   ,48.4373,15.2033    ,48.794 ,14.9426    ,49.0398,14.5238   ,49.1326,14.0365    ,49.106 ,13.5526   ,49.0084,12.9972   ,48.67  ,12.5152   ,48.4448,12.8383   ,48.3959,13.1773   ,48.3942,13.4547    ,48.3813,13.7785   ,48.2941,14.1548   ,48.1015,14.4243    ,47.8002,14.5601   ,47.4531,14.5445   ,47.1382,14.4205   ,46.8944,14.2789   ,48.1335,-14.28    ,0.801548   ,524,118648,55.4119,12.1973,129.74 ,0
885 ,46.6168,14.4039   ,46.9043,14.6776    ,47.2611,14.8645  ,47.6669,14.9534   ,48.0145,14.9095   ,48.3756,14.6946   ,48.6142,14.4075    ,48.7534,14.0355   ,48.782 ,13.6663   ,48.7693,13.2829     ,48.7485,12.8763   ,48.7173,12.5095   ,46.6168,14.4039   ,46.7907,14.9406    ,47.1912,15.223    ,47.6791,15.3626   ,48.0837,15.3652   ,48.5314,15.1701    ,48.8667,14.8685    ,49.0877,14.4605   ,49.1437,14.0169    ,49.1156,13.5334   ,49.0294,13.0287   ,48.7173,12.5095   ,48.4708,12.8189   ,48.429 ,13.1404   ,48.4191,13.4253    ,48.399 ,13.709    ,48.3063,14.034    ,48.1373,14.2893    ,47.8476,14.4844   ,47.5541,14.533    ,47.2346,14.4674   ,46.9404,14.3612   ,48.1847,-14.2895  ,0.836785   ,517,118798,52.8656,12.5021,125.74 ,0
886 ,46.6243,14.4547   ,46.9395,14.709     ,47.3365,14.8959  ,47.7553,14.964    ,48.1145,14.9124   ,48.4796,14.6514   ,48.7002,14.3033    ,48.7866,13.9492   ,48.8081,13.4924   ,48.7989,13.1089     ,48.7897,12.6932   ,48.7622,12.3206   ,46.6243,14.4547   ,46.8216,14.9882    ,47.2748,15.259    ,47.7753,15.3482   ,48.2006,15.3296   ,48.6684,15.0805    ,48.9958,14.7209    ,49.1331,14.3513   ,49.1538,13.8453    ,49.1093,13.4      ,49.0316,12.8836   ,48.7622,12.3206   ,48.5489,12.6159   ,48.4924,12.9424   ,48.4626,13.2709    ,48.4227,13.6721   ,48.3576,13.994    ,48.2091,14.3075    ,47.9279,14.5316   ,47.6275,14.5773   ,47.3026,14.5001   ,46.9767,14.3809   ,48.2141,-14.2469  ,0.882875   ,525,120444,55.3216,12.054 ,128.569,0
887 ,46.5588,14.6001   ,46.9571,14.7867    ,47.3619,14.8929  ,47.746 ,14.9349   ,48.1234,14.8777   ,48.4784,14.6589   ,48.7057,14.2937    ,48.783 ,13.9428   ,48.8083,13.4844   ,48.8039,13.1028     ,48.7929,12.6941   ,48.7531,12.3278   ,46.5588,14.6001   ,46.8571,15.0719    ,47.2879,15.2471   ,47.7374,15.3102   ,48.2089,15.2728   ,48.6699,15.0727    ,49.0056,14.6925    ,49.1277,14.312    ,49.1536,13.7866    ,49.1154,13.3337   ,49.0346,12.8345   ,48.7531,12.3278   ,48.5539,12.6651   ,48.4953,12.995    ,48.461 ,13.3141    ,48.4216,13.6984   ,48.3654,13.9996   ,48.2099,14.3181    ,47.9361,14.5135   ,47.6417,14.5579   ,47.3298,14.5178   ,46.9614,14.4696   ,48.2126,-14.2449  ,0.859786   ,521,119391,54.8348,11.5709,126.669,0
888 ,46.533 ,14.6422   ,46.8865,14.7958    ,47.3111,14.8669  ,47.661 ,14.8671   ,48.0526,14.7773   ,48.3845,14.5737   ,48.6296,14.2752    ,48.7647,13.9156   ,48.8113,13.4875   ,48.8124,13.1002     ,48.7945,12.7405   ,48.7235,12.3751   ,46.533 ,14.6422   ,46.854 ,15.0812    ,47.3201,15.2571   ,47.706 ,15.299    ,48.1498,15.2322   ,48.5413,15.0285    ,48.8696,14.6979    ,49.0799,14.3059   ,49.1504,13.811     ,49.1293,13.3322   ,49.0521,12.8769   ,48.7235,12.3751   ,48.5436,12.7021   ,48.498 ,12.9763   ,48.4671,13.2758    ,48.4272,13.623    ,48.3402,13.9338   ,48.1527,14.1823    ,47.8625,14.3567   ,47.5149,14.4434   ,47.2032,14.4679   ,46.8326,14.4862   ,48.1838,-14.2095  ,0.845648   ,511,117494,52.7086,11.5858,122.083,0
889 ,46.5243,14.6499   ,46.9245,14.793     ,47.3081,14.8652  ,47.6905,14.8787   ,48.0533,14.7825   ,48.3685,14.523    ,48.5793,14.1711    ,48.7051,13.828    ,48.7848,13.4395   ,48.8225,13.0145     ,48.8337,12.6527   ,48.8027,12.2764   ,46.5243,14.6499   ,46.8753,15.0881    ,47.2752,15.2386   ,47.6674,15.2913   ,48.0816,15.2137   ,48.5137,14.9775    ,48.8378,14.5919    ,49.0162,14.2062   ,49.1192,13.7709    ,49.1442,13.2709   ,49.1058,12.818    ,48.8027,12.2764   ,48.5592,12.6039   ,48.4947,12.8813   ,48.4328,13.2248    ,48.3643,13.5532   ,48.277 ,13.8418   ,48.1569,14.1489    ,47.9294,14.3933   ,47.6043,14.4754   ,47.2304,14.4753   ,46.8692,14.4715   ,48.1803,-14.1426  ,0.873116   ,511,116537,53.1743,11.4869,123.497,0
890 ,46.5358,14.6298   ,46.8916,14.7782    ,47.3297,14.8353  ,47.6861,14.8228   ,48.0605,14.7192   ,48.3656,14.4827   ,48.5519,14.1276    ,48.6648,13.7693   ,48.7536,13.357    ,48.8114,12.9771     ,48.8328,12.6064   ,48.7863,12.2566   ,46.5358,14.6298   ,46.8276,15.054     ,47.3032,15.2026   ,47.7164,15.2273   ,48.1676,15.1565   ,48.548 ,14.9363    ,48.8073,14.5697    ,48.9669,14.1763   ,49.0765,13.6772    ,49.1324,13.2008   ,49.1082,12.737    ,48.7863,12.2566   ,48.5564,12.5796   ,48.4772,12.8613   ,48.4108,13.1444    ,48.3374,13.4582   ,48.2644,13.769    ,48.1228,14.0988    ,47.8579,14.3247   ,47.5375,14.4311   ,47.2397,14.4619   ,46.8582,14.4774   ,48.1718,-14.1024  ,0.897492   ,509,117576,52.5426,11.8647,124.083,0
891 ,46.5383,14.6067   ,46.9412,14.7713    ,47.3544,14.8403  ,47.7377,14.8438   ,48.1117,14.7323   ,48.3818,14.4545   ,48.5443,14.0882    ,48.6566,13.7323   ,48.7494,13.3319   ,48.8311,12.9021     ,48.8947,12.5326   ,48.9349,12.1648   ,46.5383,14.6067   ,46.8286,15.0509    ,47.2278,15.1907   ,47.6539,15.2275   ,48.1364,15.161    ,48.5495,14.9327    ,48.7977,14.5862    ,48.9515,14.2317   ,49.0577,13.774     ,49.1271,13.2292   ,49.1473,12.7369   ,48.9349,12.1648   ,48.6221,12.4485   ,48.5127,12.6994   ,48.4159,13.0086    ,48.3322,13.34     ,48.2565,13.6869   ,48.1598,14.0572    ,47.9983,14.3536   ,47.6955,14.4696   ,47.3543,14.4783   ,46.9483,14.4628   ,48.2051,-14.0498  ,0.922743   ,520,119499,53.9126,13.3147,126.083,0
892 ,46.5938,14.6599   ,46.9956,14.7867    ,47.4373,14.8449  ,47.8323,14.8295   ,48.1977,14.6697   ,48.4274,14.3853   ,48.5854,13.988     ,48.7036,13.6206   ,48.8049,13.2173   ,48.9199,12.799      ,49.0986,12.4217   ,49.3064,12.1402   ,46.5938,14.6599   ,46.8909,15.0801    ,47.3271,15.1985   ,47.7655,15.2236   ,48.231 ,15.1279   ,48.582 ,14.9022    ,48.8222,14.5348    ,48.9748,14.1628   ,49.0766,13.701     ,49.1615,13.1856   ,49.2817,12.6863   ,49.3064,12.1402   ,48.8538,12.2535   ,48.6404,12.5311   ,48.5044,12.8519    ,48.4014,13.1882   ,48.3128,13.5426   ,48.2205,13.9594    ,48.0788,14.2761   ,47.7728,14.4547   ,47.4142,14.4819   ,46.9886,14.4688   ,48.2714,-13.985   ,0.933023   ,530,123556,54.8401,13.8675,129.74 ,0
893 ,46.5976,14.6426   ,47.0101,14.7865    ,47.4594,14.8441  ,47.8569,14.8209   ,48.2577,14.613    ,48.4957,14.2665   ,48.6428,13.9014    ,48.7533,13.4997   ,48.8625,13.0973   ,49.0078,12.6935     ,49.2237,12.3153   ,49.4616,11.9886   ,46.5976,14.6426   ,46.8861,15.0774    ,47.3337,15.1988   ,47.7825,15.2217   ,48.3114,15.0915   ,48.6807,14.7931    ,48.8954,14.4269    ,49.0358,13.9836   ,49.1361,13.5101    ,49.2358,13.0243   ,49.3782,12.5493   ,49.4616,11.9886   ,48.9991,12.1828   ,48.7308,12.477    ,48.5553,12.7998    ,48.4415,13.1318   ,48.3524,13.4858   ,48.2637,13.8363    ,48.125 ,14.2063   ,47.805 ,14.4427   ,47.4499,14.4806   ,47.0201,14.4698   ,48.3173,-13.9384  ,0.931266   ,546,125758,57.3046,13.3261,134.811,0
894 ,46.6069,14.6486   ,47.039 ,14.7951    ,47.4695,14.835   ,47.853 ,14.7763   ,48.228 ,14.5794   ,48.5022,14.2547   ,48.6609,13.8745    ,48.7927,13.4646   ,48.921 ,13.0525   ,49.0771,12.7        ,49.2833,12.3525   ,49.5139,12.0048   ,46.6069,14.6486   ,46.9816,15.0883    ,47.4401,15.2169   ,47.8692,15.214    ,48.3132,15.0691   ,48.6796,14.7758    ,48.9007,14.3791    ,49.073 ,13.9044   ,49.1997,13.4051    ,49.3191,12.9868   ,49.4574,12.5798   ,49.5139,12.0048   ,49.0451,12.2213   ,48.7839,12.5138   ,48.6064,12.8018    ,48.4816,13.1279   ,48.3843,13.4695   ,48.2753,13.8219    ,48.0498,14.1597   ,47.7133,14.3725   ,47.3707,14.4524   ,46.9833,14.4776   ,48.3489,-13.9234  ,0.91659    ,548,125927,56.6597,12.8276,133.882,0
895 ,46.6625,14.7453   ,47.0938,14.8377    ,47.4936,14.8483  ,47.924 ,14.7593   ,48.2612,14.5383   ,48.5143,14.2257   ,48.7025,13.8207    ,48.8412,13.405    ,48.9665,13.0413   ,49.1453,12.6151     ,49.3286,12.293    ,49.5393,11.9476   ,46.6625,14.7453   ,47.02  ,15.1198    ,47.4267,15.2114   ,47.8924,15.1921   ,48.3134,15.026    ,48.6928,14.7209    ,48.9735,14.2916    ,49.1224,13.8262   ,49.2414,13.3955    ,49.3802,12.8942   ,49.5018,12.509    ,49.5393,11.9476   ,49.0888,12.1818   ,48.8581,12.4446   ,48.6537,12.7905    ,48.5258,13.0885   ,48.394 ,13.4524   ,48.2726,13.8275    ,48.1245,14.1273   ,47.8432,14.3691   ,47.4299,14.4876   ,47.0407,14.5419   ,48.4022,-13.8958  ,0.926319   ,539,123003,56.4654,12.5079,131.054,0
896 ,46.8979,14.7806   ,47.3609,14.8194    ,47.7221,14.8007  ,48.0971,14.6864   ,48.3892,14.4488   ,48.6195,14.0881   ,48.7527,13.7611    ,48.8845,13.3813   ,49.0161,13.0088   ,49.1652,12.6366     ,49.3519,12.2875   ,49.5889,11.9932   ,46.8979,14.7806   ,47.3265,15.0957    ,47.7351,15.1445   ,48.1824,15.0826   ,48.5402,14.8801   ,48.8602,14.5222    ,49.0369,14.1895    ,49.172 ,13.7795   ,49.2814,13.3611    ,49.3926,12.9408   ,49.5282,12.531    ,49.5889,11.9932   ,49.1171,12.1375   ,48.8906,12.4376   ,48.7124,12.7631    ,48.56  ,13.0901   ,48.4278,13.4421   ,48.3267,13.7616    ,48.1525,14.1105   ,47.899 ,14.3461   ,47.568 ,14.4731   ,47.2525,14.5401   ,48.4867,-13.8524  ,0.956392   ,515,119612,53.4182,11.8248,126.468,0
897 ,47.0448,14.9028   ,47.4666,14.8194    ,47.8377,14.7382  ,48.2244,14.5744   ,48.5018,14.3263   ,48.719 ,13.9707   ,48.8595,13.5945    ,48.9785,13.2196   ,49.1082,12.8536   ,49.277 ,12.4711     ,49.4594,12.1378   ,49.6249,11.8302   ,47.0448,14.9028   ,47.5249,15.1411    ,47.9405,15.1003   ,48.3755,14.9457   ,48.7087,14.7016   ,49.0054,14.3338    ,49.1817,13.9272    ,49.2968,13.502    ,49.4097,13.0831    ,49.5274,12.6569   ,49.6391,12.2945   ,49.6249,11.8302   ,49.2173,12.0904   ,48.9714,12.3967   ,48.7668,12.73      ,48.6258,13.0425   ,48.5017,13.3701   ,48.3837,13.7124    ,48.2125,14.045    ,47.9703,14.2658   ,47.6134,14.4064   ,47.2873,14.5235   ,48.5609,-13.7961  ,0.964099   ,509,117798,53.4142,10.7809,125.054,0
898 ,47.1295,15.0856   ,47.499 ,14.8554    ,47.853 ,14.6883  ,48.2203,14.523    ,48.5327,14.3021   ,48.8077,13.9672   ,48.9548,13.5994    ,49.0546,13.2608   ,49.1766,12.8672   ,49.3379,12.4677     ,49.5329,12.1251   ,49.6973,11.8103   ,47.1295,15.0856   ,47.6672,15.1685    ,48.0331,15.0043   ,48.4189,14.846    ,48.7592,14.6368   ,49.0929,14.2869    ,49.2783,13.9185    ,49.3794,13.5553   ,49.4811,13.0943    ,49.5914,12.6381   ,49.717 ,12.2811   ,49.6973,11.8103   ,49.2827,12.082    ,49.0282,12.4125   ,48.8359,12.7527    ,48.6963,13.0798   ,48.5962,13.3895   ,48.4639,13.7486    ,48.2066,14.0512   ,47.9151,14.2571   ,47.5684,14.4127   ,47.2372,14.6025   ,48.6214,-13.7799  ,0.944298   ,506,116769,53.8802,10.5877,125.296,0
899 ,47.1591,15.0716   ,47.5057,14.8935    ,47.842 ,14.6816  ,48.184 ,14.4302   ,48.4801,14.1845   ,48.7531,13.9187   ,48.9593,13.6429    ,49.1086,13.2604   ,49.2065,12.9101   ,49.3394,12.5446     ,49.5229,12.1888   ,49.6861,11.877    ,47.1591,15.0716   ,47.6691,15.1564    ,48.0595,14.9828   ,48.4012,14.7613   ,48.6993,14.5293   ,48.9941,14.2563    ,49.2392,13.9622    ,49.4283,13.5475   ,49.5201,13.1512    ,49.6128,12.7393   ,49.7247,12.3427   ,49.6861,11.877    ,49.2649,12.1325   ,49.0211,12.4546   ,48.8624,12.7711    ,48.7611,13.0712   ,48.6232,13.4164   ,48.4278,13.6718    ,48.1636,13.9244   ,47.8677,14.176    ,47.5281,14.445    ,47.2491,14.6845   ,48.6323,-13.7492  ,0.933031   ,496,115579,52.0342,10.0928,122.368,0
900 ,47.1015,15.0134   ,47.482 ,14.8247    ,47.7742,14.6236  ,48.1121,14.3625   ,48.3885,14.1206   ,48.6493,13.851    ,48.8866,13.5611    ,49.0937,13.2348   ,49.2373,12.8531   ,49.3629,12.4871     ,49.547 ,12.1157   ,49.6964,11.8235   ,47.1015,15.0134   ,47.6099,15.1205    ,47.9252,14.9786   ,48.2708,14.7375   ,48.5835,14.4839   ,48.9008,14.1826    ,49.1785,13.8671    ,49.4057,13.5204   ,49.5507,13.11      ,49.6533,12.7006   ,49.7584,12.2781   ,49.6964,11.8235   ,49.2784,12.0566   ,49.03  ,12.3807   ,48.8932,12.6965    ,48.7338,13.0406   ,48.5212,13.3515   ,48.3128,13.6139    ,48.1037,13.8407   ,47.8581,14.0641   ,47.5257,14.3405   ,47.258 ,14.5857   ,48.6217,-13.6504  ,0.914404   ,504,116310,52.1337,10.2457,120.368,0
901 ,47.098 ,14.9223   ,47.4697,14.7345    ,47.7992,14.5085  ,48.0876,14.2924   ,48.3698,14.0408   ,48.6173,13.7702   ,48.8619,13.4422    ,49.0556,13.1209   ,49.2231,12.7449   ,49.3616,12.3962     ,49.5325,12.0575   ,49.7277,11.775    ,47.098 ,14.9223   ,47.6007,15.0301    ,47.9369,14.8583   ,48.2283,14.6691   ,48.5381,14.4346   ,48.8316,14.1645    ,49.1184,13.8167    ,49.3384,13.4675   ,49.5026,13.0652    ,49.6213,12.685    ,49.7466,12.2943   ,49.7277,11.775    ,49.2639,11.9129   ,49.06  ,12.2072   ,48.9051,12.5215    ,48.7238,12.8658   ,48.5412,13.1611   ,48.3261,13.4683    ,48.1112,13.7341   ,47.8502,13.9926   ,47.5663,14.2268   ,47.246 ,14.4968   ,48.6095,-13.5465  ,0.916127   ,505,116939,51.7426,10.7127,121.439,0
902 ,47.1317,14.9058   ,47.511 ,14.6726    ,47.8088,14.4947  ,48.1627,14.2245   ,48.4252,13.9636   ,48.6704,13.6753   ,48.9131,13.3324    ,49.0926,13.0051   ,49.2524,12.6458   ,49.4049,12.2719     ,49.5903,11.8822   ,49.7378,11.5768   ,47.1317,14.9058   ,47.6418,14.9806    ,47.936 ,14.8356   ,48.3176,14.5782   ,48.6318,14.2971   ,48.9397,13.9795    ,49.2283,13.6187    ,49.4154,13.286    ,49.5662,12.908     ,49.7011,12.5054   ,49.8289,12.0741   ,49.7378,11.5768   ,49.2956,11.7992   ,49.0622,12.1489   ,48.8961,12.4864    ,48.7175,12.8304   ,48.5266,13.1587   ,48.3082,13.4875    ,48.1145,13.7415   ,47.9048,13.962    ,47.5809,14.2165   ,47.2847,14.4217   ,48.6593,-13.4462  ,0.930726   ,519,119971,53.3359,10.2899,125.196,0
903 ,47.2384,14.886    ,47.5738,14.6314    ,47.9105,14.3658  ,48.228 ,14.0949   ,48.4871,13.8484   ,48.7483,13.5524   ,48.9716,13.189     ,49.14  ,12.8312   ,49.3203,12.47     ,49.5207,12.1054     ,49.7412,11.8051   ,49.9568,11.484    ,47.2384,14.886    ,47.7161,14.9057    ,48.042 ,14.7342   ,48.3542,14.5177   ,48.6328,14.2823   ,48.9508,13.9642    ,49.2485,13.5535    ,49.4367,13.1548   ,49.6037,12.7631    ,49.7715,12.3702   ,49.9496,12.0399   ,49.9568,11.484    ,49.4654,11.6553   ,49.2135,11.9292   ,48.9914,12.2687    ,48.8015,12.5978   ,48.6483,12.9129   ,48.4701,13.237     ,48.2415,13.5142   ,47.9947,13.7679   ,47.6773,14.0783   ,47.3431,14.429    ,48.7485,-13.3182  ,0.932291   ,533,123023,54.2878,10.7652,127.095,0
904 ,47.3868,14.7332   ,47.7594,14.4753    ,48.0742,14.2228  ,48.3836,13.9328   ,48.6511,13.6253   ,48.8911,13.27     ,49.0785,12.9249    ,49.2808,12.5321   ,49.4802,12.18     ,49.7344,11.8543     ,50.0466,11.5487   ,50.3082,11.2613   ,47.3868,14.7332   ,47.9193,14.7615    ,48.2393,14.5915   ,48.5527,14.3367   ,48.8478,14.0273   ,49.138 ,13.6428    ,49.3521,13.2862    ,49.5458,12.8959   ,49.6928,12.5366    ,49.8912,12.1783   ,50.1722,11.7944   ,50.3082,11.2613   ,49.8316,11.387    ,49.4951,11.6202   ,49.2062,11.9224    ,48.9635,12.2675   ,48.7551,12.662    ,48.5841,12.9966    ,48.3725,13.3271   ,48.116 ,13.6286   ,47.8031,13.9442   ,47.4959,14.265    ,48.8601,-13.1518  ,0.933146   ,543,125921,56.4022,10.5936,131.095,0
905 ,47.5299,14.6445   ,47.8613,14.3877    ,48.1849,14.1041  ,48.4266,13.8557   ,48.6891,13.5481   ,48.9131,13.2188   ,49.0876,12.8758    ,49.2754,12.5247   ,49.503 ,12.1917   ,49.7347,11.9004     ,50.0283,11.583    ,50.2835,11.3415   ,47.5299,14.6445   ,48.0374,14.6668    ,48.3984,14.4323   ,48.6682,14.1817   ,48.9677,13.8525   ,49.2298,13.495     ,49.4346,13.1282    ,49.6076,12.7738   ,49.7781,12.4586    ,49.9435,12.1842   ,50.1584,11.8457   ,50.2835,11.3415   ,49.813 ,11.4052   ,49.446 ,11.7123   ,49.1555,12.0223    ,48.8883,12.3669   ,48.7001,12.708    ,48.5431,13.0323    ,48.3313,13.3439   ,48.0892,13.6325   ,47.8756,13.8673   ,47.5972,14.1779   ,48.9054,-13.0956  ,0.935593   ,530,122350,53.28  ,10.3784,124.267,0
906 ,47.7756,14.6091   ,48.0486,14.2968    ,48.3104,14.0242  ,48.5662,13.7423   ,48.8106,13.42     ,48.9893,13.1059   ,49.1623,12.7742    ,49.3529,12.4413   ,49.5691,12.1173   ,49.7929,11.8364     ,50.0623,11.5251   ,50.2614,11.2416   ,47.7756,14.6091   ,48.2911,14.5224    ,48.5973,14.2919   ,48.8743,14.0203   ,49.1417,13.6839   ,49.3427,13.3457    ,49.5232,12.9919    ,49.7034,12.6456   ,49.876 ,12.3297    ,50.0425,12.0602   ,50.2504,11.7254   ,50.2614,11.2416   ,49.8006,11.4091   ,49.4657,11.7057   ,49.1942,11.9982    ,48.9459,12.3304   ,48.7504,12.6528   ,48.5878,12.9574    ,48.4198,13.2461   ,48.1774,13.5582   ,47.9339,13.8503   ,47.7269,14.1551   ,49.0096,-13.0051  ,0.959795   ,507,117205,51.5874,10.4108,121.681,0
907 ,47.9079,14.5098   ,48.1882,14.2056    ,48.4442,13.9306  ,48.6894,13.6388   ,48.9252,13.3038   ,49.1096,12.9832   ,49.2782,12.6567    ,49.4932,12.3162   ,49.7302,11.9818   ,49.9755,11.6712     ,50.2137,11.4127   ,50.465 ,11.1419   ,47.9079,14.5098   ,48.4133,14.4524    ,48.7191,14.2045   ,48.9994,13.9072   ,49.2705,13.549    ,49.4719,13.2139    ,49.6295,12.896     ,49.8098,12.5717   ,49.9927,12.2472    ,50.1595,11.9283   ,50.3432,11.6316   ,50.465 ,11.1419   ,50.0037,11.2782   ,49.7167,11.5016   ,49.4009,11.8088    ,49.1093,12.1586   ,48.8749,12.5128   ,48.6992,12.8435    ,48.5201,13.152    ,48.3025,13.4681   ,48.0833,13.7516   ,47.883 ,14.0445   ,49.1308,-12.9141  ,0.964826   ,502,115833,52.1   ,10.5087,120.024,0
908 ,48.0198,14.5531   ,48.2569,14.218     ,48.5065,13.9083  ,48.726 ,13.6452   ,48.9852,13.3062   ,49.1681,13.0036   ,49.336 ,12.6708    ,49.5378,12.3229   ,49.7472,12.0061   ,49.9805,11.6931     ,50.2361,11.3989   ,50.4498,11.1439   ,48.0198,14.5531   ,48.4807,14.4108    ,48.7878,14.1478   ,49.047 ,13.8855   ,49.3544,13.5174   ,49.5621,13.1907    ,49.7382,12.8447    ,49.9081,12.5009   ,50.0574,12.1997    ,50.2129,11.8989   ,50.3966,11.5861   ,50.4498,11.1439   ,50.0027,11.2924   ,49.6781,11.5751   ,49.3746,11.9034    ,49.1122,12.2342   ,48.8901,12.581    ,48.7293,12.9002    ,48.5521,13.1864   ,48.3194,13.5084   ,48.1367,13.7746   ,47.961 ,14.1224   ,49.1828,-12.9072  ,0.965214   ,499,114651,51.5125,10.8925,119.196,0
909 ,48.0169,14.5145   ,48.2465,14.1991    ,48.4838,13.9037  ,48.7617,13.5961   ,49.0231,13.2971   ,49.2321,13.0071   ,49.4079,12.6887    ,49.5876,12.3305   ,49.7841,12.0063   ,50.017 ,11.6926     ,50.2831,11.3993   ,50.5154,11.134    ,48.0169,14.5145   ,48.5134,14.4305    ,48.7795,14.1506   ,49.0684,13.8472   ,49.3366,13.5623   ,49.555 ,13.2699    ,49.7328,12.941     ,49.912 ,12.575    ,50.071 ,12.2544    ,50.2347,11.9339   ,50.4336,11.5999   ,50.5154,11.134    ,50.0567,11.2791   ,49.7276,11.5382   ,49.4368,11.8508    ,49.2145,12.1771   ,49.0386,12.5254   ,48.8482,12.8388    ,48.6293,13.1308   ,48.3614,13.4465   ,48.101 ,13.7587   ,47.9126,14.0589   ,49.2171,-12.9022  ,0.956167   ,494,114042,51.8225,10.1615,120.61 ,0
910 ,48.0373,14.5473   ,48.244 ,14.1804    ,48.4721,13.8731  ,48.7322,13.5473   ,48.9506,13.2747   ,49.1956,12.9574   ,49.4197,12.6532    ,49.6299,12.3194   ,49.8241,11.9895   ,50.0133,11.7052     ,50.2711,11.4032   ,50.537 ,11.1563   ,48.0373,14.5473   ,48.5188,14.3838    ,48.8057,14.078    ,49.1   ,13.7299   ,49.3464,13.4376   ,49.6098,13.1089    ,49.813 ,12.8178    ,49.9902,12.5059   ,50.1393,12.2016    ,50.2709,11.9288   ,50.4501,11.5902   ,50.537 ,11.1563   ,50.0141,11.2963   ,49.6896,11.5748   ,49.4496,11.8728    ,49.2157,12.2262   ,48.9559,12.5877   ,48.7024,12.9099    ,48.469 ,13.2201   ,48.2764,13.4743   ,48.0556,13.7742   ,47.9058,14.0733   ,49.2154,-12.8736  ,0.937542   ,499,114468,51.8638,11.3931,119.439,0
911 ,48.0193,14.4438   ,48.2536,14.1156    ,48.4912,13.8192  ,48.7428,13.5031   ,48.9457,13.2395   ,49.1794,12.9318   ,49.3965,12.6349    ,49.6346,12.2944   ,49.8366,12.0031   ,50.0415,11.7167     ,50.2828,11.3969   ,50.4826,11.1047   ,48.0193,14.4438   ,48.5052,14.3192    ,48.8062,14.0237   ,49.114 ,13.6769   ,49.3558,13.3864   ,49.6106,13.0624    ,49.8174,12.7693    ,50.0174,12.4492   ,50.178 ,12.1798    ,50.3307,11.915    ,50.4987,11.5899   ,50.4826,11.1047   ,49.9985,11.294    ,49.6837,11.6123   ,49.4273,11.9235    ,49.1855,12.2364   ,48.905 ,12.5984   ,48.6726,12.9022    ,48.4551,13.1973   ,48.2891,13.4353   ,48.0923,13.7178   ,47.9311,14.0033   ,49.2458,-12.8149  ,0.922642   ,498,115620,50.9872,11.6706,118.267,0
912 ,47.9478,14.2937   ,48.2738,14.0304    ,48.5317,13.7504  ,48.7793,13.4494   ,49.046 ,13.1018   ,49.2547,12.8162   ,49.4823,12.4937    ,49.7314,12.158    ,49.9661,11.8566   ,50.2113,11.5565     ,50.4836,11.2399   ,50.7266,10.9802   ,47.9478,14.2937   ,48.4752,14.2695    ,48.8113,13.984    ,49.1229,13.6432   ,49.4527,13.2456   ,49.696 ,12.9294    ,49.9376,12.5931    ,50.1623,12.2694   ,50.3352,11.9993    ,50.4932,11.7355   ,50.6542,11.4336   ,50.7266,10.9802   ,50.2391,11.129    ,49.8483,11.4755   ,49.5163,11.8153    ,49.2254,12.1451   ,48.9611,12.4871   ,48.7465,12.7963    ,48.5661,13.0557   ,48.3557,13.3561   ,48.1663,13.6151   ,47.9886,13.8739   ,49.3139,-12.7249  ,0.910418   ,511,117542,53.2135,12.0466,123.338,0
913 ,48.0525,14.2045   ,48.3665,13.8885    ,48.6424,13.591   ,48.8553,13.3367   ,49.1257,12.9821   ,49.3376,12.6856   ,49.5518,12.3908    ,49.8182,12.0457   ,50.0584,11.7539   ,50.3027,11.4692     ,50.5685,11.1554   ,50.7724,10.8635   ,48.0525,14.2045   ,48.5584,14.1152    ,48.9112,13.8311   ,49.1774,13.5576   ,49.5029,13.1671   ,49.7404,12.8509    ,49.9612,12.5503    ,50.217 ,12.2067   ,50.4313,11.9167    ,50.622 ,11.6372   ,50.7954,11.3203   ,50.7724,10.8635   ,50.2712,11.0764   ,49.9027,11.395    ,49.6043,11.6874    ,49.3413,11.983    ,49.0691,12.3299   ,48.8655,12.6183    ,48.6747,12.8974   ,48.4509,13.2178   ,48.2838,13.4521   ,48.0838,13.7555   ,49.3946,-12.6263  ,0.900083   ,520,119947,52.9181,11.2695,124.752,0
914 ,48.0836,14.1945   ,48.3823,13.897     ,48.6587,13.5852  ,48.8913,13.2943   ,49.1589,12.9465   ,49.3757,12.6529   ,49.6137,12.318     ,49.8759,11.9851   ,50.1364,11.7063   ,50.4613,11.3868     ,50.7166,11.1355   ,50.9972,10.8689   ,48.0836,14.1945   ,48.5544,14.1797    ,48.8612,13.9083   ,49.1228,13.6195   ,49.4135,13.2679   ,49.6381,12.9763    ,49.8812,12.6499    ,50.1329,12.3223   ,50.3742,12.0292    ,50.6686,11.6796   ,50.8877,11.3873   ,50.9972,10.8689   ,50.4646,10.9642   ,50.1634,11.1821   ,49.8068,11.4764    ,49.5395,11.7417   ,49.2769,12.0817   ,49.0432,12.4263    ,48.829 ,12.7245   ,48.5829,13.0675   ,48.3771,13.3561   ,48.1343,13.6941   ,49.5017,-12.5243  ,0.883155   ,528,123007,54.3674,10.1813,126.167,0
915 ,48.1526,14.1804   ,48.4382,13.8298    ,48.7115,13.5183  ,48.9754,13.193    ,49.2213,12.867    ,49.4512,12.5471   ,49.6834,12.2297    ,49.9506,11.9124   ,50.2599,11.5953   ,50.5358,11.3237     ,50.83  ,11.0267   ,51.0823,10.7513   ,48.1526,14.1804   ,48.6455,14.0841    ,48.9615,13.8077   ,49.247 ,13.4881   ,49.4981,13.1679   ,49.7256,12.8605    ,49.9556,12.558     ,50.2137,12.2439   ,50.5027,11.9083    ,50.7577,11.6048   ,51.0177,11.2418   ,51.0823,10.7513   ,50.5642,10.8919   ,50.2235,11.1319   ,49.9249,11.3738    ,49.6061,11.6709   ,49.3411,11.9924   ,49.1125,12.3242    ,48.8763,12.6587   ,48.6308,12.9912   ,48.3829,13.3208   ,48.1565,13.659    ,49.5683,-12.4588  ,0.868986   ,547,125650,55.4243,10.2429,128.995,0
916 ,48.2156,14.2069   ,48.4576,13.823     ,48.7098,13.506   ,48.9717,13.1844   ,49.2345,12.8407   ,49.4875,12.4915   ,49.7213,12.1882    ,50.0349,11.838    ,50.3363,11.5432   ,50.6457,11.259      ,50.9357,11.0072   ,51.2394,10.7618   ,48.2156,14.2069   ,48.6685,14.0706    ,48.929 ,13.8295   ,49.1829,13.5519   ,49.4455,13.2263   ,49.6998,12.8896    ,49.9195,12.5992    ,50.2082,12.2442   ,50.4946,11.9182    ,50.8011,11.581    ,51.0812,11.258    ,51.2394,10.7618   ,50.6978,10.8335   ,50.3886,11.0287   ,50.0749,11.2657    ,49.7663,11.5308   ,49.4407,11.8788   ,49.2028,12.1935    ,48.9497,12.5545   ,48.6853,12.9121   ,48.4168,13.2719   ,48.1779,13.6669   ,49.5789,-12.4484  ,0.862689   ,544,126151,56.5235,10.6079,132.409,0
917 ,48.0208,14.1201   ,48.3927,13.8538    ,48.6777,13.547   ,48.9452,13.2212   ,49.2204,12.8659   ,49.4624,12.5497   ,49.7187,12.2331    ,50.0357,11.8756   ,50.308 ,11.5866   ,50.6068,11.3031     ,50.9596,11.0104   ,51.2731,10.8169   ,48.0208,14.1201   ,48.5155,14.1846    ,48.8103,13.9559   ,49.0754,13.674    ,49.3685,13.3352   ,49.6202,13.0209    ,49.8554,12.7109    ,50.1412,12.3436   ,50.4212,12.0113    ,50.7249,11.6702   ,51.0699,11.2904   ,51.2731,10.8169   ,50.7507,10.8038   ,50.3867,11.0288   ,50.1008,11.2569    ,49.8404,11.5067   ,49.4934,11.8607   ,49.2232,12.1839    ,48.992 ,12.5012   ,48.7382,12.8645   ,48.4688,13.2294   ,48.1808,13.6013   ,49.586 ,-12.4582  ,0.858571   ,556,128022,57.2541,11.3604,132.995,0
918 ,48.0712,14.2679   ,48.379 ,13.8966    ,48.6824,13.5681  ,48.9663,13.2346   ,49.2587,12.8562   ,49.4964,12.5366   ,49.7852,12.1623    ,50.0475,11.8519   ,50.3788,11.5121   ,50.7197,11.2041     ,51.0675,10.9663   ,51.4641,10.8256   ,48.0712,14.2679   ,48.5733,14.1418    ,48.9182,13.84     ,49.2411,13.5002   ,49.5645,13.113    ,49.8103,12.7969    ,50.0805,12.4413    ,50.3131,12.1434   ,50.5839,11.8193    ,50.8563,11.5119   ,51.1422,11.2193   ,51.4641,10.8256   ,50.8905,10.7683   ,50.4858,10.9781   ,50.0763,11.299     ,49.6922,11.661    ,49.405 ,11.9898   ,49.1025,12.383     ,48.8733,12.7062   ,48.6016,13.0789   ,48.3457,13.4081   ,48.0894,13.7539   ,49.6039,-12.468   ,0.852507   ,560,129761,60.135 ,10.0555,136.652,0
919 ,48.2027,14.2066   ,48.4659,13.8211    ,48.7553,13.497   ,48.9979,13.2106   ,49.2871,12.8352   ,49.5219,12.5136   ,49.7731,12.1894    ,50.0545,11.8728   ,50.371 ,11.565    ,50.6921,11.2811     ,51.0444,11.0459   ,51.4292,10.9481   ,48.2027,14.2066   ,48.6787,14.0766    ,48.9963,13.794    ,49.2626,13.5137   ,49.5701,13.1467   ,49.7866,12.8526    ,49.9965,12.564     ,50.2462,12.2534   ,50.536 ,11.9205    ,50.8405,11.5941   ,51.1583,11.2912   ,51.4292,10.9481   ,50.8412,10.8444   ,50.454 ,11.0429   ,50.1131,11.2961    ,49.7776,11.5811   ,49.4744,11.9074   ,49.1895,12.2666    ,48.936 ,12.6161   ,48.6547,13.0029   ,48.4308,13.2948   ,48.1763,13.6537   ,49.6349,-12.4564  ,0.842907   ,556,129257,57.4151,10.2876,131.581,0
920 ,48.2204,14.0028   ,48.5624,13.696     ,48.8483,13.4042  ,49.123 ,13.0862   ,49.3469,12.8084   ,49.6008,12.4859   ,49.8599,12.1695    ,50.1722,11.8284   ,50.4557,11.5521   ,50.754 ,11.293      ,51.0914,11.0604   ,51.4391,10.904    ,48.2204,14.0028   ,48.7051,13.9894    ,49.0237,13.7494   ,49.3314,13.4456   ,49.5712,13.1754   ,49.8209,12.8693    ,50.0608,12.5676    ,50.3607,12.2095   ,50.654 ,11.8824    ,50.9495,11.5698   ,51.2474,11.2812   ,51.4391,10.904    ,50.8515,10.8866   ,50.4729,11.087    ,50.1744,11.298     ,49.9041,11.5298   ,49.5835,11.8602   ,49.308 ,12.1942    ,49.0492,12.5339   ,48.8378,12.8192   ,48.592 ,13.147    ,48.3397,13.4772   ,49.7236,-12.4056  ,0.830126   ,526,123175,55.3654,10.4655,127.581,0
921 ,48.4006,13.8972   ,48.6936,13.6076    ,48.9555,13.3346  ,49.1966,13.0521   ,49.4506,12.7229   ,49.677 ,12.4151   ,49.9368,12.104     ,50.204 ,11.8341   ,50.4982,11.5634   ,50.802 ,11.3113     ,51.1035,11.105    ,51.4092,10.9424   ,48.4006,13.8972   ,48.8757,13.8878    ,49.1608,13.6785   ,49.3928,13.446    ,49.6261,13.1739   ,49.8306,12.8941    ,50.066 ,12.5873    ,50.3157,12.3017   ,50.6041,11.999     ,50.9129,11.6878   ,51.202 ,11.3854   ,51.4092,10.9424   ,50.9065,10.8854   ,50.5896,11.0138   ,50.2922,11.2168    ,49.9981,11.4574   ,49.7269,11.7093   ,49.4558,12.0252    ,49.2127,12.3573   ,48.9342,12.7381   ,48.6771,13.0711   ,48.4376,13.3997   ,49.7792,-12.3739  ,0.834998   ,509,117778,52.1576,11.6052,122.51 ,0
922 ,48.5786,13.7938   ,48.8325,13.4721    ,49.1132,13.1696  ,49.3512,12.8939   ,49.6036,12.5674   ,49.8459,12.2428   ,50.067 ,11.9737    ,50.3509,11.6779   ,50.6598,11.4082   ,50.9463,11.2075     ,51.299 ,11.038    ,51.664 ,10.9613   ,48.5786,13.7938   ,49.0419,13.7288    ,49.357 ,13.4881   ,49.6086,13.2344   ,49.8676,12.9215   ,50.0966,12.6115    ,50.2835,12.3536    ,50.5073,12.0683   ,50.7662,11.7939    ,51.0279,11.5469   ,51.3466,11.2847   ,51.664 ,10.9613   ,51.1512,10.8288   ,50.7663,10.929    ,50.462 ,11.0964    ,50.1102,11.3691   ,49.7742,11.6814   ,49.5244,11.9662    ,49.2706,12.3064   ,49.0171,12.6464   ,48.7879,12.9405   ,48.5486,13.2964   ,49.8993,-12.272   ,0.816011   ,504,116330,52.6271,10.5768,122.267,0
923 ,48.6934,13.7079   ,48.9255,13.3941    ,49.1882,13.0979  ,49.4231,12.8326   ,49.6807,12.5302   ,49.9181,12.2422   ,50.1562,11.9657    ,50.4103,11.7043   ,50.6818,11.4659   ,50.9714,11.2586     ,51.3145,11.0783   ,51.6509,10.9645   ,48.6934,13.7079   ,49.0956,13.6229    ,49.3877,13.4257   ,49.6262,13.2166   ,49.8839,12.9502   ,50.1138,12.6797    ,50.3318,12.4112    ,50.5637,12.1407   ,50.8214,11.867     ,51.0955,11.5974   ,51.3964,11.3159   ,51.6509,10.9645   ,51.1481,10.8783   ,50.7624,10.9739   ,50.4624,11.1296    ,50.1822,11.34     ,49.9108,11.5979   ,49.6557,11.8853    ,49.407 ,12.1947   ,49.1426,12.5371   ,48.9104,12.8577   ,48.6878,13.244    ,49.9542,-12.2551  ,0.80314    ,496,113687,50.3314,11.2471,116.853,0
924 ,48.6372,13.7248   ,48.8954,13.4036    ,49.1254,13.1339  ,49.3825,12.8508   ,49.6496,12.5647   ,49.9138,12.2799   ,50.1687,12.0027    ,50.4176,11.74     ,50.6657,11.5014   ,51.005 ,11.2503     ,51.3154,11.1164   ,51.6765,11.0556   ,48.6372,13.7248   ,49.0587,13.627     ,49.3184,13.4413   ,49.571 ,13.2306   ,49.817 ,13.0073   ,50.0547,12.7675    ,50.281 ,12.5123    ,50.5041,12.2456   ,50.7361,11.9727    ,51.0543,11.6283   ,51.3302,11.3819   ,51.6765,11.0556   ,51.2116,10.8787   ,50.869 ,10.9243   ,50.5123,11.105     ,50.2484,11.3194   ,49.9726,11.5839   ,49.6859,11.8866    ,49.393 ,12.2175   ,49.1062,12.5659   ,48.8508,12.9192   ,48.6635,13.2637   ,49.9877,-12.2262  ,0.772186   ,499,113769,50.7785,11.9983,117.439,0
925 ,48.5706,13.6058   ,48.8552,13.2953    ,49.0972,13.0317  ,49.3937,12.7397   ,49.6335,12.5116   ,49.9395,12.2199   ,50.2028,11.9681    ,50.4667,11.7207   ,50.778 ,11.4488   ,51.0859,11.2269     ,51.3928,11.0738   ,51.7396,10.9701   ,48.5706,13.6058   ,49.0654,13.5902    ,49.2804,13.3899   ,49.5441,13.1467   ,49.7687,12.9434   ,50.0587,12.6745    ,50.3097,12.4337    ,50.5641,12.1849   ,50.869 ,11.8866    ,51.1696,11.6004   ,51.451 ,11.3451   ,51.7396,10.9701   ,51.2344,10.8434   ,50.8992,10.9185   ,50.5842,11.096     ,50.2643,11.3535   ,49.9899,11.6033   ,49.7163,11.8648    ,49.3997,12.1733   ,49.1522,12.4202   ,48.8389,12.7519   ,48.5822,13.071    ,49.996 ,-12.2071  ,0.749999   ,493,114713,51.191 ,10.9134,119.095,0
926 ,48.6459,13.643    ,48.8747,13.2879    ,49.1252,13.0115  ,49.4117,12.7291   ,49.6634,12.5009   ,49.9671,12.2413   ,50.2711,11.9806    ,50.5238,11.7543   ,50.8143,11.489    ,51.0839,11.2596     ,51.4486,11.0453   ,51.7717,10.9581   ,48.6459,13.643    ,49.1177,13.5393    ,49.3679,13.3084   ,49.6393,13.059    ,49.8751,12.8545   ,50.1618,12.6141    ,50.4538,12.3588    ,50.7007,12.1253   ,50.9828,11.8423    ,51.2261,11.5944   ,51.5265,11.3255   ,51.7717,10.9581   ,51.2773,10.805    ,50.8535,10.9937   ,50.5521,11.2211    ,50.2465,11.4743   ,49.9867,11.6911   ,49.6712,11.954     ,49.3503,12.2366   ,49.0854,12.4926   ,48.7926,12.8088   ,48.5607,13.1227   ,50.0641,-12.1778  ,0.721697   ,499,115404,51.3741,10.0865,121.338,0
927 ,48.6882,13.6515   ,48.8784,13.294     ,49.1263,13.0097  ,49.4156,12.7192   ,49.7217,12.4396   ,49.9837,12.219    ,50.2837,11.9824    ,50.6227,11.7256   ,50.9219,11.4973   ,51.226 ,11.2641     ,51.5324,11.0557   ,51.8755,10.885    ,48.6882,13.6515   ,49.1197,13.503     ,49.3867,13.2782   ,49.6567,13.0342   ,49.9253,12.7983   ,50.1522,12.611     ,50.4182,12.4032    ,50.7416,12.1498   ,51.0484,11.8983    ,51.365 ,11.6208   ,51.657 ,11.3363   ,51.8755,10.885    ,51.3211,10.8288   ,50.9995,10.9727   ,50.7092,11.1629    ,50.419 ,11.3652   ,50.0642,11.6271   ,49.7284,11.898     ,49.4302,12.158    ,49.0888,12.4867   ,48.7884,12.8241   ,48.5783,13.1625   ,50.1346,-12.1432  ,0.694036   ,507,117347,52.454 ,10.4616,120.51 ,0
928 ,48.7289,13.5381   ,48.9749,13.2076    ,49.2675,12.881   ,49.5395,12.6084   ,49.8163,12.3599   ,50.1452,12.091    ,50.4237,11.8765    ,50.736 ,11.6538   ,51.0812,11.4261   ,51.4357,11.2085     ,51.775 ,11.0402   ,52.1224,10.9274   ,48.7289,13.5381   ,49.1645,13.4756    ,49.4669,13.2201   ,49.7282,12.9773   ,49.9924,12.742    ,50.2965,12.4906    ,50.5537,12.2884    ,50.8528,12.0576   ,51.1966,11.8019    ,51.556 ,11.5429   ,51.8736,11.308    ,52.1224,10.9274   ,51.5779,10.8144   ,51.2231,10.9278   ,50.8799,11.1052    ,50.5316,11.3102   ,50.2019,11.5337   ,49.9001,11.7656    ,49.5468,12.0581   ,49.2596,12.3272   ,48.9791,12.6363   ,48.7117,13.028    ,50.2537,-12.0876  ,0.66789    ,511,119279,53.2728,10.2123,122.853,0
929 ,48.8877,13.5546   ,49.0792,13.1741    ,49.3188,12.8595  ,49.6169,12.5678   ,49.9202,12.3124   ,50.2587,12.0422   ,50.5865,11.7854    ,50.883 ,11.576    ,51.2361,11.3584   ,51.6025,11.1705     ,51.9935,11.037    ,52.373 ,10.9912   ,48.8877,13.5546   ,49.2852,13.4188    ,49.5061,13.1796   ,49.7679,12.9413   ,50.0605,12.7079   ,50.4134,12.4342    ,50.7687,12.1546    ,51.0657,11.9256   ,51.3944,11.6926    ,51.7171,11.4818   ,52.0448,11.2875   ,52.373 ,10.9912   ,51.8293,10.8149   ,51.3797,10.9075   ,50.9767,11.0831    ,50.5997,11.2941   ,50.3093,11.4875   ,50.0084,11.7261    ,49.6816,11.9972   ,49.3626,12.2873   ,49.0417,12.6416   ,48.8079,13.0351   ,50.3793,-12.0432  ,0.641291   ,526,121569,54.8617,10.0043,128.853,0
930 ,48.954 ,13.5107   ,49.1759,13.1292    ,49.4595,12.7966  ,49.7351,12.5277   ,50.0232,12.2751   ,50.3619,12.0011   ,50.6807,11.7665    ,51.0329,11.5346   ,51.4139,11.3203   ,51.7696,11.156      ,52.1668,11.0347   ,52.5372,10.9628   ,48.954 ,13.5107   ,49.402 ,13.3553    ,49.6911,13.0877   ,49.9356,12.8697   ,50.1877,12.6623   ,50.4992,12.4146    ,50.8106,12.1709    ,51.16  ,11.9121   ,51.5346,11.6684    ,51.8633,11.4713   ,52.2085,11.2917   ,52.5372,10.9628   ,52.01  ,10.8051   ,51.5681,10.8839   ,51.1983,11.0222    ,50.8073,11.2177   ,50.4473,11.4347   ,50.1141,11.674     ,49.7431,11.9859   ,49.4212,12.2907   ,49.124 ,12.6163   ,48.8726,13.0107   ,50.514 ,-12.0024  ,0.617805   ,531,122055,55.4857,10.237 ,129.095,0
931 ,49.0962,13.5539   ,49.2614,13.1137    ,49.4938,12.8379  ,49.8364,12.5081   ,50.1323,12.2563   ,50.4709,11.9905   ,50.7836,11.7713    ,51.1823,11.5251   ,51.5299,11.3396   ,51.8873,11.1729     ,52.267 ,11.0066   ,52.6375,10.8262   ,49.0962,13.5539   ,49.5529,13.2911    ,49.7954,13.0474   ,50.1019,12.7743   ,50.357 ,12.5751   ,50.6601,12.3494    ,50.9633,12.1231    ,51.3668,11.8467   ,51.7217,11.6358    ,52.0584,11.4459   ,52.3994,11.2453   ,52.6375,10.8262   ,52.0245,10.8143   ,51.6115,10.9477   ,51.2387,11.0936    ,50.8983,11.261    ,50.5028,11.4864   ,50.1721,11.7149    ,49.7905,12.0337   ,49.4526,12.3492   ,49.0883,12.7397   ,48.8974,13.0445   ,50.5982,-12.0156  ,0.612574   ,522,120216,56.402 ,9.81737,130.51 ,0
932 ,49.1224,13.569    ,49.3007,13.1494    ,49.5633,12.8156  ,49.8276,12.5529   ,50.1602,12.2673   ,50.4903,12.0052   ,50.8076,11.7662    ,51.1502,11.5432   ,51.5312,11.347    ,51.9291,11.17       ,52.2939,11.0098   ,52.6381,10.8342   ,49.1224,13.569    ,49.5714,13.3469    ,49.8912,13.0348   ,50.1573,12.783    ,50.467 ,12.5193   ,50.7722,12.278     ,51.0688,12.0563    ,51.3969,11.8353   ,51.7562,11.6211    ,52.1155,11.4266   ,52.4333,11.2447   ,52.6381,10.8342   ,52.0497,10.8198   ,51.6419,10.959    ,51.2085,11.1185    ,50.809 ,11.3063   ,50.4434,11.5509   ,50.0997,11.8168    ,49.7423,12.1065   ,49.3888,12.4245   ,49.1369,12.7057   ,48.9627,13.0644   ,50.6142,-12.0289  ,0.619572   ,520,119543,56.0798,10.3993,129.681,0
933 ,49.085 ,13.5517   ,49.3119,13.1375    ,49.5743,12.8218  ,49.8688,12.5283   ,50.1853,12.2592   ,50.5123,11.9986   ,50.8798,11.7274    ,51.2286,11.5153   ,51.6126,11.3191   ,51.9587,11.1652     ,52.3768,10.9748   ,52.7231,10.8094   ,49.085 ,13.5517   ,49.5538,13.3665    ,49.8587,13.0696   ,50.1671,12.7839   ,50.4763,12.5227   ,50.7864,12.2715    ,51.1317,12.0113    ,51.4529,11.8004   ,51.8066,11.5927    ,52.1165,11.4276   ,52.4816,11.2095   ,52.7231,10.8094   ,52.1669,10.7894   ,51.6993,10.9471   ,51.3232,11.0919    ,50.906 ,11.2835   ,50.5258,11.5141   ,50.1298,11.8103    ,49.7859,12.0847   ,49.4697,12.3656   ,49.1956,12.6779   ,48.9956,13.0132   ,50.6664,-12.0103  ,0.615388   ,520,120461,57.0757,10.0282,131.681,0
934 ,49.1333,13.4049   ,49.4376,13.0278    ,49.6898,12.7604  ,50.021 ,12.4379   ,50.2974,12.1916   ,50.6626,11.8996   ,50.9945,11.6753    ,51.3527,11.4756   ,51.7292,11.2982   ,52.129 ,11.1033     ,52.4834,10.9053   ,52.7974,10.6839   ,49.1333,13.4049   ,49.6325,13.3028    ,49.9129,13.0711   ,50.2444,12.7715   ,50.5071,12.5376   ,50.8551,12.2459    ,51.1804,12.0027    ,51.5267,11.7903   ,51.8855,11.5976    ,52.2728,11.3701   ,52.5963,11.1129   ,52.7974,10.6839   ,52.2715,10.7578   ,51.8836,10.8885   ,51.4758,11.0434    ,51.0886,11.2072   ,50.7173,11.4054   ,50.3699,11.6282    ,49.9787,11.9395   ,49.6858,12.2089   ,49.3607,12.5586   ,49.1517,12.8548   ,50.7779,-11.953   ,0.605332   ,520,119247,56.6078,9.78765,130.752,0
935 ,49.2422,13.1409   ,49.5611,12.9037    ,49.8803,12.6153  ,50.17  ,12.3524   ,50.4604,12.1007   ,50.7856,11.8433   ,51.0791,11.6477    ,51.4488,11.4371   ,51.7736,11.2841   ,52.1774,11.0891     ,52.5026,10.9454   ,52.8522,10.8034   ,49.2422,13.1409   ,49.689 ,13.21      ,49.9991,13.0136   ,50.2623,12.7987   ,50.5332,12.57     ,50.8587,12.3001    ,51.1713,12.0572    ,51.5623,11.7913   ,51.8798,11.625     ,52.2641,11.391    ,52.5663,11.1882   ,52.8522,10.8034   ,52.3308,10.747    ,51.9843,10.8373   ,51.5725,10.9876    ,51.2441,11.13     ,50.8921,11.2971   ,50.6088,11.4632    ,50.2732,11.7283   ,49.9605,12.0111   ,49.6491,12.3199   ,49.337 ,12.6794   ,50.8856,-11.8876  ,0.596669   ,498,115036,53.1948,10.8045,122.024,0
936 ,49.385 ,12.8501   ,49.7252,12.6734    ,50.0109,12.4733  ,50.3024,12.2445   ,50.5838,12.0144   ,50.8789,11.7752   ,51.2096,11.5518    ,51.5191,11.3808   ,51.8328,11.2256   ,52.1818,11.0557     ,52.5123,10.9274   ,52.8278,10.8225   ,49.385 ,12.8501   ,49.8425,12.9975    ,50.1346,12.869    ,50.4108,12.6746   ,50.7008,12.4546   ,51.0115,12.2007    ,51.3577,11.9368    ,51.6726,11.7366   ,51.9761,11.5719    ,52.3021,11.3681   ,52.5908,11.173    ,52.8278,10.8225   ,52.3235,10.7201   ,51.9552,10.7914   ,51.5966,10.9252    ,51.2783,11.0702   ,50.9705,11.222    ,50.6474,11.4262    ,50.3716,11.6534   ,50.0987,11.8898   ,49.7895,12.1516   ,49.5177,12.4044   ,51.0076,-11.7796  ,0.578048   ,484,112332,49.365 ,10.6237,117.539,0
937 ,49.5001,12.7477   ,49.8311,12.5418    ,50.1519,12.3619  ,50.4337,12.179    ,50.7362,11.95     ,51.0453,11.7037   ,51.288 ,11.5282    ,51.6105,11.3292   ,51.9371,11.1584   ,52.243 ,11.0126     ,52.6208,10.8532   ,52.9034,10.7341   ,49.5001,12.7477   ,49.9867,12.8614    ,50.3208,12.7094   ,50.5785,12.5683   ,50.8587,12.3804   ,51.1638,12.1402    ,51.4155,11.9436    ,51.7471,11.7102   ,52.0648,11.5166    ,52.3518,11.3304   ,52.6921,11.0918   ,52.9034,10.7341   ,52.4439,10.657    ,52.0281,10.7432   ,51.7135,10.8487    ,51.3823,11.0004   ,51.066 ,11.1773   ,50.8257,11.3455    ,50.5104,11.6018   ,50.1925,11.8568   ,49.8916,12.068    ,49.5845,12.2747   ,51.073 ,-11.7366  ,0.570484   ,482,111780,48.7076,10.5928,116.125,0
938 ,49.5757,12.9057   ,49.8149,12.5718    ,50.1191,12.372   ,50.4333,12.2084   ,50.7526,12.0037   ,51.0469,11.7757   ,51.2973,11.5759    ,51.5837,11.3672   ,51.9378,11.1616   ,52.2249,11.0118     ,52.5936,10.8433   ,52.8902,10.7205   ,49.5757,12.9057   ,50.052 ,12.8394    ,50.3667,12.6677   ,50.6677,12.5229   ,50.9616,12.3554   ,51.235 ,12.1523    ,51.4744,11.9597    ,51.7579,11.7379   ,52.1117,11.5046    ,52.3857,11.3274   ,52.7097,11.0866   ,52.8902,10.7205   ,52.3718,10.6453   ,51.9636,10.7465   ,51.6745,10.8671    ,51.3177,11.0578   ,51.0205,11.2709   ,50.759 ,11.4783    ,50.4489,11.7201   ,50.1104,11.9415   ,49.7803,12.1258   ,49.5037,12.3733   ,51.1221,-11.7257  ,0.568201   ,485,112383,49.3018,10.1201,118.368,0
939 ,49.5185,12.7132   ,49.8601,12.4782    ,50.1469,12.3     ,50.4792,12.1112   ,50.8032,11.9412   ,51.1297,11.7501   ,51.4168,11.5492    ,51.7075,11.3352   ,52.0455,11.1115   ,52.3448,10.953      ,52.7181,10.7912   ,53.0283,10.6988   ,49.5185,12.7132   ,49.9981,12.8012    ,50.2835,12.6574   ,50.6047,12.4833   ,50.9274,12.3227   ,51.2494,12.1546    ,51.5264,11.9696    ,51.8161,11.7443   ,52.1564,11.4817    ,52.4435,11.2824   ,52.7755,11.0502   ,53.0283,10.6988   ,52.5557,10.572    ,52.1432,10.6749   ,51.8376,10.7985    ,51.5021,10.9962   ,51.2104,11.1997   ,50.9162,11.4052    ,50.5859,11.6092   ,50.2604,11.7893   ,49.9145,12.0011   ,49.6278,12.2148   ,51.1616,-11.6943  ,0.550239   ,483,113406,49.8754,10.2063,118.125,0
940 ,49.5058,12.7298   ,49.842 ,12.4815    ,50.1489,12.277   ,50.4506,12.0915   ,50.8105,11.9042   ,51.1145,11.7513   ,51.4519,11.5734    ,51.7875,11.3622   ,52.0662,11.1614   ,52.3742,10.9703     ,52.7196,10.7949   ,53.053 ,10.6593   ,49.5058,12.7298   ,49.992 ,12.7797    ,50.3101,12.5996   ,50.5949,12.434    ,50.9397,12.2867   ,51.2316,12.1591    ,51.563 ,11.9863    ,51.8972,11.7675   ,52.1567,11.5612    ,52.4498,11.338    ,52.7794,11.0871   ,53.053 ,10.6593   ,52.5419,10.5569   ,52.19  ,10.6648   ,51.8814,10.828     ,51.5829,11.0225   ,51.2449,11.2134   ,50.8986,11.3944    ,50.5774,11.5729   ,50.2058,11.807    ,49.8862,12.0209   ,49.5909,12.2538   ,51.2166,-11.6717  ,0.532021   ,492,114850,50.515 ,10.2507,120.953,0
941 ,49.4894,12.6954   ,49.8415,12.4804    ,50.1737,12.2676  ,50.4903,12.0637   ,50.8442,11.8637   ,51.1768,11.6943   ,51.5556,11.4991    ,51.901 ,11.3133   ,52.203 ,11.153    ,52.5572,10.9364     ,52.8802,10.7196   ,53.1755,10.5212   ,49.4894,12.6954   ,49.9783,12.7839    ,50.3331,12.5907   ,50.6444,12.4001   ,50.9958,12.2281   ,51.3233,12.0702    ,51.6921,11.8871    ,52.0199,11.7116   ,52.3139,11.5276    ,52.6827,11.2761   ,53.0127,10.9894   ,53.1755,10.5212   ,52.6389,10.5221   ,52.3279,10.6647   ,51.9922,10.834     ,51.6813,10.9675   ,51.323 ,11.163    ,50.9364,11.365     ,50.5947,11.5521   ,50.2322,11.7915   ,49.9056,12.0161   ,49.5951,12.2434   ,51.3123,-11.6319  ,0.516169   ,512,117221,52.5434,10.0263,123.782,0
942 ,49.6098,12.7211   ,49.9603,12.4294    ,50.2815,12.1936  ,50.5932,12.0014   ,50.9594,11.8164   ,51.3053,11.6354   ,51.652 ,11.4375    ,52.0156,11.2531   ,52.3724,11.0863   ,52.731 ,10.8696     ,53.0336,10.616    ,53.2887,10.3452   ,49.6098,12.7211   ,50.1207,12.7203    ,50.4506,12.5168   ,50.7467,12.3306   ,51.0949,12.1734   ,51.4257,12.0201    ,51.7643,11.8383    ,52.1265,11.641    ,52.4725,11.4533    ,52.8359,11.1994   ,53.1544,10.8641   ,53.2887,10.3452   ,52.8152,10.4571   ,52.5233,10.6132   ,52.1701,10.769     ,51.8013,10.9141   ,51.4379,11.0947   ,51.0879,11.3046    ,50.7209,11.5089   ,50.3359,11.7307   ,50.0067,11.9431   ,49.6938,12.2228   ,51.4454,-11.5664  ,0.511445   ,524,120842,54.0829,9.95917,128.267,0
943 ,49.699 ,12.8187   ,49.9939,12.4541    ,50.3422,12.1618  ,50.6969,11.943    ,51.0916,11.7526   ,51.4227,11.5646   ,51.8281,11.3463    ,52.1823,11.1753   ,52.5755,10.994    ,52.9928,10.7503     ,53.3082,10.5538   ,53.695 ,10.3813   ,49.699 ,12.8187   ,50.1548,12.7427    ,50.4545,12.5105   ,50.7962,12.3012   ,51.1983,12.1306   ,51.5222,11.9602    ,51.9234,11.7387    ,52.2725,11.5586   ,52.6466,11.3694    ,53.0651,11.0816   ,53.3897,10.8095   ,53.695 ,10.3813   ,53.1   ,10.3718   ,52.7958,10.497    ,52.3924,10.6756    ,51.9778,10.8449   ,51.6125,11.015    ,51.2122,11.2332    ,50.8746,11.4315   ,50.4813,11.6468   ,50.1097,11.9011   ,49.7309,12.2712   ,51.5549,-11.5214  ,0.50666    ,536,124117,57.9857,9.6927 ,135.681,0
944 ,49.7358,12.777    ,50.0535,12.4178    ,50.3942,12.1601  ,50.7295,11.958    ,51.1095,11.7467   ,51.5059,11.5341   ,51.8518,11.3514    ,52.2351,11.1499   ,52.6216,10.974    ,53.0215,10.775      ,53.3859,10.5487   ,53.6781,10.3303   ,49.7358,12.777    ,50.2561,12.6795    ,50.6094,12.4351   ,50.9251,12.2656   ,51.2872,12.0882   ,51.6582,11.8974    ,52.0039,11.7192    ,52.3945,11.502    ,52.7607,11.311     ,53.1468,11.0924   ,53.5051,10.804    ,53.6781,10.3303   ,53.1446,10.3755   ,52.7793,10.5216   ,52.3715,10.6873    ,51.9665,10.8526   ,51.5871,11.0416   ,51.2369,11.2336    ,50.8232,11.4637   ,50.4239,11.7136   ,50.0646,11.9621   ,49.7443,12.2529   ,51.6349,-11.4976  ,0.499018   ,541,125320,57.3395,9.75671,133.439,0
945 ,49.8227,12.7068   ,50.1661,12.4236    ,50.53  ,12.1355  ,50.8741,11.925    ,51.3108,11.6942   ,51.6961,11.4826   ,52.0406,11.2962    ,52.4416,11.0933   ,52.8369,10.9128   ,53.2446,10.6974     ,53.6156,10.4968   ,53.9727,10.3014   ,49.8227,12.7068   ,50.3048,12.7097    ,50.671 ,12.4609   ,51.0034,12.2673   ,51.4372,12.0537   ,51.8177,11.8646    ,52.1506,11.6799    ,52.5399,11.4612   ,52.9215,11.2672    ,53.3273,11.0115   ,53.6946,10.7518   ,53.9727,10.3014   ,53.4105,10.3077   ,53.0426,10.4479   ,52.6379,10.6131    ,52.2299,10.7763   ,51.814 ,10.9769   ,51.463 ,11.162     ,51.0748,11.3951   ,50.6341,11.6417   ,50.2688,11.8978   ,49.9104,12.2376   ,51.7893,-11.4652  ,0.501398   ,537,123091,59.0279,9.65174,135.681,0
946 ,50.0699,12.6852   ,50.3552,12.3604    ,50.6754,12.111   ,51.0626,11.8686   ,51.3819,11.6926   ,51.7557,11.4767   ,52.1242,11.2816    ,52.5086,11.1012   ,52.8501,10.9246   ,53.2086,10.7191     ,53.5863,10.5305   ,53.9597,10.3755   ,50.0699,12.6852   ,50.5548,12.6206    ,50.8692,12.4172   ,51.2368,12.1976   ,51.5448,12.0375   ,51.9116,11.8237    ,52.2695,11.6369    ,52.6363,11.4467   ,52.9821,11.2523    ,53.3349,11.0182   ,53.6942,10.7752   ,53.9597,10.3755   ,53.3504,10.3417   ,52.9602,10.49     ,52.6027,10.66      ,52.2681,10.8102   ,51.8738,10.9776   ,51.4928,11.1926    ,51.1131,11.4057   ,50.7804,11.6009   ,50.3702,11.8829   ,50.06  ,12.1884   ,51.8611,-11.4588  ,0.50763    ,514,119454,55.9327,9.43033,131.439,0
947 ,50.1618,12.513    ,50.5073,12.2688    ,50.8346,12.0269  ,51.2002,11.8052   ,51.5571,11.6041   ,51.9115,11.4066   ,52.2707,11.2167    ,52.6296,11.0498   ,52.9993,10.8622   ,53.3519,10.6778     ,53.7194,10.5215   ,54.0581,10.4132   ,50.1618,12.513    ,50.6384,12.5637    ,50.9688,12.3863   ,51.3173,12.1906   ,51.6763,11.9823   ,52.03  ,11.7946    ,52.3896,11.5859    ,52.7415,11.4026   ,53.0961,11.2103    ,53.425 ,10.9885   ,53.7659,10.764    ,54.0581,10.4132   ,53.5513,10.3238   ,53.1576,10.4273   ,52.7913,10.5736    ,52.4167,10.7451   ,52.0481,10.8983   ,51.6918,11.0744    ,51.3366,11.2824   ,50.98  ,11.4787   ,50.5933,11.7416   ,50.2674,12.0558   ,51.9724,-11.4117  ,0.497832   ,506,117633,54.494 ,9.75833,128.368,0
948 ,50.3268,12.4002   ,50.6688,12.1473    ,50.9959,11.9431  ,51.3655,11.7213   ,51.6737,11.5406   ,52.0403,11.3358   ,52.3555,11.1707    ,52.7107,10.9937   ,53.0819,10.7986   ,53.4256,10.616      ,53.8116,10.4818   ,54.1654,10.4101   ,50.3268,12.4002   ,50.8197,12.4626    ,51.1504,12.2964   ,51.504 ,12.1021   ,51.8031,11.9377   ,52.1568,11.7337    ,52.4599,11.5588    ,52.809 ,11.37     ,53.169 ,11.1515    ,53.4998,10.912    ,53.8323,10.6988   ,54.1654,10.4101   ,53.6579,10.2999   ,53.2312,10.3775   ,52.8866,10.508     ,52.5098,10.6664   ,52.1483,10.8371   ,51.8177,10.9939    ,51.4411,11.205    ,51.124 ,11.3993   ,50.7321,11.6582   ,50.4137,11.9002   ,52.0647,-11.3543  ,0.498487   ,502,115627,53.3701,10.0221,124.125,0
949 ,50.4428,12.3897   ,50.7435,12.0989    ,51.04  ,11.9164  ,51.3937,11.7158   ,51.6937,11.5446   ,52.0481,11.3265   ,52.3509,11.1661    ,52.7066,10.9915   ,53.0622,10.8074   ,53.3971,10.6323     ,53.7181,10.5155   ,54.0587,10.426    ,50.4428,12.3897   ,50.9301,12.394     ,51.2165,12.2481   ,51.5492,12.08     ,51.8376,11.9308   ,52.1821,11.7287    ,52.4747,11.5658    ,52.8174,11.3676   ,53.1615,11.1683    ,53.4832,10.9528   ,53.7663,10.7695   ,54.0587,10.426    ,53.5379,10.3018   ,53.1915,10.3678   ,52.8584,10.5032    ,52.4962,10.6647   ,52.1248,10.8176   ,51.8134,10.9833    ,51.4492,11.2186   ,51.138 ,11.4076   ,50.7619,11.6434   ,50.4666,11.8687   ,52.1342,-11.3153  ,0.49556    ,493,113630,50.8804,10.199 ,122.125,0
950 ,50.5637,12.431    ,50.782 ,12.0738    ,51.1008,11.8757  ,51.4008,11.7407   ,51.7384,11.5615   ,52.0728,11.3534   ,52.403 ,11.1585    ,52.7272,10.9833   ,53.0613,10.813    ,53.3768,10.6477     ,53.7382,10.5049   ,54.0471,10.4123   ,50.5637,12.431    ,50.998 ,12.3348    ,51.3051,12.1755   ,51.6016,12.069    ,51.9363,11.9093   ,52.2534,11.7181    ,52.5696,11.5257    ,52.8841,11.3394   ,53.2002,11.1608    ,53.5004,10.9651   ,53.817 ,10.7489   ,54.0471,10.4123   ,53.5359,10.3022   ,53.1415,10.3848   ,52.8234,10.5167    ,52.4779,10.6754   ,52.1433,10.8431   ,51.7965,11.0491    ,51.4452,11.27     ,51.1007,11.4587   ,50.7976,11.6206   ,50.4926,11.8916   ,52.1628,-11.3117  ,0.492783   ,486,112903,50.2771,9.93627,121.296,0
951 ,50.4651,12.2228   ,50.7788,12.0108    ,51.1267,11.8382  ,51.4762,11.6716   ,51.826 ,11.5061   ,52.1672,11.3244   ,52.4536,11.1557    ,52.7838,10.9605   ,53.1144,10.7708   ,53.4785,10.5754     ,53.8176,10.4364   ,54.1369,10.3389   ,50.4651,12.2228   ,50.9295,12.335     ,51.296 ,12.1671   ,51.6321,12.0104   ,51.9695,11.8747   ,52.312 ,11.7095    ,52.5933,11.5466    ,52.9178,11.3389   ,53.2464,11.1288    ,53.5959,10.8856   ,53.8958,10.6811   ,54.1369,10.3389   ,53.6262,10.2314   ,53.2515,10.3186   ,52.8856,10.4692    ,52.5562,10.6362   ,52.2186,10.8227   ,51.9262,10.9926    ,51.5837,11.1879   ,51.2189,11.3782   ,50.8582,11.5577   ,50.5314,11.7391   ,52.1977,-11.2809  ,0.488055   ,493,114167,50.7752,9.9975 ,120.468,0
952 ,50.4716,12.2308   ,50.7767,12.0037    ,51.1282,11.8077  ,51.502 ,11.627    ,51.8121,11.4956   ,52.1502,11.3317   ,52.4859,11.1616    ,52.8297,10.9645   ,53.1835,10.7406   ,53.5097,10.5618     ,53.8782,10.4178   ,54.186 ,10.326    ,50.4716,12.2308   ,50.936 ,12.3187    ,51.2838,12.134    ,51.6314,11.9806   ,51.9482,11.868    ,52.2868,11.7132    ,52.6138,11.5466    ,52.9547,11.3382   ,53.3063,11.1021    ,53.6205,10.8856   ,53.939 ,10.6657   ,54.186 ,10.326    ,53.6915,10.2108   ,53.2847,10.2953   ,52.9579,10.4425    ,52.6054,10.6514   ,52.2613,10.827    ,51.918 ,10.9978    ,51.576 ,11.1678   ,51.265 ,11.3189   ,50.8697,11.5385   ,50.522 ,11.7471   ,52.2337,-11.2576  ,0.478337   ,493,115159,51.4167,9.87133,121.882,0
953 ,50.4798,12.2069   ,50.8409,11.9764    ,51.1744,11.7736  ,51.5081,11.6031   ,51.8933,11.4317   ,52.2662,11.2719   ,52.6151,11.0992    ,52.9655,10.9149   ,53.2762,10.7399   ,53.6634,10.5294     ,53.9705,10.383    ,54.337 ,10.2469   ,50.4798,12.2069   ,50.9583,12.3099    ,51.2881,12.1264   ,51.6073,11.9639   ,51.978 ,11.8113   ,52.3618,11.6689    ,52.7106,11.5015    ,53.0573,11.3166   ,53.3681,11.1175    ,53.7528,10.863    ,54.0475,10.6604   ,54.337 ,10.2469   ,53.7673,10.1596   ,53.4586,10.2577   ,53.0787,10.4211    ,52.7725,10.5695   ,52.4204,10.7467   ,52.0685,10.9226    ,51.6972,11.0972   ,51.3002,11.295    ,50.9474,11.4858   ,50.6167,11.7123   ,52.3364,-11.2122  ,0.466015   ,509,117423,53.1676,9.91758,125.296,0
954 ,50.5543,12.322    ,50.8166,12.0043    ,51.1929,11.7585  ,51.5259,11.5996   ,51.9221,11.4189   ,52.3105,11.249    ,52.6821,11.0591    ,53.0156,10.8837   ,53.4004,10.7018   ,53.8026,10.4908     ,54.1143,10.3193   ,54.4654,10.1305   ,50.5543,12.322    ,51.0169,12.2871    ,51.3737,12.0556   ,51.7057,11.913    ,52.0927,11.7624   ,52.4775,11.6087    ,52.8381,11.4364    ,53.147 ,11.2622   ,53.5085,11.0598    ,53.8954,10.819    ,54.1945,10.5887   ,54.4654,10.1305   ,53.9079,10.1167   ,53.5898,10.2296   ,53.1827,10.3954    ,52.7729,10.5625   ,52.4176,10.7401   ,52.0366,10.9387    ,51.6368,11.126    ,51.2362,11.3369   ,50.9003,11.5216   ,50.5222,11.8061   ,52.395 ,-11.1904  ,0.461345   ,523,119938,55.4621,9.97685,130.368,0
955 ,50.664 ,12.3428   ,50.8802,11.968     ,51.2542,11.7272  ,51.6323,11.5459   ,52.0211,11.368    ,52.4053,11.193    ,52.7872,11.0072    ,53.1696,10.8134   ,53.5028,10.6551   ,53.8992,10.4467     ,54.2466,10.2348   ,54.5584,9.98888   ,50.664 ,12.3428   ,51.1079,12.2283    ,51.462 ,12.0134   ,51.827 ,11.8573   ,52.1908,11.707    ,52.57  ,11.5464    ,52.9618,11.3648    ,53.3451,11.1633   ,53.6647,10.987     ,54.0424,10.7465   ,54.3831,10.471    ,54.5584,9.98888   ,53.9981,10.0704   ,53.6402,10.213    ,53.2308,10.3761    ,52.883 ,10.5178   ,52.5044,10.7038   ,52.1309,10.8917    ,51.7397,11.0776   ,51.3309,11.2865   ,50.9347,11.4982   ,50.5644,11.7966   ,52.4771,-11.1495  ,0.463777   ,534,123510,56.7757,9.858  ,133.782,0
956 ,50.6304,12.3615   ,50.9232,11.9719    ,51.267 ,11.7336  ,51.6555,11.5369   ,52.037 ,11.3655   ,52.4733,11.1672   ,52.8453,10.987     ,53.2287,10.8041   ,53.6136,10.6177   ,54.0029,10.4042     ,54.3596,10.1592   ,54.6708,9.86903   ,50.6304,12.3615   ,51.1338,12.2228    ,51.4783,12.0104   ,51.8532,11.8448   ,52.2301,11.6907   ,52.667 ,11.5154    ,53.0229,11.3444    ,53.377 ,11.156    ,53.7374,10.9513    ,54.1155,10.7291   ,54.4702,10.4072   ,54.6708,9.86903   ,54.1314,9.99889   ,53.7755,10.1511   ,53.3798,10.3342    ,52.9714,10.5083   ,52.5598,10.68     ,52.1724,10.8699    ,51.7345,11.0893   ,51.3502,11.2805   ,50.9393,11.5224   ,50.607 ,11.8202   ,52.5615,-11.1168  ,0.46607    ,547,126252,59.0376,9.97384,136.853,0
957 ,50.5404,12.2197   ,50.9427,11.9365    ,51.3228,11.702   ,51.6895,11.5329   ,52.0579,11.372    ,52.4831,11.176    ,52.8376,11.0009    ,53.2462,10.8082   ,53.6513,10.6046   ,54.0007,10.4084     ,54.3698,10.1823   ,54.6938,9.90238   ,50.5404,12.2197   ,51.0686,12.2454    ,51.4773,12.0176   ,51.8422,11.8587   ,52.1988,11.7126   ,52.6147,11.5365    ,52.9581,11.3762    ,53.3468,11.1807   ,53.7459,10.9542    ,54.1054,10.7355   ,54.4891,10.4491   ,54.6938,9.90238   ,54.1302,9.99434   ,53.7759,10.151    ,53.4428,10.3162    ,53.029 ,10.4892   ,52.5998,10.6847   ,52.2301,10.8713    ,51.7959,11.0861   ,51.4133,11.2589   ,51.0445,11.4536   ,50.6886,11.7174   ,52.5816,-11.115   ,0.466176   ,547,126293,58.5934,9.55183,138.024,0
958 ,50.5581,12.2428   ,50.9251,11.955     ,51.3033,11.7215  ,51.6771,11.5369   ,52.1056,11.3645   ,52.4975,11.1774   ,52.8955,10.9715    ,53.3018,10.7835   ,53.7009,10.5786   ,54.1121,10.3441     ,54.4854,10.1125   ,54.7932,9.89537   ,50.5581,12.2428   ,51.0678,12.2486    ,51.4605,12.0226   ,51.8166,11.8687   ,52.2419,11.7183   ,52.6345,11.5382    ,53.0119,11.348     ,53.3912,11.1578   ,53.7799,10.9342    ,54.1952,10.6699   ,54.5804,10.3678   ,54.7932,9.89537   ,54.2705,9.935     ,53.9053,10.0908   ,53.5096,10.2839    ,53.0963,10.4621   ,52.6624,10.6526   ,52.2505,10.8733    ,51.8501,11.0584   ,51.4141,11.2617   ,51.02  ,11.4907   ,50.6587,11.75     ,52.6047,-11.1051  ,0.468771   ,550,127472,59.589 ,9.54529,138.024,0
959 ,50.5615,12.2393   ,50.9536,11.9515    ,51.3618,11.6948  ,51.7583,11.5162   ,52.1563,11.3451   ,52.5882,11.1317   ,52.9888,10.9431    ,53.4058,10.7418   ,53.7911,10.5426   ,54.2032,10.3012     ,54.5821,10.0638   ,54.9296,9.8521    ,50.5615,12.2393   ,51.0883,12.2703    ,51.4849,12.009    ,51.8805,11.8447   ,52.2885,11.7001   ,52.7107,11.4996    ,53.0941,11.3175    ,53.485 ,11.1153   ,53.8529,10.9192    ,54.2647,10.6331   ,54.6437,10.3243   ,54.9296,9.8521    ,54.3918,9.88541   ,54.0188,10.0414   ,53.6183,10.2288    ,53.2123,10.4226   ,52.7626,10.6245   ,52.358 ,10.8176    ,51.9125,11.0413   ,51.5222,11.2353   ,51.1233,11.4413   ,50.7025,11.7159   ,52.6685,-11.0816  ,0.470069   ,561,128842,61.2116,9.42152,142.024,0
960 ,50.7019,12.3      ,51.0047,11.9742    ,51.4373,11.7014  ,51.8221,11.5212   ,52.2084,11.347    ,52.5934,11.1667   ,52.9767,10.9786    ,53.3593,10.7878   ,53.7389,10.5842   ,54.1163,10.3732     ,54.4884,10.1552   ,54.8496,9.93207   ,50.7019,12.3      ,51.1635,12.2323    ,51.5947,12.0032   ,51.9732,11.8392   ,52.3541,11.6875   ,52.7323,11.5219    ,53.1073,11.3411    ,53.4778,11.14     ,53.8436,10.92      ,54.2053,10.6844   ,54.5576,10.4239   ,54.8496,9.93207   ,54.2737,9.97696   ,53.8771,10.1486   ,53.4826,10.331     ,53.0884,10.5143   ,52.6942,10.6979   ,52.3012,10.8876    ,51.9083,11.0773   ,51.5153,11.2668   ,51.1278,11.4798   ,50.7219,11.819    ,52.6863,-11.1023  ,0.470834   ,558,128310,58.953 ,9.40531,143.681,0
961 ,50.6385,12.3674   ,51.0024,11.9796    ,51.3838,11.7401  ,51.7659,11.5727   ,52.203 ,11.3846   ,52.6021,11.1848   ,53.0148,10.9749    ,53.4272,10.7721   ,53.8012,10.5696   ,54.2456,10.3123     ,54.6241,10.0575   ,54.9031,9.79434   ,50.6385,12.3674   ,51.1978,12.2487    ,51.5976,12.0124   ,51.9744,11.8633   ,52.3998,11.6959   ,52.792 ,11.4986    ,53.1841,11.3034    ,53.5788,11.1005   ,53.932 ,10.8788    ,54.3652,10.5936   ,54.7468,10.2864   ,54.9031,9.79434   ,54.3797,9.91991   ,53.9974,10.1095   ,53.5439,10.3304    ,53.1558,10.5051   ,52.726 ,10.7042   ,52.2982,10.9297    ,51.8877,11.1286   ,51.4278,11.3332   ,51.044 ,11.5359   ,50.6843,11.8076   ,52.7039,-11.1109  ,0.475521   ,552,127400,61.6661,9.37234,143.095,0
962 ,50.7454,12.4199   ,51.0112,11.9882    ,51.3566,11.7639  ,51.7881,11.5705   ,52.2142,11.3926   ,52.6155,11.1964   ,53.0048,10.9992    ,53.4581,10.7648   ,53.809 ,10.5775   ,54.2219,10.3428     ,54.6201,10.0557   ,54.8928,9.76537   ,50.7454,12.4199   ,51.2603,12.2186    ,51.5804,12.0188   ,51.9744,11.8649   ,52.3915,11.7226   ,52.7961,11.5295    ,53.1843,11.3371    ,53.6122,11.0816   ,53.9341,10.8911    ,54.3353,10.6342   ,54.7476,10.2775   ,54.8928,9.76537   ,54.3856,9.92237   ,53.9907,10.1247   ,53.566 ,10.3263    ,53.1877,10.5069   ,52.7152,10.7201   ,52.321 ,10.919     ,51.9189,11.1144   ,51.4783,11.3278   ,51.0129,11.5751   ,50.6603,11.8511   ,52.7094,-11.1197  ,0.47752    ,551,127046,61.5634,9.50536,143.095,0
963 ,50.6131,12.2698   ,51.0326,11.969     ,51.3878,11.7518  ,51.7961,11.5738   ,52.2038,11.3989   ,52.6482,11.1833   ,53.047 ,10.9916    ,53.4639,10.7796   ,53.8585,10.5632   ,54.2668,10.3182     ,54.6303,10.0759   ,54.9594,9.81315   ,50.6131,12.2698   ,51.1502,12.2921    ,51.5049,12.0621   ,51.9132,11.8963   ,52.3365,11.7479   ,52.7788,11.5474    ,53.1498,11.3615    ,53.5306,11.1468   ,53.9174,10.9135    ,54.3326,10.6336   ,54.7106,10.3287   ,54.9594,9.81315   ,54.4295,9.90635   ,54.0811,10.0783   ,53.6866,10.2773    ,53.2811,10.4735   ,52.8256,10.6783   ,52.408 ,10.8741    ,51.9561,11.1011   ,51.5598,11.2984   ,51.1562,11.5036   ,50.7924,11.7283   ,52.7159,-11.1255  ,0.477979   ,551,126571,61.4595,9.4263 ,142.267,0
964 ,50.7073,12.4356   ,50.989 ,12.0472    ,51.3547,11.7852  ,51.7714,11.5927   ,52.1943,11.4146   ,52.5573,11.2441   ,52.9633,11.0315    ,53.3836,10.8277   ,53.7317,10.6406   ,54.1441,10.3879     ,54.5196,10.1657   ,54.8839,9.96716   ,50.7073,12.4356   ,51.1692,12.3061    ,51.5381,12.0728   ,51.9582,11.8944   ,52.3752,11.7317   ,52.7175,11.5778    ,53.099 ,11.3866    ,53.4827,11.1909   ,53.8222,10.9882    ,54.2492,10.6951   ,54.6359,10.4136   ,54.8839,9.96716   ,54.2752,9.98554   ,53.9183,10.1571   ,53.5266,10.3575    ,53.1648,10.5237   ,52.7099,10.7346   ,52.2796,10.9695    ,51.8889,11.1507   ,51.4678,11.3402   ,51.0466,11.5691   ,50.6996,11.896    ,52.6892,-11.1522  ,0.476019   ,544,125076,60.2095,9.31159,139.439,0
965 ,50.7516,12.4766   ,50.9767,12.0926    ,51.353 ,11.8166  ,51.7434,11.6356   ,52.1331,11.4646   ,52.5234,11.2708   ,52.9241,11.064     ,53.3072,10.87     ,53.7345,10.6297   ,54.086 ,10.4308     ,54.4822,10.2691   ,54.8995,10.1555   ,50.7516,12.4766   ,51.2052,12.3163    ,51.5808,12.067    ,51.9576,11.911    ,52.3493,11.7626   ,52.746 ,11.5739    ,53.1345,11.3776    ,53.4959,11.1831   ,53.911 ,10.9291    ,54.2393,10.7053   ,54.576 ,10.5029   ,54.8995,10.1555   ,54.2513,10.0791   ,53.8094,10.2219   ,53.4488,10.3936    ,53.0122,10.6132   ,52.599 ,10.8088   ,52.1891,11.0245    ,51.8046,11.2177   ,51.4191,11.4084   ,51.0131,11.6278   ,50.6564,11.9733   ,52.6496,-11.1983  ,0.471466   ,533,123608,59.4258,9.59372,138.61 ,0
966 ,50.6804,12.3879   ,51.0331,12.0538    ,51.3766,11.8296  ,51.726 ,11.6596   ,52.1232,11.4794   ,52.5121,11.298    ,52.9035,11.106     ,53.2521,10.9287   ,53.6537,10.7157   ,54.056 ,10.5013     ,54.4456,10.386    ,54.826 ,10.3361   ,50.6804,12.3879   ,51.2053,12.3534    ,51.5392,12.1345   ,51.863 ,11.9792   ,52.2536,11.8285   ,52.629 ,11.6633    ,52.9864,11.4824    ,53.3153,11.3046   ,53.7138,11.0797    ,54.0993,10.8286   ,54.45  ,10.6574   ,54.826 ,10.3361   ,54.3089,10.1406   ,53.8899,10.2292   ,53.4835,10.4131    ,53.0707,10.6147   ,52.7075,10.7835   ,52.2835,10.9872    ,51.8814,11.1801   ,51.4718,11.392    ,51.099 ,11.593    ,50.7498,11.8367   ,52.6109,-11.2521  ,0.459737   ,529,122340,57.4085,9.31111,135.539,0
967 ,50.7204,12.513    ,50.9674,12.164     ,51.304 ,11.9016  ,51.6978,11.7006   ,52.1042,11.5215   ,52.4895,11.3444   ,52.877 ,11.1418    ,53.23  ,10.9692   ,53.6233,10.7651   ,53.979 ,10.6006     ,54.4106,10.5591   ,54.805 ,10.6494   ,50.7204,12.513    ,51.1511,12.4388    ,51.4803,12.2031   ,51.8497,12.0172   ,52.2392,11.8662   ,52.6209,11.7071    ,52.9815,11.524     ,53.3175,11.3397   ,53.709 ,11.1157    ,54.0257,10.9223   ,54.3735,10.8144   ,54.805 ,10.6494   ,54.3013,10.2948   ,53.8015,10.3222   ,53.4296,10.4758    ,53.0243,10.6544   ,52.6572,10.8189   ,52.2512,11.0351    ,51.8537,11.2261   ,51.4323,11.4355   ,51.0132,11.6743   ,50.6834,11.9918   ,52.5901,-11.3083  ,0.446201   ,525,120787,57.3547,9.51794,133.782,0
968 ,50.7631,12.5334   ,50.9847,12.1515    ,51.2896,11.924   ,51.6573,11.7289   ,52.0241,11.5774   ,52.379 ,11.4185   ,52.7718,11.2195    ,53.1421,11.0323   ,53.4705,10.8719   ,53.8532,10.6857     ,54.2842,10.5774   ,54.6293,10.5914   ,50.7631,12.5334   ,51.2141,12.3971    ,51.4994,12.198    ,51.8379,12.0284   ,52.2054,11.909    ,52.5528,11.7763    ,52.9209,11.5926    ,53.2526,11.4021   ,53.5527,11.2451    ,53.9063,11.035    ,54.3043,10.8677   ,54.6293,10.5914   ,54.1377,10.2983   ,53.6861,10.386    ,53.2809,10.5533    ,52.9218,10.7161   ,52.5232,10.8989   ,52.1056,11.1077    ,51.7399,11.2898   ,51.3711,11.4764   ,50.9749,11.718    ,50.6656,11.9931   ,52.5437,-11.3413  ,0.450236   ,514,118650,54.8566,9.86515,128.953,0
969 ,50.7699,12.4579   ,51.0151,12.1229    ,51.312 ,11.882   ,51.6295,11.7125   ,51.9893,11.5701   ,52.358 ,11.4174   ,52.6674,11.2605    ,53.02  ,11.0783   ,53.3636,10.8962   ,53.6639,10.6909     ,53.9665,10.4948   ,54.2981,10.3207   ,50.7699,12.4579   ,51.2068,12.3744    ,51.5089,12.1764   ,51.8243,12.0231   ,52.1984,11.8986   ,52.5605,11.7723    ,52.8439,11.6364    ,53.172 ,11.4462   ,53.5072,11.2524    ,53.8099,11.0298   ,54.0899,10.786    ,54.2981,10.3207   ,53.7413,10.2632   ,53.4173,10.4235   ,53.1217,10.5991    ,52.7679,10.7588   ,52.3893,10.9392   ,52.0502,11.1111    ,51.677 ,11.2812   ,51.3304,11.4486   ,51.0102,11.6594   ,50.7378,11.9613   ,52.4704,-11.3289  ,0.481057   ,495,115639,51.2443,10.2428,121.296,0
970 ,50.8377,12.4726   ,51.0341,12.1043    ,51.2998,11.8558  ,51.6192,11.6877   ,51.9428,11.5706   ,52.2944,11.4356   ,52.6245,11.2753    ,52.9506,11.0944   ,53.2223,10.8879   ,53.4729,10.6129     ,53.668 ,10.3112   ,53.8221,10.0054   ,50.8377,12.4726   ,51.3076,12.3009    ,51.6062,12.0965   ,51.9151,11.9657   ,52.2525,11.8727   ,52.6234,11.7459    ,52.9558,11.5782    ,53.2907,11.3767   ,53.5576,11.1519    ,53.7837,10.8569   ,53.9282,10.5212   ,53.8221,10.0054   ,53.3515,10.2005   ,53.0845,10.467    ,52.7984,10.7038    ,52.5179,10.8672   ,52.1999,11.0216   ,51.868 ,11.1664    ,51.5282,11.3051   ,51.2134,11.4558   ,50.8949,11.6863   ,50.6906,12.0042   ,52.3757,-11.3106  ,0.530195   ,495,113621,49.3426,11.677 ,117.882,0
971 ,50.8982,12.4991   ,51.0264,12.1609    ,51.2649,11.8954  ,51.5539,11.7281   ,51.9118,11.5728   ,52.2031,11.454    ,52.5399,11.2862    ,52.8222,11.1101   ,53.0903,10.8696   ,53.2336,10.5559     ,53.2843,10.198    ,53.295 ,9.90414   ,50.8982,12.4991   ,51.3419,12.2725    ,51.6803,12.0551   ,51.9833,11.9396   ,52.3622,11.8311   ,52.6724,11.7253    ,53.0118,11.5379    ,53.3113,11.3141   ,53.5595,11.0187    ,53.6382,10.6699   ,53.6021,10.2789   ,53.295 ,9.90414   ,52.9586,10.2321   ,52.7949,10.5593   ,52.5564,10.803     ,52.2428,10.9653   ,51.9712,11.0894   ,51.6384,11.2238    ,51.3606,11.3539   ,51.0231,11.5682   ,50.7644,11.8007   ,50.6673,12.1364   ,52.2964,-11.2909  ,0.587832   ,488,112181,47.045 ,14.0937,113.64 ,0
972 ,50.8328,12.4487   ,51.0278,12.1255    ,51.2461,11.898   ,51.567 ,11.7055   ,51.8627,11.5746   ,52.15  ,11.4557   ,52.4516,11.3152    ,52.7542,11.0933   ,52.9697,10.845    ,53.0865,10.5425     ,53.0175,10.2205   ,52.8672,9.9294    ,50.8328,12.4487   ,51.319 ,12.2686    ,51.6227,12.0659   ,51.9915,11.9232   ,52.3195,11.822    ,52.6486,11.7003    ,52.9798,11.5305    ,53.2925,11.2329   ,53.4785,10.8879    ,53.5382,10.5234   ,53.3833,10.1893   ,52.8672,9.9294    ,52.6879,10.3422   ,52.6237,10.6526   ,52.4072,10.8801    ,52.1459,11.017    ,51.8405,11.1437   ,51.5598,11.2504    ,51.3059,11.3676   ,51.0473,11.5364   ,50.7865,11.7978   ,50.6807,12.0647   ,52.2346,-11.2721  ,0.6259     ,478,111568,45.7895,14.7558,113.296,0
973 ,50.8913,12.4795   ,51.0577,12.1463    ,51.2801,11.89    ,51.5974,11.7088   ,51.9239,11.5637   ,52.2274,11.4      ,52.5255,11.1904    ,52.7542,10.9455   ,52.8928,10.6366   ,52.8582,10.2575     ,52.6453,9.99601   ,52.406 ,9.77736   ,50.8913,12.4795   ,51.3821,12.2145    ,51.7339,11.9882   ,52.1214,11.867    ,52.5132,11.7587   ,52.8647,11.5704    ,53.2052,11.2694    ,53.4227,10.8897   ,53.4345,10.4451    ,53.2053,10.051    ,52.8971,9.86355   ,52.406 ,9.77736   ,52.4634,10.1996   ,52.5483,10.5454   ,52.3329,10.9086    ,52.0324,11.0749   ,51.765 ,11.1763   ,51.5033,11.282     ,51.2456,11.4102   ,50.9776,11.5954   ,50.7484,11.8558   ,50.688 ,12.1587   ,52.2242,-11.1916  ,0.702066   ,494,115225,47.5576,17.6999,119.539,0
974 ,50.8347,12.4057   ,51.0402,12.0934    ,51.2933,11.8428  ,51.6067,11.6617   ,51.9825,11.5001   ,52.3006,11.3288   ,52.5879,11.1091    ,52.8088,10.8259   ,52.8547,10.4924   ,52.6937,10.1682     ,52.4357,9.89275   ,52.1752,9.69493   ,50.8347,12.4057   ,51.3135,12.235     ,51.6435,12.021    ,52.0151,11.8845   ,52.4629,11.7555   ,52.8434,11.5394    ,53.1771,11.2063    ,53.367 ,10.766    ,53.2822,10.3215    ,53.0138,9.98071   ,52.6679,9.74595   ,52.1752,9.69493   ,52.28  ,10.1101   ,52.438 ,10.4449   ,52.4419,10.7548    ,52.2114,10.96     ,51.9248,11.0787   ,51.6687,11.1735    ,51.4092,11.2858   ,51.1053,11.4834   ,50.8604,11.728    ,50.7111,12.0306   ,52.1746,-11.1382  ,0.768125   ,498,116469,49.1358,15.4375,122.368,0
975 ,50.8312,12.3954   ,51.068 ,12.0503    ,51.3416,11.7861  ,51.6723,11.6088   ,51.9977,11.4762   ,52.3539,11.2953   ,52.618 ,11.0863    ,52.802 ,10.7306   ,52.7793,10.3685   ,52.5412,10.0488     ,52.292 ,9.8346    ,51.9736,9.64508   ,50.8312,12.3954   ,51.3378,12.2082    ,51.6664,11.9857   ,52.05  ,11.8597   ,52.4393,11.7399   ,52.8583,11.512     ,53.132 ,11.2263    ,53.2406,10.7241   ,53.1319,10.2355    ,52.8191,9.85842   ,52.509 ,9.65906   ,51.9736,9.64508   ,52.1576,10.0748   ,52.3442,10.3213   ,52.4645,10.6035    ,52.3351,10.8372   ,52.0392,11.0169   ,51.7628,11.129     ,51.4651,11.2503   ,51.1991,11.4003   ,50.9286,11.651    ,50.7353,11.9785   ,52.1326,-11.0931  ,0.830186   ,502,116995,50.8346,14.2326,122.125,0
976 ,50.8275,12.3886   ,51.0675,12.0685    ,51.3363,11.8032  ,51.654 ,11.6103   ,51.983 ,11.4624   ,52.3283,11.2741   ,52.601 ,11.0201    ,52.7549,10.6764   ,52.6886,10.3363   ,52.4599,10.0088     ,52.2292,9.75194   ,51.968 ,9.50736   ,50.8275,12.3886   ,51.3224,12.223     ,51.6679,11.9945   ,52.0386,11.8528   ,52.4244,11.7242   ,52.8266,11.4745    ,53.0957,11.1308    ,53.2043,10.7168   ,53.1148,10.3299    ,52.8377,9.9514    ,52.5259,9.66466   ,51.968 ,9.50736   ,52.0076,9.9202    ,52.1577,10.157    ,52.3067,10.4392    ,52.2888,10.7302   ,52.0478,10.9823   ,51.7502,11.1262    ,51.4491,11.2423   ,51.1756,11.4145   ,50.9198,11.6795   ,50.7493,11.9955   ,52.0891,-11.0611  ,0.890966   ,501,116601,50.5413,13.8744,122.368,0
977 ,50.8432,12.3878   ,51.0475,12.0155    ,51.3631,11.7399  ,51.6934,11.5818   ,52.0744,11.3953   ,52.3834,11.177    ,52.6195,10.903     ,52.7078,10.5009   ,52.5511,10.1074   ,52.3031,9.80278     ,52.0276,9.5243    ,51.7619,9.31289   ,50.8432,12.3878   ,51.36  ,12.1688    ,51.7669,11.9166   ,52.1312,11.8112   ,52.5584,11.6415   ,52.8987,11.3332    ,53.1193,10.9307    ,53.1334,10.434    ,52.921 ,10.0213    ,52.6219,9.69598   ,52.2567,9.4051    ,51.7619,9.31289   ,51.8891,9.7301    ,52.0734,10.0077   ,52.2501,10.3005    ,52.2884,10.6869   ,52.0576,10.9765   ,51.7707,11.1006    ,51.4837,11.211    ,51.1438,11.4005   ,50.8557,11.6261   ,50.6667,11.9593   ,52.07  ,-10.9816  ,0.975676   ,519,119966,53.3835,14.1979,127.782,0
978 ,50.8497,12.3886   ,51.0368,11.9908    ,51.3269,11.7324  ,51.7043,11.5621   ,52.0793,11.3868   ,52.4139,11.1438   ,52.6169,10.8579    ,52.6857,10.4645   ,52.527 ,10.0826   ,52.2755,9.7469      ,52.0207,9.41467   ,51.7875,9.15279   ,50.8497,12.3886   ,51.342 ,12.1403    ,51.6952,11.9061   ,52.1304,11.7889   ,52.5744,11.6127   ,52.9417,11.276     ,53.11  ,10.9054    ,53.1164,10.4679   ,52.9252,10.0517    ,52.6224,9.6777    ,52.281 ,9.34355   ,51.7875,9.15279   ,51.8331,9.58247   ,52.0021,9.90805   ,52.1934,10.2163    ,52.2657,10.5766   ,52.0705,10.9155   ,51.7997,11.0916    ,51.481 ,11.2176   ,51.1678,11.3805   ,50.8597,11.6167   ,50.6748,11.9349   ,52.0582,-10.9201  ,1.04276    ,526,121895,54.4797,14.2589,130.368,0
979 ,50.7652,12.3179   ,51.0271,11.9396    ,51.3274,11.6917  ,51.6689,11.5181   ,52.0422,11.3516   ,52.3693,11.1225   ,52.5798,10.7575    ,52.5881,10.3792   ,52.4269,9.98972   ,52.2223,9.6614      ,52.0308,9.31442   ,51.8463,8.9882    ,50.7652,12.3179   ,51.3066,12.1287    ,51.6977,11.9008   ,52.0811,11.7679   ,52.4805,11.6209   ,52.8039,11.3303    ,52.974 ,10.869     ,52.971 ,10.403    ,52.8197,9.95163    ,52.5804,9.60803   ,52.3139,9.26225   ,51.8463,8.9882    ,51.8057,9.47995   ,51.9344,9.82895   ,52.0947,10.133     ,52.2268,10.4786   ,52.1482,10.7673   ,51.8509,10.9948    ,51.5015,11.132    ,51.1437,11.3193   ,50.847 ,11.5529   ,50.6654,11.8482   ,52.004 ,-10.8641  ,1.08338    ,526,122313,54.3986,13.4204,129.539,0
980 ,50.7328,12.3339   ,50.9685,11.9504    ,51.2499,11.7008  ,51.6369,11.5096   ,52.0063,11.3539   ,52.2936,11.1496   ,52.5083,10.7617    ,52.5133,10.3586   ,52.4037,10.0068   ,52.2094,9.64307     ,52.0251,9.29993   ,51.8517,8.95208   ,50.7328,12.3339   ,51.2537,12.1328    ,51.5685,11.9119   ,51.9909,11.7721   ,52.3931,11.6248   ,52.6798,11.3898    ,52.8787,10.9481    ,52.9009,10.463    ,52.8206,10.0353    ,52.6086,9.64342   ,52.3505,9.2847    ,51.8517,8.95208   ,51.7592,9.4316    ,51.871 ,9.7513    ,52.0329,10.0848    ,52.1451,10.3859   ,52.1027,10.7036   ,51.8196,10.994     ,51.5168,11.1316   ,51.1726,11.2932   ,50.8271,11.561    ,50.608 ,11.8638   ,51.9563,-10.8307  ,1.10243    ,524,122201,54.3561,12.3324,130.125,0
981 ,50.6581,12.2684   ,50.9521,11.9611    ,51.2835,11.6745  ,51.6543,11.4938   ,52.012 ,11.3538   ,52.3632,11.1074   ,52.5209,10.727     ,52.5108,10.3287   ,52.3867,9.93649   ,52.1987,9.54442     ,52.0449,9.14126   ,51.926 ,8.809     ,50.6581,12.2684   ,51.1626,12.1954    ,51.5409,11.9314   ,51.9494,11.7831   ,52.3498,11.6472   ,52.7209,11.3358    ,52.8871,10.8696    ,52.8934,10.3824   ,52.7753,9.91796    ,52.561 ,9.51807   ,52.3225,9.12914   ,51.926 ,8.809     ,51.8069,9.27141   ,51.8826,9.67674   ,52.0434,10.0532    ,52.1464,10.4048   ,52.1341,10.712    ,51.9309,10.9594    ,51.5755,11.1031   ,51.2527,11.2468   ,50.9254,11.4862   ,50.6567,11.8189   ,51.9664,-10.7767  ,1.14243    ,536,125197,55.7757,11.6069,133.64 ,0
982 ,50.7157,12.3197   ,50.9663,11.965     ,51.2858,11.6813  ,51.6602,11.499    ,52.0631,11.3198   ,52.3847,11.0234   ,52.5219,10.6326    ,52.4794,10.1937   ,52.3381,9.81842   ,52.1814,9.42951     ,52.0424,9.00551   ,51.9305,8.65867   ,50.7157,12.3197   ,51.219 ,12.1591    ,51.5827,11.9072   ,52.0019,11.7691   ,52.4492,11.5864   ,52.7624,11.2355    ,52.887 ,10.7908    ,52.8693,10.2592   ,52.732 ,9.82715    ,52.537 ,9.42295   ,52.3125,9.00509   ,51.9305,8.65867   ,51.8083,9.12744   ,51.8691,9.55342   ,51.9892,9.91327    ,52.1179,10.2472   ,52.1411,10.5997   ,51.9416,10.9024    ,51.5814,11.1054   ,51.2115,11.273    ,50.8877,11.5225   ,50.6396,11.8647   ,51.9694,-10.725   ,1.17946    ,547,127665,57.1244,12.1688,135.882,0
983 ,50.6474,12.2026   ,50.9504,11.9176    ,51.3038,11.6558  ,51.6928,11.4664   ,52.0619,11.2541   ,52.3432,10.9299   ,52.4666,10.5589    ,52.4322,10.1308   ,52.3186,9.76889   ,52.1752,9.36234     ,52.0427,8.93228   ,51.9134,8.57894   ,50.6474,12.2026   ,51.2169,12.1184    ,51.6603,11.871    ,52.1032,11.7143   ,52.5159,11.4658   ,52.7925,11.0571    ,52.8904,10.643     ,52.8387,10.1939   ,52.7079,9.79754    ,52.5313,9.37159   ,52.3226,8.95882   ,51.9134,8.57894   ,51.7956,9.01584   ,51.854 ,9.45584   ,51.9647,9.84233    ,52.0503,10.1729   ,52.0255,10.5845   ,51.8381,10.8984    ,51.5207,11.1059   ,51.1858,11.2636   ,50.8528,11.496    ,50.6048,11.7925   ,51.9549,-10.684   ,1.18901    ,550,127918,56.6418,12.9787,135.054,0
984 ,50.6512,12.124    ,50.9618,11.8556    ,51.3167,11.615   ,51.7133,11.4307   ,52.0304,11.2263   ,52.2893,10.8816   ,52.3872,10.4712    ,52.3498,10.0517   ,52.24  ,9.6778    ,52.117 ,9.30879     ,51.9983,8.9195    ,51.8353,8.55257   ,50.6512,12.124    ,51.2057,12.0607    ,51.6377,11.8531   ,52.1084,11.6815   ,52.483 ,11.4206   ,52.7383,11.0109    ,52.8107,10.5584    ,52.7517,10.089    ,52.6181,9.68659    ,52.4678,9.30641   ,52.2971,8.90596   ,51.8353,8.55257   ,51.7323,9.04318   ,51.8012,9.41962   ,51.8964,9.7731     ,51.9716,10.1276   ,51.9534,10.5088   ,51.7906,10.8541    ,51.495 ,11.1002   ,51.2199,11.2279   ,50.9004,11.4272   ,50.6376,11.7202   ,51.9311,-10.6133  ,1.23058    ,544,126228,55.5897,12.7392,130.811,0
985 ,50.6711,12.0136   ,51.0306,11.7482    ,51.4089,11.542   ,51.747 ,11.3972   ,52.1055,11.176    ,52.325 ,10.7949   ,52.3668,10.4194    ,52.3114,9.98885   ,52.18  ,9.56238   ,52.0596,9.17917     ,51.9497,8.7911    ,51.8007,8.43496   ,50.6711,12.0136   ,51.2528,11.9932    ,51.7142,11.8225   ,52.1014,11.6785   ,52.4985,11.4134   ,52.7081,10.9587    ,52.7394,10.4981    ,52.6868,9.96768   ,52.5358,9.49504    ,52.3769,9.10521   ,52.2037,8.7217    ,51.8007,8.43496   ,51.7258,8.9664    ,51.7763,9.3658    ,51.8589,9.73448    ,51.9615,10.1256   ,51.9936,10.4701   ,51.9077,10.7449    ,51.6328,11.0087   ,51.2967,11.1587   ,51.0071,11.305    ,50.7184,11.5663   ,51.9071,-10.5704  ,1.25331    ,545,126445,56.0938,11.7483,133.983,0
986 ,50.5714,11.9335   ,50.9624,11.7219    ,51.3351,11.5575  ,51.7099,11.4016   ,52.0512,11.1445   ,52.245 ,10.7978   ,52.3111,10.3532    ,52.2856,9.9745    ,52.1838,9.52849   ,52.077 ,9.15899     ,51.962 ,8.7459    ,51.8329,8.39194   ,50.5714,11.9335   ,51.169 ,11.982     ,51.6308,11.8403   ,52.0943,11.6632   ,52.5034,11.3302   ,52.7032,10.9235    ,52.7398,10.413     ,52.6863,9.98349   ,52.5477,9.50809    ,52.4032,9.14238   ,52.2248,8.74561   ,51.8329,8.39194   ,51.7267,8.84698   ,51.7807,9.28115   ,51.8502,9.65514    ,51.9018,10.0858   ,51.8774,10.4252   ,51.7476,10.7859    ,51.5231,11.0383   ,51.2337,11.1871   ,50.9443,11.3094   ,50.6669,11.5119   ,51.8985,-10.5428  ,1.24685    ,549,127187,56.099 ,12.5447,130.569,0
987 ,50.5466,11.8135   ,50.9473,11.6755    ,51.3561,11.528   ,51.734 ,11.3446   ,52.0373,11.0859   ,52.2447,10.6758   ,52.2891,10.3046    ,52.2564,9.86133   ,52.1732,9.45517   ,52.0696,9.08347     ,51.9599,8.65829   ,51.8334,8.28741   ,50.5466,11.8135   ,51.095 ,11.9529    ,51.6107,11.8444   ,52.043 ,11.6464   ,52.3962,11.3534   ,52.6264,10.8778    ,52.6671,10.4237    ,52.6333,9.87935   ,52.534 ,9.42865    ,52.39  ,9.0751    ,52.2151,8.67351   ,51.8334,8.28741   ,51.7323,8.74776   ,51.7784,9.19719   ,51.8402,9.59206    ,51.8967,9.96674   ,51.9073,10.3132   ,51.8314,10.5889    ,51.6012,10.9043   ,51.3313,11.0995   ,51.0039,11.249    ,50.697 ,11.4362   ,51.872 ,-10.4874  ,1.25735    ,544,124527,56.4124,11.1987,130.326,0
988 ,50.4599,11.7431   ,50.8821,11.6351    ,51.2857,11.5102  ,51.6664,11.3447   ,51.961 ,11.1134   ,52.1646,10.7641   ,52.219 ,10.3281    ,52.1971,9.95001   ,52.1365,9.50218   ,52.0688,9.13813     ,51.9833,8.73804   ,51.8517,8.35639   ,50.4599,11.7431   ,51.0383,11.925     ,51.5386,11.824    ,51.9866,11.618    ,52.3403,11.3059   ,52.5727,10.8752    ,52.6202,10.3762    ,52.5816,9.9464    ,52.4976,9.4666     ,52.3982,9.11672   ,52.2557,8.74849   ,51.8517,8.35639   ,51.7363,8.83845   ,51.7631,9.27759   ,51.7955,9.66389    ,51.8249,10.0823   ,51.817 ,10.3989   ,51.7237,10.7495    ,51.5075,10.9962   ,51.2535,11.1233   ,50.9338,11.2283   ,50.6266,11.3768   ,51.8309,-10.4785  ,1.23879    ,527,122597,55.4345,10.897 ,128.326,0
989 ,50.443 ,11.5897   ,50.8541,11.5939    ,51.249 ,11.5219  ,51.6502,11.3407   ,51.949 ,11.0555   ,52.1044,10.724    ,52.1594,10.2758    ,52.1467,9.91897   ,52.1033,9.50869   ,52.0401,9.06377     ,51.9799,8.707     ,51.8894,8.31756   ,50.443 ,11.5897   ,50.9641,11.8767    ,51.4712,11.8414   ,51.9562,11.6241   ,52.3199,11.2626   ,52.5148,10.8692    ,52.5769,10.3614    ,52.5495,9.97099   ,52.4739,9.54143    ,52.3617,9.09582   ,52.2359,8.75227   ,51.8894,8.31756   ,51.7411,8.75992   ,51.7352,9.13879   ,51.747 ,9.59149    ,51.7523,9.98584   ,51.7387,10.3076   ,51.664 ,10.6819    ,51.5145,10.9312   ,51.2601,11.1123   ,50.9305,11.2269   ,50.6461,11.3221   ,51.7966,-10.4478  ,1.24926    ,532,122776,54.9539,10.6844,126.669,0
990 ,50.4379,11.5776   ,50.8474,11.5891    ,51.2765,11.4984  ,51.6456,11.3261   ,51.93  ,11.0739   ,52.1149,10.6938   ,52.1516,10.2862    ,52.1221,9.88887   ,52.0753,9.47593   ,52.0274,9.07169     ,51.9744,8.64045   ,51.8943,8.28462   ,50.4379,11.5776   ,50.9519,11.8706    ,51.5071,11.8085   ,51.9393,11.6021   ,52.2768,11.2914   ,52.5072,10.849     ,52.5584,10.3951    ,52.5115,9.96496   ,52.4318,9.53144    ,52.34  ,9.12623   ,52.2158,8.69703   ,51.8943,8.28462   ,51.7466,8.68647   ,51.7283,9.13026   ,51.7325,9.53835    ,51.7443,9.9298    ,51.7464,10.2848   ,51.6981,10.6326    ,51.5213,10.9289   ,51.2738,11.0992   ,50.9562,11.2155   ,50.6452,11.3195   ,51.7801,-10.4326  ,1.25727    ,526,123457,55.2885,10.2774,127.497,0
991 ,50.4354,11.5568   ,50.8429,11.5809    ,51.2687,11.5002  ,51.6321,11.3355   ,51.9415,11.0558   ,52.1173,10.6786   ,52.1508,10.236     ,52.1149,9.88048   ,52.0511,9.45464   ,51.9859,9.04551     ,51.927 ,8.61429   ,51.8601,8.2537    ,50.4354,11.5568   ,50.8984,11.8682    ,51.4373,11.8269   ,51.8613,11.6529   ,52.232 ,11.3453   ,52.4783,10.9309    ,52.5572,10.4432    ,52.5262,10.0575   ,52.4445,9.59417    ,52.3457,9.15854   ,52.2174,8.70402   ,51.8601,8.2537    ,51.6488,8.62659   ,51.6436,9.04635   ,51.6767,9.43564    ,51.7191,9.82501   ,51.7482,10.1429   ,51.7302,10.5296    ,51.584 ,10.8488   ,51.3178,11.0705   ,50.9994,11.202    ,50.6793,11.3038   ,51.7762,-10.3977  ,1.27662    ,537,124277,55.7158,10.5836,129.497,0
992 ,50.526 ,11.7112   ,50.9389,11.5929    ,51.3528,11.4411  ,51.6792,11.2491   ,51.9383,10.9738   ,52.1173,10.5672   ,52.1431,10.2069    ,52.113 ,9.77393   ,52.0579,9.41474   ,52.0077,8.98396     ,51.9846,8.62673   ,51.9641,8.2321    ,50.526 ,11.7112   ,51.0335,11.8803    ,51.5065,11.775    ,51.8847,11.5935   ,52.2059,11.3138   ,52.4593,10.8819    ,52.5322,10.4865    ,52.5196,10.0075   ,52.4522,9.61083    ,52.3543,9.13648   ,52.2691,8.74132   ,51.9641,8.2321    ,51.7048,8.65242   ,51.6751,8.97487   ,51.6806,9.36265    ,51.7243,9.68432   ,51.7519,10.0716   ,51.7376,10.3943    ,51.5822,10.7553   ,51.3513,10.9952   ,51.0598,11.1632   ,50.7117,11.3517   ,51.7942,-10.3606  ,1.27793    ,546,127024,54.2771,10.838 ,133.74 ,0
993 ,50.5321,11.7112   ,50.9452,11.5915    ,51.3591,11.4413  ,51.6855,11.2469   ,51.9842,10.9034   ,52.1314,10.487    ,52.1393,10.1249    ,52.1037,9.69073   ,52.0549,9.25748   ,52.0143,8.82503     ,52.0127,8.46499   ,52.0017,8.0563    ,50.5321,11.7112   ,51.0359,11.8801    ,51.5095,11.7804   ,51.8873,11.5983   ,52.2648,11.2511   ,52.4921,10.806     ,52.5356,10.4085    ,52.5072,9.92993   ,52.4277,9.45393    ,52.336 ,8.97909   ,52.2684,8.58256   ,52.0017,8.0563    ,51.7538,8.49119   ,51.706 ,8.81494   ,51.6945,9.20558    ,51.7173,9.596     ,51.7484,9.98625   ,51.7498,10.3119    ,51.6249,10.6846   ,51.3614,10.9873   ,51.0689,11.159    ,50.7213,11.3495   ,51.808 ,-10.3063  ,1.2967     ,560,129475,56.366 ,10.9559,136.912,0
994 ,50.526 ,11.7112   ,50.9426,11.588     ,51.3593,11.4405  ,51.6863,11.2464   ,51.9824,10.9012   ,52.1254,10.4834   ,52.136 ,10.1209    ,52.0999,9.68612   ,52.0574,9.25179   ,52.0291,8.81796     ,52.0281,8.45695   ,52.0077,8.04987   ,50.526 ,11.7112   ,51.036 ,11.8737    ,51.51  ,11.7738   ,51.889 ,11.5971   ,52.2614,11.247    ,52.4841,10.8005    ,52.5296,10.4022    ,52.5   ,9.92316   ,52.4327,9.44574    ,52.3533,8.96924   ,52.298 ,8.57135   ,52.0077,8.04987   ,51.7557,8.48656   ,51.7125,8.81138   ,51.6945,9.20261    ,51.7171,9.59376   ,51.7483,9.98473   ,51.7499,10.311     ,51.625 ,10.6844   ,51.361 ,10.9877   ,51.0681,11.1595   ,50.7157,11.349    ,51.8104,-10.2803  ,1.29722    ,565,131056,56.4609,10.865 ,137.74 ,0
995 ,50.5509,11.6985   ,50.9734,11.5837    ,51.391 ,11.4247  ,51.7114,11.2228   ,51.9963,10.8719   ,52.1155,10.5237   ,52.1305,10.0896    ,52.0974,9.65542   ,52.0602,9.22162   ,52.0412,8.86053     ,52.0338,8.42757   ,52.0333,8.03802   ,50.5509,11.6985   ,51.0465,11.8738    ,51.5169,11.7781   ,51.8936,11.594    ,52.2641,11.2432   ,52.4565,10.874     ,52.5232,10.3982    ,52.4999,9.91971   ,52.4386,9.44286    ,52.3777,9.04605   ,52.3039,8.56993   ,52.0333,8.03802   ,51.758 ,8.42996   ,51.7119,8.81944   ,51.6945,9.14491    ,51.7126,9.53553   ,51.7433,9.92589   ,51.7495,10.3167    ,51.6536,10.63     ,51.4103,10.9475   ,51.1264,11.1323   ,50.7681,11.3389   ,51.8189,-10.265   ,1.30568    ,564,131177,56.2001,11.1821,136.083,0
996 ,50.5573,11.692    ,50.976 ,11.5858    ,51.3936,11.4266  ,51.7127,11.2215   ,51.9969,10.8704   ,52.1186,10.5229   ,52.1336,10.0891    ,52.0974,9.65533   ,52.0635,9.22158   ,52.0474,8.86048     ,52.0406,8.4281    ,52.0394,8.03802   ,50.5573,11.692    ,51.0483,11.88      ,51.5187,11.7838   ,51.8939,11.5935   ,52.2643,11.243    ,52.4623,10.8751    ,52.5296,10.3993    ,52.4997,9.92133   ,52.4449,9.44417    ,52.3904,9.04706   ,52.3168,8.571     ,52.0394,8.03802   ,51.7644,8.42955   ,51.712 ,8.81829   ,51.6945,9.14344    ,51.7125,9.53368   ,51.7431,9.92365   ,51.7497,10.3141    ,51.6549,10.6273   ,51.4129,10.9452   ,51.1298,11.1305   ,50.7726,11.3348   ,51.8239,-10.2643  ,1.30569    ,566,131684,56.1182,11.2731,135.497,0
997 ,50.6013,11.7112   ,51.0191,11.5775    ,51.4371,11.4064  ,51.753 ,11.1871   ,52.0231,10.8213   ,52.1313,10.3916   ,52.1317,10.0258    ,52.0899,9.58743   ,52.0618,9.149     ,52.0506,8.71106     ,52.0496,8.34727   ,52.0455,7.93078   ,50.6013,11.7112   ,51.1137,11.8749    ,51.5867,11.759    ,51.9564,11.5501   ,52.308 ,11.1784   ,52.4986,10.7217    ,52.5292,10.3219    ,52.4874,9.84242   ,52.4326,9.36328    ,52.3715,8.8845    ,52.3103,8.48612   ,52.0455,7.93078   ,51.786 ,8.35373   ,51.7316,8.68325   ,51.6981,9.08066    ,51.7082,9.47848   ,51.7394,9.87601   ,51.7519,10.2076    ,51.6697,10.5964   ,51.4332,10.9266   ,51.1487,11.1206   ,50.7914,11.3325   ,51.8337,-10.2252  ,1.31948    ,572,133336,56.9933,11.1237,136.669,0
998 ,50.6636,11.7177   ,51.086 ,11.5536    ,51.4254,11.3862  ,51.7893,11.1105   ,52.0043,10.7965   ,52.1258,10.3724   ,52.128 ,9.93639    ,52.0972,9.57338   ,52.0743,9.13778   ,52.0635,8.70307     ,52.0675,8.26987   ,52.0581,7.92434   ,50.6636,11.7177   ,51.1899,11.8377    ,51.5809,11.7233   ,52.0049,11.4743   ,52.2831,11.1612   ,52.486 ,10.71      ,52.5291,10.2319    ,52.5049,9.83299   ,52.4502,9.3551     ,52.3832,8.87792   ,52.3097,8.40111   ,52.0581,7.92434   ,51.8212,8.28285   ,51.7461,8.67289   ,51.7056,9.06546    ,51.7067,9.45875   ,51.7323,9.78636   ,51.7521,10.1797    ,51.6561,10.566    ,51.4647,10.8536   ,51.1349,11.1199   ,50.8489,11.3286   ,51.8504,-10.1828  ,1.32217    ,561,130442,56.0433,11.197 ,136.326,0
999 ,50.7822,11.7527   ,51.1609,11.5422    ,51.4963,11.3116  ,51.8266,11.017    ,52.0626,10.6643   ,52.1517,10.298    ,52.169 ,9.8484     ,52.1504,9.44981   ,52.1256,9.01736   ,52.1052,8.63871     ,52.0774,8.21191   ,52.0014,7.81674   ,50.7822,11.7527   ,51.3637,11.8109    ,51.7481,11.6068   ,52.1208,11.2955   ,52.4107,10.9073   ,52.5377,10.5177    ,52.5743,10.0566    ,52.548 ,9.6605    ,52.4924,9.20449    ,52.4328,8.79147   ,52.3368,8.30443   ,52.0014,7.81674   ,51.8274,8.23678   ,51.7843,8.6117    ,51.7659,8.95624    ,51.7599,9.35709   ,51.7656,9.75197   ,51.751 ,10.1887    ,51.6718,10.5165   ,51.4558,10.8192   ,51.1588,11.0803   ,50.8776,11.3249   ,51.903 ,-10.1058  ,1.32979    ,539,125073,56.2796,10.5989,129.74 ,0
1000,51.0403,11.6732   ,51.3502,11.425     ,51.637 ,11.1457  ,51.8876,10.8356   ,52.0607,10.4946   ,52.1503,10.0832   ,52.1776,9.72821    ,52.1824,9.29573   ,52.1738,8.93281   ,52.1566,8.53757     ,52.1373,8.13504   ,52.1029,7.78615   ,51.0403,11.6732   ,51.5872,11.6245    ,51.9541,11.3779   ,52.2414,11.0709   ,52.4362,10.7365   ,52.5382,10.3295    ,52.565 ,9.96143    ,52.556 ,9.49966   ,52.5233,9.10722    ,52.4637,8.67519   ,52.372 ,8.22896   ,52.1029,7.78615   ,51.9068,8.13553   ,51.8548,8.50799   ,51.828 ,8.87712    ,51.8101,9.21515   ,51.7847,9.61694   ,51.7475,9.94853    ,51.6515,10.3441   ,51.4784,10.6802   ,51.2498,10.9875   ,51.0429,11.2888   ,51.9407,-10.0272  ,1.33384    ,519,121245,52.8161,10.7645,123.255,0
1001,51.0165,11.7734   ,51.2997,11.4647    ,51.5722,11.1448  ,51.8057,10.8608   ,52.0228,10.5266   ,52.1285,10.1676   ,52.1741,9.72098    ,52.1849,9.3751    ,52.1821,8.96975   ,52.1656,8.5944      ,52.1364,8.19411   ,52.0801,7.81067   ,51.0165,11.7734   ,51.55  ,11.6659    ,51.8836,11.3699   ,52.14  ,11.0789   ,52.3909,10.7132   ,52.5208,10.3269    ,52.5713,9.84957    ,52.5743,9.47602   ,52.5472,9.04129    ,52.4892,8.65325   ,52.3857,8.24617   ,52.0801,7.81067   ,51.8962,8.25176   ,51.8492,8.65615   ,51.82  ,9.02955    ,51.7932,9.41308   ,51.7689,9.72785   ,51.7152,10.1226    ,51.6107,10.4285   ,51.4072,10.7242   ,51.192 ,11.0001   ,50.9839,11.3415   ,51.9439,-10.0012  ,1.32192    ,514,119234,53.355 ,10.1931,123.497,0
1002,50.9803,11.7711   ,51.2779,11.4723    ,51.5652,11.1524  ,51.7877,10.8745   ,51.9971,10.5162   ,52.1123,10.1125   ,52.1561,9.74041    ,52.1724,9.32873   ,52.1698,8.91726   ,52.1569,8.52763     ,52.141 ,8.11236   ,52.1233,7.73851   ,50.9803,11.7711   ,51.5136,11.6606    ,51.8951,11.3427   ,52.1593,11.0407   ,52.3837,10.6504   ,52.507 ,10.2307    ,52.5543,9.84626    ,52.5623,9.4204    ,52.5341,8.99897    ,52.4785,8.60758   ,52.3911,8.18991   ,52.1233,7.73851   ,51.8947,8.14677   ,51.8404,8.57371   ,51.8082,8.97031    ,51.7801,9.37626   ,51.7475,9.76605   ,51.6968,10.1067    ,51.5704,10.4723   ,51.3483,10.7996   ,51.154 ,11.0558   ,50.9636,11.3684   ,51.9324,-9.9778   ,1.32858    ,520,119750,54.2591,10.3761,125.74 ,0
1003,51.0257,11.7106   ,51.3198,11.4187    ,51.5869,11.104   ,51.8194,10.7845   ,51.9886,10.4425   ,52.0741,10.057    ,52.113 ,9.64276    ,52.1293,9.26267   ,52.1351,8.87876   ,52.132 ,8.45028     ,52.1207,8.0803    ,52.0843,7.7119    ,51.0257,11.7106   ,51.5594,11.6711    ,51.8562,11.3902   ,52.1083,11.0609   ,52.3222,10.7112   ,52.4387,10.3286    ,52.4865,9.88616    ,52.4988,9.46509   ,52.4918,9.03783    ,52.4573,8.56446   ,52.3899,8.16066   ,52.0843,7.7119    ,51.8563,8.11444   ,51.809 ,8.47133   ,51.7774,8.87126    ,51.7551,9.21458   ,51.7298,9.54595   ,51.6911,9.90936    ,51.6214,10.267    ,51.4781,10.5884   ,51.2531,10.8969   ,51.0136,11.2418   ,51.9061,-9.94267  ,1.33433    ,520,121610,53.4604,10.5118,124.426,0
1004,51.054 ,11.8116   ,51.327 ,11.4281    ,51.5637,11.1232  ,51.812 ,10.7879   ,51.994 ,10.4148   ,52.06  ,10.0567   ,52.0902,9.6166     ,52.0999,9.22247   ,52.1017,8.83583   ,52.0994,8.40926     ,52.0932,7.98846   ,52.0794,7.60729   ,51.054 ,11.8116   ,51.568 ,11.5903    ,51.8784,11.2934   ,52.1738,10.9319   ,52.3824,10.5366   ,52.46  ,10.1868    ,52.491 ,9.74593    ,52.4922,9.34126   ,52.4755,8.93881    ,52.4352,8.48784   ,52.3551,8.03378   ,52.0794,7.60729   ,51.8334,8.05108   ,51.7648,8.46553   ,51.7279,8.88399    ,51.7052,9.26188   ,51.6828,9.64161   ,51.644 ,10.0592    ,51.5733,10.3944   ,51.3875,10.7354   ,51.1702,11.0542   ,51.0119,11.3649   ,51.9005,-9.86645  ,1.35045    ,532,123195,55.2741,10.1291,129.74 ,0
1005,51.0689,11.7678   ,51.3143,11.4374    ,51.5971,11.0828  ,51.8121,10.7951   ,51.9931,10.4116   ,52.057 ,10.0456   ,52.0865,9.59924    ,52.0975,9.19969   ,52.1037,8.80728   ,52.1141,8.37704     ,52.1388,8.01197   ,52.1939,7.6259    ,51.0689,11.7678   ,51.5304,11.6165    ,51.9006,11.2755   ,52.1595,10.9647   ,52.3726,10.5708   ,52.4509,10.2312    ,52.4834,9.80336    ,52.4878,9.405     ,52.4786,9.0025     ,52.4563,8.54468   ,52.4273,8.13564   ,52.1939,7.6259    ,51.8391,7.99958   ,51.767 ,8.34468   ,51.7266,8.76537    ,51.7039,9.15485   ,51.683 ,9.55152   ,51.6476,9.99472    ,51.582 ,10.3572   ,51.401 ,10.7182   ,51.2135,10.9908   ,51.0227,11.3555   ,51.9085,-9.83867  ,1.35108    ,540,125441,54.5698,10.2906,126.326,0
1006,51.1073,11.7878   ,51.3229,11.3926    ,51.6122,11.0437  ,51.8537,10.7174   ,52.0107,10.3098   ,52.0672,9.88225   ,52.0885,9.45953    ,52.1015,9.02104   ,52.1181,8.60488   ,52.1649,8.15969     ,52.2678,7.77708   ,52.433 ,7.42191   ,51.1073,11.7878   ,51.5839,11.5886    ,51.9095,11.2517   ,52.1784,10.9079   ,52.3684,10.5511   ,52.4501,10.1961    ,52.4773,9.80834    ,52.4829,9.37376   ,52.4794,8.92985    ,52.4798,8.4143    ,52.4998,7.94263   ,52.433 ,7.42191   ,51.9931,7.7293    ,51.8277,8.04501   ,51.7483,8.44007    ,51.7149,8.84238   ,51.6933,9.28504   ,51.6713,9.72599    ,51.6249,10.188    ,51.4728,10.6169   ,51.2322,10.9345   ,50.9894,11.294    ,51.9283,-9.75293  ,1.35139    ,556,129624,57.6181,11.5605,133.154,0
1007,51.0724,11.6927   ,51.3383,11.3698    ,51.5969,11.0413  ,51.8318,10.6884   ,51.9929,10.3152   ,52.0858,9.85259   ,52.1076,9.46308    ,52.1123,9.07329   ,52.1236,8.68385   ,52.1739,8.21885     ,52.2761,7.83846   ,52.3922,7.4791    ,51.0724,11.6927   ,51.5445,11.5791    ,51.8616,11.289    ,52.132 ,10.9387   ,52.3314,10.5603   ,52.4707,10.0875    ,52.5103,9.68596    ,52.5094,9.28333   ,52.4969,8.88093    ,52.4909,8.39787   ,52.5216,7.99627   ,52.3922,7.4791    ,51.986 ,7.83214   ,51.8315,8.19372   ,51.7449,8.64222    ,51.7157,9.01902   ,51.699 ,9.39608   ,51.6833,9.77316    ,51.6052,10.2222   ,51.4474,10.5832   ,51.228 ,10.9301   ,51.0279,11.2809   ,51.9461,-9.70997  ,1.34331    ,567,131344,55.8132,10.5663,136.811,0
1008,51.0724,11.6927   ,51.3395,11.3671    ,51.5994,11.0373  ,51.8344,10.6828   ,51.9942,10.3077   ,52.0775,9.92108   ,52.1115,9.45193    ,52.1263,9.06056   ,52.1555,8.67006   ,52.204 ,8.20277     ,52.2987,7.82319   ,52.4297,7.48013   ,51.0724,11.6927   ,51.5435,11.5798    ,51.8603,11.2907   ,52.1304,10.9412   ,52.3301,10.5637   ,52.4529,10.1714    ,52.5102,9.69128    ,52.5099,9.28945   ,52.5099,8.88763    ,52.5099,8.40544   ,52.5336,8.00408   ,52.4297,7.48013   ,52.0197,7.7882    ,51.8758,8.15513   ,51.7873,8.6085     ,51.737 ,8.98823   ,51.7073,9.36912   ,51.6796,9.82639    ,51.6103,10.2045   ,51.4547,10.5701   ,51.2339,10.921    ,51.0302,11.2756   ,51.9513,-9.72088  ,1.33702    ,563,132267,55.851 ,10.611 ,134.912,0
1009,51.0413,11.6882   ,51.3251,11.378     ,51.5924,11.0568  ,51.8331,10.7089   ,51.9944,10.3387   ,52.0807,9.95677   ,52.1156,9.49306    ,52.1275,9.10602   ,52.1499,8.7195    ,52.1879,8.25654     ,52.2587,7.87476   ,52.3478,7.52644   ,51.0413,11.6882   ,51.511 ,11.6083    ,51.8378,11.3246   ,52.1222,10.9787   ,52.33  ,10.6015   ,52.4538,10.2079    ,52.5104,9.72577    ,52.5099,9.32237   ,52.5099,8.91899    ,52.5099,8.43493   ,52.5165,8.03168   ,52.3478,7.52644   ,51.965 ,7.87019   ,51.8476,8.23195   ,51.7776,8.67442    ,51.7419,9.04453   ,51.7152,9.41514   ,51.6851,9.85965    ,51.6085,10.2266   ,51.4576,10.5824   ,51.2413,10.9234   ,51.033 ,11.2668   ,51.9488,-9.74047  ,1.34143    ,558,131928,55.3459,10.4703,135.397,0
1010,51.0724,11.6989   ,51.3916,11.3156    ,51.6507,10.9813  ,51.8765,10.6264   ,52.0219,10.252    ,52.102 ,9.86809   ,52.1315,9.40272    ,52.1425,9.01464   ,52.1639,8.54926   ,52.2044,8.16327     ,52.2707,7.70469   ,52.3476,7.3289    ,51.0724,11.6989   ,51.6129,11.536     ,51.9213,11.2257   ,52.1925,10.8735   ,52.3766,10.4922   ,52.475 ,10.0965    ,52.5099,9.61478    ,52.5099,9.21266   ,52.5099,8.73012    ,52.5099,8.328     ,52.4942,7.84592   ,52.3476,7.3289    ,52.0256,7.71503   ,51.8765,8.15221   ,51.8103,8.5235     ,51.7696,8.97182   ,51.7474,9.34586   ,51.7057,9.79413    ,51.6206,10.1636   ,51.4844,10.5255   ,51.2748,10.8718   ,51.065 ,11.2183   ,51.9547,-9.71903  ,1.34591    ,562,132557,57.5734,10.1381,139.154,0
1011,51.0139,11.6474   ,51.3564,11.3107    ,51.6204,10.9981  ,51.8461,10.6559   ,52.0046,10.2921   ,52.0822,9.91632   ,52.1086,9.5367     ,52.1267,9.08076   ,52.1501,8.70133   ,52.1685,8.24623     ,52.1889,7.87072   ,52.163 ,7.49864   ,51.0139,11.6474   ,51.5609,11.5621    ,51.8804,11.2628   ,52.1488,10.9084   ,52.3471,10.5284   ,52.4663,10.1336    ,52.5103,9.73125    ,52.5099,9.24677   ,52.5099,8.84305    ,52.4968,8.35884   ,52.4503,7.9566    ,52.163 ,7.49864   ,51.9238,7.93402   ,51.8355,8.28514   ,51.7783,8.71123    ,51.7374,9.06673   ,51.7015,9.49415   ,51.6794,9.85051    ,51.6102,10.2035   ,51.4643,10.5454   ,51.2557,10.8615   ,51.0498,11.1732   ,51.9292,-9.76788  ,1.34329    ,551,130032,55.2488,10.3367,132.083,0
1012,50.9002,11.5869   ,51.2697,11.3361    ,51.5427,11.0816  ,51.7835,10.7805   ,51.9621,10.425    ,52.0464,10.0249   ,52.0836,9.5957     ,52.0963,9.19429   ,52.0955,8.79454   ,52.0815,8.41822     ,52.0315,7.97801   ,51.9401,7.63926   ,50.9002,11.5869   ,51.4741,11.5593    ,51.829 ,11.3243   ,52.1107,11.0014   ,52.3249,10.6081   ,52.4358,10.1809    ,52.4833,9.71557    ,52.4934,9.27314   ,52.4771,8.8345     ,52.4321,8.43345   ,52.301 ,7.9866    ,51.9401,7.63926   ,51.7789,8.0702    ,51.7378,8.52404   ,51.716 ,8.88529    ,51.697 ,9.25059   ,51.6765,9.60556   ,51.6417,9.98025    ,51.5694,10.328    ,51.4048,10.6346   ,51.1843,10.9137   ,50.9834,11.1809   ,51.8762,-9.85676  ,1.34406    ,530,122909,54.2543,10.0453,124.669,0
1013,50.8985,11.6167   ,51.2332,11.3757    ,51.4917,11.1286  ,51.7295,10.8225   ,51.9188,10.4842   ,52.0246,10.1394   ,52.0757,9.72164    ,52.0809,9.33033   ,52.0488,8.95889   ,51.9461,8.59055     ,51.7663,8.27846   ,51.5407,8.01577   ,50.8985,11.6167   ,51.4827,11.6034    ,51.8188,11.3464   ,52.0832,10.9981   ,52.3002,10.6093   ,52.4263,10.2276    ,52.4864,9.75816    ,52.4923,9.31667   ,52.4525,8.90898    ,52.3217,8.52363   ,52.0609,8.20083   ,51.5407,8.01577   ,51.5286,8.4393    ,51.6103,8.75423   ,51.6618,9.12628    ,51.6728,9.47429   ,51.6564,9.81214   ,51.6001,10.1588    ,51.4974,10.4477   ,51.3215,10.7269   ,51.0953,10.9832   ,50.9084,11.2147   ,51.8211,-9.94245  ,1.36925    ,513,119860,51.4328,10.2348,120.326,0
1014,50.8346,11.6506   ,51.1577,11.438     ,51.4293,11.1712  ,51.662 ,10.8868   ,51.8717,10.5574   ,52.007 ,10.2077   ,52.0722,9.79559    ,52.0701,9.41504   ,52.0039,9.06422   ,51.8166,8.73542     ,51.5171,8.51106   ,51.1758,8.42471   ,50.8346,11.6506   ,51.3765,11.6361    ,51.7421,11.3939   ,52.0152,11.0949   ,52.252 ,10.7078   ,52.4114,10.2775    ,52.4827,9.76895    ,52.4693,9.30919   ,52.3788,8.89944    ,52.1385,8.52769   ,51.7481,8.2979    ,51.1758,8.42471   ,51.368 ,8.7669    ,51.5562,9.01596   ,51.6577,9.3222     ,51.6788,9.62806   ,51.6525,9.93018   ,51.5771,10.2323    ,51.4468,10.4893   ,51.2486,10.7608   ,51.0412,11.0288   ,50.8616,11.3069   ,51.7665,-10.0088  ,1.38831    ,504,117731,51.2749,10.4545,118.811,0
1015,50.8015,11.6319   ,51.1352,11.4343    ,51.4189,11.1729  ,51.6612,10.8873   ,51.8749,10.5542   ,52.0158,10.2026   ,52.0778,9.84517    ,52.0679,9.46526   ,51.9321,9.06809   ,51.6814,8.80432     ,51.3468,8.64628   ,50.9922,8.58146   ,50.8015,11.6319   ,51.3403,11.6473    ,51.7137,11.4176   ,51.9976,11.1187   ,52.2398,10.7309   ,52.4096,10.309     ,52.485 ,9.87828    ,52.4774,9.41611   ,52.3328,8.92979    ,52.0395,8.60625   ,51.6016,8.43973   ,50.9922,8.58146   ,51.1916,8.88613   ,51.4085,9.06497   ,51.5832,9.29664    ,51.672 ,9.62186   ,51.6605,9.919     ,51.5949,10.1905    ,51.4644,10.461    ,51.2631,10.7384   ,51.0455,11.0082   ,50.8494,11.285    ,51.7289,-10.0259  ,1.42258    ,508,118315,51.491 ,10.2346,119.64 ,0
1016,50.7837,11.6212   ,51.1292,11.4354    ,51.446 ,11.1453  ,51.674 ,10.867    ,51.8891,10.5453   ,52.0372,10.1848   ,52.0786,9.76475    ,52.0328,9.42242   ,51.8215,9.04825   ,51.4954,8.83332     ,51.1439,8.74838   ,50.7815,8.76465   ,50.7837,11.6212   ,51.3405,11.6331    ,51.774 ,11.3582   ,52.0418,11.0551   ,52.2939,10.666    ,52.4713,10.2223    ,52.4901,9.70802    ,52.4187,9.28017   ,52.1786,8.81907    ,51.805 ,8.56123   ,51.3561,8.49334   ,50.7815,8.76465   ,51.0333,9.01827   ,51.2793,9.14381   ,51.5286,9.34994    ,51.6714,9.65904   ,51.6671,9.92109   ,51.582 ,10.231     ,51.438 ,10.5031   ,51.2461,10.7603   ,51.0435,11.0094   ,50.8367,11.3001   ,51.6946,-10.0286  ,1.46896    ,517,120000,52.7229,10.9068,123.296,0
1017,50.8033,11.6433   ,51.1497,11.4221    ,51.4521,11.1355  ,51.7249,10.8197   ,51.9209,10.5008   ,52.0643,10.0847   ,52.0671,9.69151    ,51.9294,9.30684   ,51.6733,9.03162   ,51.2777,8.86015     ,50.8689,8.81067   ,50.5165,8.84404   ,50.8033,11.6433   ,51.3656,11.6394    ,51.7416,11.3821   ,52.0597,11.0553   ,52.2858,10.6981   ,52.468 ,10.2309    ,52.4938,9.76385    ,52.3674,9.26761   ,52.0763,8.86689    ,51.5955,8.60196   ,51.0592,8.56835   ,50.5165,8.84404   ,50.7949,9.05895   ,51.0697,9.1445    ,51.3562,9.2629     ,51.5435,9.43699   ,51.654 ,9.72016   ,51.6424,10.0329    ,51.5101,10.3935   ,51.3198,10.6766   ,51.0763,10.9755   ,50.8503,11.2771   ,51.6402,-10.0224  ,1.55504    ,528,121571,54.665 ,10.4124,125.296,0
1018,50.7769,11.5362   ,51.1298,11.3784    ,51.4393,11.1272  ,51.7209,10.8323   ,51.9167,10.5151   ,51.9949,10.1604   ,51.9761,9.75581    ,51.8386,9.40761   ,51.549 ,9.12162   ,51.193 ,8.97337     ,50.8322,8.92148   ,50.4694,8.96097   ,50.7769,11.5362   ,51.3418,11.6262    ,51.7385,11.3824   ,52.0762,11.0441   ,52.3116,10.6625   ,52.4102,10.221     ,52.4064,9.69726    ,52.2731,9.25909   ,51.9367,8.90303    ,51.5051,8.71373   ,51.0232,8.67681   ,50.4694,8.96097   ,50.7462,9.17411   ,50.9778,9.25774   ,51.2418,9.39609    ,51.4597,9.64484   ,51.5639,9.92732   ,51.569 ,10.2121    ,51.4845,10.4533   ,51.3025,10.6968   ,51.0627,10.9411   ,50.8425,11.1841   ,51.575 ,-10.0471  ,-1.50697   ,521,121729,52.2606,11.0416,123.054,0
1019,50.7624,11.5238   ,51.1595,11.3454    ,51.4777,11.0925  ,51.7507,10.792    ,51.9333,10.4761   ,52.0053,10.073    ,51.9366,9.64678    ,51.7143,9.34417   ,51.363 ,9.13631   ,50.9549,8.98737     ,50.5843,8.90209   ,50.2088,8.86226   ,50.7624,11.5238   ,51.3602,11.6015    ,51.7539,11.3738   ,52.0767,11.0418   ,52.3063,10.6759   ,52.4128,10.1924    ,52.3776,9.628      ,52.166 ,9.20819   ,51.7662,8.92271    ,51.2498,8.7439    ,50.7581,8.68264   ,50.2088,8.86226   ,50.5123,9.13858   ,50.7668,9.26242   ,51.0539,9.39439    ,51.34  ,9.54945   ,51.535 ,9.77571   ,51.5932,10.0806    ,51.5204,10.3726   ,51.3561,10.6305   ,51.1128,10.8921   ,50.8667,11.1481   ,51.5318,-10.0511  ,-1.41824   ,522,121461,54.5655,10.9616,127.882,0
1020,50.7554,11.4987   ,51.1639,11.3413    ,51.4569,11.1268  ,51.7545,10.807    ,51.9392,10.4735   ,51.9923,10.0847   ,51.9015,9.69037    ,51.6355,9.34245   ,51.3322,9.13696   ,50.9299,8.96875     ,50.5464,8.83555   ,50.1948,8.77772   ,50.7554,11.4987   ,51.3557,11.6007    ,51.7227,11.415    ,52.0709,11.0689   ,52.3091,10.6745   ,52.4182,10.2065    ,52.3864,9.69946    ,52.1337,9.24901   ,51.77  ,8.96633    ,51.2667,8.75902   ,50.7734,8.636     ,50.1948,8.77772   ,50.4171,9.06487   ,50.6843,9.21341   ,50.9828,9.35492    ,51.2182,9.5104    ,51.46  ,9.78512   ,51.569 ,10.0803    ,51.5309,10.3732   ,51.3697,10.6335   ,51.1098,10.9071   ,50.8859,11.1328   ,51.5056,-10.0418  ,-1.35791   ,526,122813,54.5073,11.6767,126.711,0
1021,50.7669,11.5226   ,51.1558,11.3601    ,51.5022,11.0891  ,51.774 ,10.7734   ,51.9586,10.4148   ,51.9943,10.0105   ,51.8432,9.59768    ,51.5452,9.30238   ,51.1937,9.08825   ,50.8171,8.9142      ,50.45  ,8.7722    ,50.0554,8.66937   ,50.7669,11.5226   ,51.3639,11.5983    ,51.7973,11.3572   ,52.1113,11.0114   ,52.3433,10.5872   ,52.4151,10.0913    ,52.2937,9.5494     ,51.9793,9.14847   ,51.5761,8.88852    ,51.1299,8.69956   ,50.6647,8.57976   ,50.0554,8.66937   ,50.3405,9.00559   ,50.6048,9.16976   ,50.9006,9.33728    ,51.1942,9.51717   ,51.4501,9.73577   ,51.5836,10.0472    ,51.5377,10.3497   ,51.3653,10.6327   ,51.1231,10.8989   ,50.8594,11.1761   ,51.4597,-10.0045  ,-1.27884   ,537,124595,56.4158,10.6376,130.125,0
1022,50.7816,11.5144   ,51.1783,11.3266    ,51.5014,11.0786  ,51.764 ,10.7667   ,51.9187,10.3933   ,51.9021,9.98653   ,51.684 ,9.58203    ,51.4317,9.31187   ,51.0809,9.05812   ,50.6917,8.87333     ,50.3146,8.72159   ,49.958 ,8.62852   ,50.7816,11.5144   ,51.3995,11.5549    ,51.8127,11.3153   ,52.1174,10.9588   ,52.3288,10.516    ,52.398 ,10.0535    ,52.2156,9.57619    ,51.9313,9.23169   ,51.5041,8.89074    ,51.0371,8.68611   ,50.5548,8.55097   ,49.958 ,8.62852   ,50.1702,8.92774   ,50.4364,9.09989   ,50.7431,9.2748     ,51.0208,9.47435   ,51.2254,9.68591   ,51.4341,10.0223    ,51.4863,10.3697   ,51.3542,10.6598   ,51.1136,10.9096   ,50.8733,11.1542   ,51.4011,-9.98389  ,-1.22934   ,536,124971,55.9092,12.2195,129.539,0
1023,50.7796,11.5114   ,51.1919,11.3155    ,51.5029,11.0619  ,51.7717,10.7437   ,51.9141,10.3665   ,51.8969,9.95265   ,51.7227,9.59941    ,51.4087,9.30925   ,51.063 ,9.10373   ,50.714 ,8.93175     ,50.3055,8.72258   ,49.9596,8.61379   ,50.7796,11.5114   ,51.4006,11.5596    ,51.798 ,11.305    ,52.1353,10.9348   ,52.3194,10.4885   ,52.3255,9.96928    ,52.1607,9.50806    ,51.8182,9.13622   ,51.417 ,8.89419    ,51.0049,8.70425   ,50.511 ,8.51864   ,49.9596,8.61379   ,50.1913,8.97155   ,50.512 ,9.20294   ,50.795 ,9.35938    ,51.0841,9.54187   ,51.3508,9.78066   ,51.4931,10.0504    ,51.4875,10.3605   ,51.3432,10.6494   ,51.1201,10.9005   ,50.8946,11.1321   ,51.3736,-9.97868  ,-1.20827   ,534,124749,55.8076,10.4811,132.61 ,0
1024,50.759 ,11.4789   ,51.1593,11.3354    ,51.5043,11.0673  ,51.7962,10.706    ,51.91  ,10.3163   ,51.8644,9.89592   ,51.6298,9.50151    ,51.2987,9.2274    ,50.9584,9.03454   ,50.5731,8.8288      ,50.168 ,8.61473   ,49.7925,8.51484   ,50.759 ,11.4789   ,51.3573,11.5766    ,51.8162,11.2883   ,52.1894,10.8501   ,52.3361,10.3795   ,52.3047,9.85323    ,52.0562,9.36034    ,51.6735,9.02886   ,51.2709,8.81473    ,50.8205,8.59993   ,50.3377,8.41381   ,49.7925,8.51484   ,50.0871,8.85642   ,50.4146,9.10516   ,50.7296,9.29904    ,51.0104,9.48318   ,51.2767,9.72795   ,51.4569,10.0532    ,51.4707,10.3733   ,51.3455,10.6606   ,51.1065,10.9254   ,50.876 ,11.147    ,51.3501,-9.93627  ,-1.16863   ,543,126073,58.1897,10.6831,135.439,0
1025,50.8813,11.4652   ,51.2623,11.239     ,51.5949,10.9596  ,51.8263,10.6606   ,51.9291,10.2312   ,51.8592,9.83514   ,51.6063,9.47179    ,51.3087,9.23594   ,50.9469,9.01658   ,50.5839,8.81325     ,50.2101,8.58372   ,49.8648,8.41467   ,50.8813,11.4652   ,51.4904,11.4749    ,51.9012,11.1991   ,52.1972,10.8323   ,52.34  ,10.2943   ,52.2846,9.78395    ,52.0206,9.318      ,51.6875,9.03216   ,51.2714,8.78747    ,50.8595,8.60652   ,50.4309,8.4264    ,49.8648,8.41467   ,50.0852,8.79892   ,50.3983,9.07437   ,50.7135,9.29585    ,51.0189,9.50083   ,51.2689,9.70432   ,51.4731,9.99239    ,51.5131,10.2845   ,51.4035,10.5818   ,51.2077,10.7972   ,50.9525,11.064    ,51.3381,-9.88053  ,-1.11847   ,544,126028,56.4744,10.365 ,131.782,0
1026,50.9661,11.3441   ,51.3566,11.1407    ,51.6149,10.8709  ,51.8304,10.5362   ,51.9181,10.1257   ,51.7978,9.76618   ,51.535 ,9.44076    ,51.2086,9.17503   ,50.8696,8.94916   ,50.539 ,8.74173     ,50.2098,8.53167   ,49.8599,8.36799   ,50.9661,11.3441   ,51.603 ,11.3654    ,51.9554,11.0649   ,52.2256,10.6521   ,52.3262,10.126    ,52.2258,9.66306    ,51.9594,9.26989    ,51.6038,8.97981   ,51.2176,8.75064    ,50.8494,8.56422   ,50.4639,8.38275   ,49.8599,8.36799   ,50.0374,8.7317    ,50.3109,8.97185   ,50.6052,9.20031    ,50.8987,9.43149   ,51.1845,9.6873    ,51.4195,9.95541    ,51.5112,10.2195   ,51.3949,10.5059   ,51.2045,10.7594   ,51.0354,10.9812   ,51.3304,-9.80441  ,-1.09275   ,523,121259,54.6577,10.7945,126.024,0
1027,51.1962,11.4503   ,51.4262,11.1316    ,51.6226,10.7819  ,51.7558,10.4268   ,51.7783,9.99896   ,51.6674,9.66865   ,51.4174,9.34028    ,51.0992,9.08843   ,50.805 ,8.89745   ,50.4551,8.68619     ,50.1032,8.4779    ,49.7802,8.34201   ,51.1962,11.4503   ,51.7216,11.2065    ,52.0482,10.8001   ,52.2118,10.3623   ,52.2163,9.859     ,52.0652,9.4834     ,51.7662,9.09676    ,51.4071,8.82131   ,51.0864,8.64045    ,50.7128,8.47595   ,50.308 ,8.32642   ,49.7802,8.34201   ,49.984 ,8.6788    ,50.2867,8.94935   ,50.6084,9.20745    ,50.8743,9.41351   ,51.1409,9.6564    ,51.3153,9.94556    ,51.3535,10.2354   ,51.2751,10.5824   ,51.1536,10.8514   ,51.0778,11.1414   ,51.2861,-9.73579  ,-1.0844    ,506,117743,52.7617,11.8011,121.296,0
1028,51.3548,11.4708   ,51.4951,11.102     ,51.6003,10.747   ,51.6697,10.3756   ,51.6774,9.96141   ,51.6097,9.64035   ,51.371 ,9.3002     ,51.0813,9.05658   ,50.7818,8.85682   ,50.4514,8.66956     ,50.1269,8.4957    ,49.7859,8.38465   ,51.3548,11.4708   ,51.8116,11.1752    ,51.9777,10.8226   ,52.0738,10.4173   ,52.0948,9.9262    ,52.0331,9.53553    ,51.7739,9.12674    ,51.4379,8.83386   ,51.0952,8.61515    ,50.7204,8.45539   ,50.3288,8.31596   ,49.7859,8.38465   ,50.0059,8.71578   ,50.2635,8.92957   ,50.5532,9.14936    ,50.8102,9.34395   ,51.0433,9.55058   ,51.2216,9.84346    ,51.2671,10.1136   ,51.252 ,10.4484   ,51.1965,10.7657   ,51.1552,11.1133   ,51.2435,-9.7082   ,-1.09531   ,494,116479,51.0439,10.6449,118.569,0
1029,51.3166,11.4589   ,51.4954,11.1328    ,51.6096,10.7538  ,51.6714,10.3589   ,51.6548,9.98917   ,51.5601,9.65831   ,51.3537,9.34649    ,51.0671,9.08461   ,50.7828,8.88198   ,50.4592,8.67801     ,50.1494,8.47121   ,49.8543,8.27278   ,51.3166,11.4589   ,51.8064,11.2321    ,51.9847,10.8308   ,52.076 ,10.388    ,52.0623,9.93853   ,51.9628,9.52546    ,51.749 ,9.14813    ,51.4453,8.86029   ,51.1234,8.64995    ,50.7499,8.47241   ,50.3765,8.32442   ,49.8543,8.27278   ,49.9971,8.671     ,50.248 ,8.93373   ,50.5243,9.16851    ,50.7673,9.37102   ,51.0193,9.61642   ,51.1953,9.87866    ,51.2609,10.1424   ,51.2603,10.4357   ,51.2099,10.765    ,51.1582,11.1132   ,51.2127,-9.70308  ,-1.07777   ,498,116632,50.5379,10.6342,119.054,0
1030,51.3285,11.459    ,51.4998,11.1038    ,51.6126,10.7111  ,51.6671,10.3684   ,51.6387,9.98397   ,51.4993,9.64389   ,51.2451,9.32464    ,50.9732,9.08043   ,50.6537,8.86072   ,50.3428,8.66472     ,49.9939,8.44274   ,49.6766,8.30491   ,51.3285,11.459    ,51.8129,11.1728    ,51.9904,10.7487   ,52.0669,10.3494   ,52.0393,9.89291   ,51.8898,9.48814    ,51.6119,9.10637    ,51.3089,8.8291    ,50.9487,8.6104     ,50.6017,8.44145   ,50.1871,8.2609    ,49.6766,8.30491   ,49.8753,8.67228   ,50.1618,8.93754   ,50.4372,9.16068    ,50.7181,9.39604   ,50.9504,9.61955   ,51.1569,9.88163    ,51.2574,10.1658   ,51.2588,10.4872   ,51.2119,10.7667   ,51.1621,11.1168   ,51.1548,-9.68843  ,-1.04719   ,495,116416,51.6279,10.2677,123.296,0
1031,51.2042,11.402    ,51.4624,11.0834    ,51.5923,10.7401  ,51.67  ,10.3335   ,51.6064,9.94504   ,51.4047,9.58853   ,51.1239,9.28684    ,50.839 ,9.04453   ,50.5123,8.79752   ,50.1959,8.56849     ,49.8579,8.33157   ,49.537 ,8.18189   ,51.2042,11.402    ,51.7825,11.1747    ,51.9803,10.7446   ,52.0727,10.2164   ,51.9832,9.74489   ,51.755 ,9.33591    ,51.4373,8.99488    ,51.1081,8.73874   ,50.7423,8.51229    ,50.3988,8.33647   ,50.0135,8.15755   ,49.537 ,8.18189   ,49.7737,8.54824   ,50.0712,8.85788   ,50.3627,9.14099    ,50.6525,9.41669   ,50.8882,9.65136   ,51.1125,9.91912    ,51.2577,10.2277   ,51.2623,10.54     ,51.1759,10.8251   ,51.1052,11.0707   ,51.0951,-9.64658  ,-1.01634   ,508,117879,53.6852,10.7015,127.196,0
1032,51.204 ,11.3465   ,51.4677,11.0032    ,51.6089,10.6205  ,51.632 ,10.2148   ,51.5549,9.87264   ,51.354 ,9.52977   ,51.0725,9.23401    ,50.7535,8.97683   ,50.4383,8.74798   ,50.1118,8.47956     ,49.8011,8.20833   ,49.5073,8.0185    ,51.204 ,11.3465   ,51.7537,11.1571    ,51.9575,10.744    ,52.0099,10.2559   ,51.9744,9.83008   ,51.8234,9.42839    ,51.5556,9.09849    ,51.2092,8.81354   ,50.8305,8.56755    ,50.4289,8.31098   ,50.0429,8.06836   ,49.5073,8.0185    ,49.6363,8.41285   ,49.874 ,8.71737   ,50.1323,8.99249    ,50.3907,9.21014   ,50.6755,9.44854   ,50.955 ,9.72267    ,51.1736,10.0235   ,51.2618,10.2932   ,51.236 ,10.6028   ,51.1362,10.9342   ,51.0257,-9.55309  ,-0.98905   ,517,121433,54.0552,11.6166,124.368,0
1033,51.1677,11.2231   ,51.4751,10.9197    ,51.6223,10.5139  ,51.6286,10.1098   ,51.5009,9.73632   ,51.2478,9.4049    ,50.9203,9.0988     ,50.6101,8.84644   ,50.3041,8.60613   ,49.9679,8.33694     ,49.6619,8.08035   ,49.3431,7.84562   ,51.1677,11.2231   ,51.7618,11.0463    ,51.99  ,10.5602   ,52.0044,10.0392   ,51.8894,9.56827   ,51.6347,9.18482    ,51.286 ,8.8619     ,50.9493,8.61969   ,50.6254,8.41539    ,50.265 ,8.19083   ,49.9091,7.97091   ,49.3431,7.84562   ,49.4865,8.25106   ,49.7524,8.54899   ,50.0695,8.86533    ,50.3595,9.14264   ,50.6419,9.41068   ,50.9339,9.70456    ,51.1597,9.9922    ,51.2655,10.2804   ,51.2358,10.5654   ,51.1392,10.8728   ,50.9595,-9.46523  ,-0.953182  ,530,124013,56.0244,10.7   ,127.439,0
1034,51.3545,11.1797   ,51.5347,10.8061    ,51.5928,10.3977  ,51.5611,10.0242   ,51.4077,9.63865   ,51.1375,9.29879   ,50.8556,9.04183    ,50.5176,8.78288   ,50.225 ,8.56449   ,49.9048,8.31722     ,49.5694,8.04671   ,49.2541,7.87077   ,51.3545,11.1797   ,51.8594,10.8651    ,52.0083,10.4158   ,51.998 ,9.98385   ,51.8483,9.53599   ,51.5598,9.13496    ,51.2498,8.83824    ,50.8746,8.56432   ,50.5523,8.35306    ,50.1974,8.12982   ,49.7991,7.88979   ,49.2541,7.87077   ,49.4113,8.26018   ,49.6902,8.56663   ,49.9802,8.83788    ,50.245 ,9.06376   ,50.5449,9.31497   ,50.7908,9.54217    ,51.0201,9.83248   ,51.144 ,10.1682   ,51.173 ,10.4869   ,51.1831,10.8396   ,50.9054,-9.40223  ,-0.921461  ,538,123685,54.4168,10.7881,127.196,0
1035,51.4908,11.1084   ,51.5936,10.7208    ,51.6077,10.2975  ,51.5385,9.94015   ,51.349 ,9.58706   ,51.092 ,9.28925   ,50.7988,9.01598    ,50.5073,8.78146   ,50.1892,8.54288   ,49.8854,8.30951     ,49.5655,8.05483   ,49.2518,7.89697   ,51.4908,11.1084   ,51.8748,10.7411    ,52.0019,10.2916   ,51.9846,9.92232   ,51.8033,9.51827   ,51.5085,9.14531    ,51.1575,8.79727    ,50.8179,8.52463   ,50.4646,8.29113    ,50.1315,8.08914   ,49.757 ,7.86862   ,49.2518,7.89697   ,49.4416,8.29321   ,49.7137,8.58858   ,49.9915,8.85246    ,50.2786,9.10127   ,50.5249,9.30821   ,50.7558,9.51609    ,50.9563,9.7432    ,51.1211,10.0468   ,51.2181,10.3956   ,51.3003,10.7917   ,50.8757,-9.33163  ,-0.889176  ,513,119427,52.8781,10.7481,124.853,0
1036,51.5007,10.9007   ,51.5758,10.5331    ,51.5552,10.1347  ,51.4593,9.75596   ,51.2719,9.4446    ,51.0114,9.17314   ,50.7111,8.91578    ,50.4154,8.68135   ,50.1075,8.45126   ,49.8126,8.22684     ,49.5176,7.99002   ,49.2034,7.7947    ,51.5007,10.9007   ,51.8832,10.5676    ,51.9364,10.0931   ,51.8787,9.63778   ,51.7193,9.29281   ,51.4623,9.00778    ,51.1315,8.72648    ,50.7845,8.4596    ,50.4157,8.21409    ,50.0724,8.01278   ,49.7287,7.82786   ,49.2034,7.7947    ,49.3804,8.21126   ,49.6262,8.49829   ,49.874 ,8.74358    ,50.1275,8.96611   ,50.3779,9.17705   ,50.6416,9.41348    ,50.8886,9.67877   ,51.0783,9.97406   ,51.1879,10.2921   ,51.2643,10.6031   ,50.8244,-9.21532  ,-0.853352  ,502,117070,51.4405,11.2344,120.368,0
1037,51.567 ,10.8101   ,51.5847,10.3911    ,51.5448,10.0281  ,51.4262,9.65948   ,51.2195,9.37205   ,50.9435,9.09686   ,50.6541,8.84927    ,50.358 ,8.61246   ,50.0163,8.34792   ,49.7563,8.13831     ,49.458 ,7.88902   ,49.1586,7.66858   ,51.567 ,10.8101   ,51.9175,10.3447    ,51.9225,9.89673   ,51.8141,9.46002   ,51.5967,9.1408    ,51.281 ,8.82688    ,50.9428,8.54873    ,50.6181,8.3144    ,50.2743,8.10875    ,50.0074,7.95399   ,49.6631,7.75457   ,49.1586,7.66858   ,49.3351,8.0925    ,49.5924,8.39415   ,49.8441,8.65391    ,50.1833,8.97765   ,50.4485,9.21817   ,50.6881,9.44202    ,50.9132,9.68467   ,51.0804,9.94403   ,51.1839,10.2613   ,51.2575,10.5381   ,50.7884,-9.139    ,-0.835249  ,501,115335,51.6408,10.7797,118.368,0
1038,51.853 ,10.7685   ,51.6597,10.4357    ,51.525 ,10.0287  ,51.431 ,9.67669   ,51.2632,9.36416   ,50.9791,9.05821   ,50.6931,8.81348    ,50.4029,8.58978   ,50.0764,8.35047   ,49.7656,8.1234      ,49.473 ,7.88602   ,49.2217,7.6697    ,51.853 ,10.7685   ,51.9543,10.2677    ,51.8574,9.78964   ,51.7607,9.39123   ,51.5748,9.05371   ,51.2616,8.72765    ,50.9611,8.48364    ,50.6714,8.28486   ,50.3523,8.09543    ,50.0262,7.92464   ,49.6847,7.75631   ,49.2217,7.6697    ,49.3413,8.08539   ,49.5922,8.38634   ,49.8918,8.67243    ,50.2302,8.96644   ,50.5222,9.2219    ,50.7873,9.47439    ,51.0149,9.76253   ,51.1325,10.0566   ,51.2185,10.3745   ,51.4107,10.6914   ,50.8191,-9.12823  ,-0.854235  ,498,115842,51.4654,11.2226,118.953,0
1039,51.8939,10.7525   ,51.663 ,10.4006    ,51.5188,10.0544  ,51.4019,9.71749   ,51.2556,9.3876    ,51.0498,9.09668   ,50.7776,8.82544    ,50.4811,8.59501   ,50.1769,8.38893   ,49.8325,8.16289     ,49.5662,7.95815   ,49.2871,7.73241   ,51.8939,10.7525   ,51.9754,10.2282    ,51.85  ,9.84902   ,51.7325,9.4873    ,51.5857,9.13959   ,51.3593,8.82697    ,51.0558,8.52628    ,50.7431,8.2875    ,50.4313,8.09533    ,50.0698,7.90981   ,49.7717,7.76527   ,49.2871,7.73241   ,49.4457,8.22187   ,49.6899,8.48025   ,50.0241,8.74866    ,50.3195,8.97505   ,50.5954,9.20929   ,50.8204,9.4625     ,50.9769,9.73208   ,51.1058,10.0406   ,51.2226,10.3602   ,51.4021,10.6644   ,50.8096,-9.11076  ,-0.863648  ,503,116282,50.3698,10.4192,121.539,0
1040,51.8025,10.7977   ,51.6487,10.4041    ,51.52  ,10.0628  ,51.3733,9.69903   ,51.2142,9.38656   ,51.0032,9.07309   ,50.7328,8.78416    ,50.4149,8.53718   ,50.0895,8.31952   ,49.7664,8.10723     ,49.4765,7.9144    ,49.1525,7.74599   ,51.8025,10.7977   ,51.9736,10.2772    ,51.8601,9.89041   ,51.6985,9.4872    ,51.5306,9.13679   ,51.2952,8.78339    ,50.9792,8.45499    ,50.6328,8.19884   ,50.3014,8.00485    ,49.9814,7.83965   ,49.6666,7.70089   ,49.1525,7.74599   ,49.3835,8.19138   ,49.6455,8.43778   ,49.9695,8.69339    ,50.2905,8.94267   ,50.5711,9.1898    ,50.7783,9.45109    ,50.9495,9.72646   ,51.0873,9.99872   ,51.2142,10.3323   ,51.3644,10.6251   ,50.7658,-9.07957  ,-0.85913   ,507,117475,51.5662,10.3561,121.782,0
1041,51.7581,10.7985   ,51.6207,10.4225    ,51.4828,10.0673  ,51.3426,9.69032   ,51.1521,9.35736   ,50.8842,9.04354   ,50.6075,8.7795     ,50.3216,8.5412    ,49.9931,8.28836   ,49.6825,8.06152     ,49.4013,7.84928   ,49.0948,7.64091   ,51.7581,10.7985   ,51.9016,10.274     ,51.7894,9.84147   ,51.6333,9.40209   ,51.4213,9.01813   ,51.1331,8.67728    ,50.8457,8.41308    ,50.5598,8.20359   ,50.2382,7.99639    ,49.9308,7.8194    ,49.6313,7.65848   ,49.0948,7.64091   ,49.2475,8.10008   ,49.5197,8.36555   ,49.8404,8.64975    ,50.1786,8.95502   ,50.464 ,9.23054   ,50.7216,9.50084    ,50.9447,9.78284   ,51.0853,10.0599   ,51.2072,10.3818   ,51.3772,10.6575   ,50.6903,-9.0471   ,-0.85163   ,509,118723,52.3042,11.2908,120.61 ,0
1042,51.7099,10.7841   ,51.574 ,10.3729    ,51.4389,9.99441  ,51.3051,9.65009   ,51.0718,9.27139   ,50.7982,8.9715    ,50.5233,8.7253     ,50.1964,8.46962   ,49.8739,8.23471   ,49.5552,8.00222     ,49.2073,7.7379    ,48.8956,7.5796    ,51.7099,10.7841   ,51.8734,10.2289    ,51.7427,9.78707   ,51.5949,9.3888    ,51.3469,8.95484   ,51.0453,8.61902    ,50.7402,8.35133    ,50.3834,8.08876   ,50.0527,7.88483    ,49.7402,7.72263   ,49.3803,7.54232   ,48.8956,7.5796    ,49.1182,7.9944    ,49.4603,8.34938   ,49.7868,8.6502     ,50.102 ,8.92006   ,50.4003,9.17834   ,50.6373,9.40842    ,50.8635,9.67427   ,51.0517,9.99448   ,51.1675,10.2936   ,51.3113,10.6093   ,50.6155,-9.00466  ,-0.838454  ,518,120100,54.3277,10.966 ,125.681,0
1043,51.655 ,10.7141   ,51.5376,10.322     ,51.3923,9.92946  ,51.2349,9.5728    ,51.0205,9.22306   ,50.7421,8.91515   ,50.4105,8.63186    ,50.1215,8.41493   ,49.7947,8.18398   ,49.4322,7.91286     ,49.1406,7.68586   ,48.8053,7.48645   ,51.655 ,10.7141   ,51.8298,10.2269    ,51.7172,9.75323   ,51.5497,9.35828   ,51.3474,8.9847    ,51.0775,8.65403    ,50.7275,8.35184    ,50.4147,8.12461   ,50.0696,7.90631    ,49.6856,7.66353   ,49.3602,7.48634   ,48.8053,7.48645   ,49.0007,7.9473    ,49.2668,8.22958   ,49.6124,8.52838    ,49.9234,8.77368   ,50.1906,8.98906   ,50.495 ,9.26145    ,50.7593,9.55071   ,50.9634,9.87359   ,51.1034,10.2002   ,51.2821,10.5163   ,50.5231,-8.92415  ,-0.819063  ,528,122763,54.6997,10.3216,126.853,0
1044,51.5418,10.6538   ,51.4538,10.2201    ,51.3152,9.82508  ,51.1341,9.4699    ,50.883 ,9.10632   ,50.6074,8.81654   ,50.2704,8.5464     ,49.9334,8.30016   ,49.6344,8.07353   ,49.2903,7.80325     ,48.9732,7.54646   ,48.6451,7.33145   ,51.5418,10.6538   ,51.7508,10.1016    ,51.6324,9.61674   ,51.4459,9.23263   ,51.1862,8.83632   ,50.8694,8.50304    ,50.5175,8.21127    ,50.171 ,7.9786    ,49.866 ,7.77606    ,49.5157,7.54549   ,49.1807,7.35228   ,48.6451,7.33145   ,48.8521,7.81161   ,49.161 ,8.13744   ,49.5025,8.44781    ,49.7946,8.69505   ,50.1143,8.94824   ,50.4252,9.20389    ,50.6532,9.46741   ,50.8718,9.79554   ,51.0379,10.1267   ,51.1854,10.4405   ,50.403 ,-8.82462  ,-0.804191  ,539,125577,56.0887,10.3029,129.095,0
1045,51.4241,10.4303   ,51.3575,10.0267    ,51.2033,9.62948  ,50.9824,9.29832   ,50.7122,8.9937    ,50.3968,8.69458   ,50.1172,8.45872    ,49.7893,8.2023    ,49.4628,7.9569    ,49.1418,7.71515     ,48.7805,7.46319   ,48.4548,7.28968   ,51.4241,10.4303   ,51.6593,9.91362    ,51.5429,9.42079   ,51.3019,9.04637   ,50.9895,8.69648   ,50.6229,8.34771    ,50.3097,8.083      ,49.9661,7.8251    ,49.6516,7.62216    ,49.351 ,7.44447   ,48.9808,7.2751    ,48.4548,7.28968   ,48.6696,7.70871   ,49.0234,8.05348   ,49.3669,8.3616     ,49.7062,8.6511    ,50.0183,8.91056   ,50.2632,9.12394    ,50.5198,9.37894   ,50.728 ,9.63455   ,50.9074,9.92181   ,51.0801,10.2316   ,50.2798,-8.7272   ,-0.776634  ,538,126168,55.0019,10.7606,126.51 ,0
1046,51.5373,10.1351   ,51.3279,9.76805    ,51.1085,9.45925  ,50.866 ,9.14869   ,50.6166,8.88816   ,50.2962,8.61111   ,50.0039,8.38417    ,49.71  ,8.1669    ,49.3744,7.92203   ,49.0861,7.71599     ,48.7637,7.4865    ,48.4606,7.28965   ,51.5373,10.1351   ,51.5952,9.58596    ,51.421 ,9.2222    ,51.1958,8.8847    ,50.9416,8.60525   ,50.5888,8.30394    ,50.2649,8.05826    ,49.9532,7.84363   ,49.615 ,7.62696    ,49.3333,7.4749    ,48.9899,7.31857   ,48.4606,7.28965   ,48.6159,7.70952   ,48.9208,8.01576   ,49.217 ,8.27679    ,49.5509,8.5523    ,49.8269,8.77326   ,50.086 ,8.98517    ,50.3674,9.24336   ,50.6015,9.48971   ,50.8526,9.77417   ,51.112 ,10.0252   ,50.202 ,-8.63898  ,-0.727488  ,515,120744,52.1013,10.5279,122.51 ,0
1047,51.627 ,9.95816   ,51.3503,9.66103    ,51.1138,9.41375  ,50.8435,9.13531   ,50.5931,8.88868   ,50.2988,8.62082   ,50.0129,8.38785    ,49.7334,8.17996   ,49.417 ,7.95621   ,49.1006,7.737       ,48.784 ,7.53504   ,48.4872,7.39844   ,51.627 ,9.95816   ,51.5761,9.45474    ,51.3976,9.16682   ,51.1373,8.85372   ,50.8639,8.57116   ,50.5295,8.26201    ,50.2114,8.00598    ,49.9185,7.80378   ,49.6066,7.61663    ,49.3025,7.45699   ,48.9676,7.3255    ,48.4872,7.39844   ,48.6781,7.78991   ,48.978 ,8.07148   ,49.3063,8.35065    ,49.6278,8.61388   ,49.8951,8.83241   ,50.1512,9.05183    ,50.4067,9.2875    ,50.6305,9.49887   ,50.9019,9.73581   ,51.1874,9.93489   ,50.1988,-8.61603  ,-0.712527  ,497,116262,50.0501,10.8528,116.853,0
1048,51.6531,10.0779   ,51.4245,9.76828    ,51.1584,9.48012  ,50.8947,9.19945   ,50.6046,8.90479   ,50.3482,8.66079   ,50.0569,8.40811    ,49.7367,8.15658   ,49.4244,7.92494   ,49.113 ,7.69757     ,48.8079,7.47544   ,48.5129,7.28421   ,51.6531,10.0779   ,51.6695,9.58344    ,51.4483,9.23889   ,51.1981,8.93148   ,50.8994,8.61003   ,50.6215,8.34086    ,50.3035,8.06806    ,49.9647,7.81869   ,49.6473,7.61917    ,49.3301,7.44716   ,48.9959,7.30181   ,48.5129,7.28421   ,48.694 ,7.703     ,48.9739,8.00425   ,49.2791,8.28801    ,49.5877,8.55446   ,49.892 ,8.81579   ,50.1601,9.05904    ,50.3949,9.28377   ,50.6702,9.55013   ,50.9394,9.7977    ,51.2387,10.0187   ,50.1955,-8.59876  ,-0.714881  ,502,117473,51.8932,10.469 ,121.338,0
1049,51.6063,10.0477   ,51.3638,9.72643    ,51.1114,9.43709  ,50.8235,9.12528   ,50.556 ,8.852     ,50.2821,8.58863   ,49.9722,8.31532    ,49.6779,8.08078   ,49.3574,7.85098   ,49.0465,7.63881     ,48.7462,7.42546   ,48.4425,7.19878   ,51.6063,10.0477   ,51.603 ,9.52366    ,51.3817,9.15989   ,51.1006,8.813     ,50.8269,8.52296   ,50.539 ,8.24919    ,50.2132,7.97551    ,49.9108,7.7561    ,49.5928,7.56648    ,49.2848,7.41608   ,48.9594,7.27003   ,48.4425,7.19878   ,48.605 ,7.63438   ,48.8855,7.9144    ,49.2006,8.18968    ,49.5273,8.46838   ,49.8177,8.728     ,50.1161,9.01299    ,50.3759,9.27174   ,50.6325,9.52829   ,50.9179,9.80058   ,51.1898,10.0053   ,50.1896,-8.57681  ,-0.718207  ,508,118385,52.5424,10.7206,121.924,0
1050,51.5303,10.0418   ,51.3174,9.68562    ,51.0898,9.41168  ,50.8266,9.13235   ,50.5319,8.83385   ,50.2656,8.57396   ,49.961 ,8.29636    ,49.6754,8.06274   ,49.3678,7.8377    ,49.0669,7.62769     ,48.7367,7.40278   ,48.4403,7.20211   ,51.5303,10.0418   ,51.5954,9.50063    ,51.4188,9.1773    ,51.1858,8.89574   ,50.8972,8.5977    ,50.6164,8.32503    ,50.286 ,8.02935    ,49.9803,7.79323   ,49.6614,7.59035    ,49.3456,7.41593   ,48.9655,7.25022   ,48.4403,7.20211   ,48.5782,7.60422   ,48.8633,7.89086   ,49.1499,8.13866    ,49.4498,8.39387   ,49.721 ,8.63744   ,50.0038,8.90799    ,50.2539,9.15722   ,50.5467,9.4506    ,50.8306,9.72478   ,51.097 ,9.94677   ,50.1924,-8.56951  ,-0.719261  ,513,118235,51.9991,10.4566,123.095,0
1051,51.6108,9.80091   ,51.3404,9.53082    ,51.0431,9.25888  ,50.7598,9.00664   ,50.5035,8.77821   ,50.2029,8.515     ,49.9538,8.30474    ,49.6405,8.05486   ,49.3463,7.83603   ,49.0629,7.63213     ,48.758 ,7.41693   ,48.453 ,7.23      ,51.6108,9.80091   ,51.5178,9.33263    ,51.286 ,9.00863   ,51.0358,8.73602   ,50.7905,8.49118   ,50.4872,8.20893    ,50.2309,7.99062    ,49.9089,7.74882   ,49.6091,7.5593     ,49.3125,7.39458   ,48.9653,7.23607   ,48.453 ,7.23      ,48.6157,7.64378   ,48.8833,7.91932   ,49.1555,8.16534    ,49.448 ,8.41941   ,49.7582,8.68639   ,50.0035,8.89442    ,50.3028,9.1419    ,50.5673,9.35169   ,50.8776,9.57798   ,51.2312,9.79331   ,50.1818,-8.56029  ,-0.717496  ,514,119356,50.0972,10.3161,122.51 ,0
1052,51.6729,9.90327   ,51.3607,9.58209    ,51.1088,9.33592  ,50.7961,9.04373   ,50.5198,8.79251   ,50.2022,8.5149    ,49.9005,8.26441    ,49.5777,8.01358   ,49.2729,7.78921   ,48.9435,7.54777     ,48.6284,7.30556   ,48.3353,7.10918   ,51.6729,9.90327   ,51.5459,9.38416    ,51.3369,9.0869    ,51.0473,8.75054   ,50.7759,8.47273   ,50.4512,8.17324    ,50.1365,7.91326    ,49.8022,7.67239   ,49.4939,7.48301    ,49.1641,7.30662   ,48.8255,7.13722   ,48.3353,7.10918   ,48.4989,7.52572   ,48.795 ,7.84308   ,49.1267,8.14952    ,49.4317,8.41397   ,49.7484,8.68342   ,50.0424,8.93285    ,50.356 ,9.19504   ,50.6362,9.42123   ,50.9667,9.66646   ,51.2537,9.85788   ,50.1331,-8.52334  ,-0.715341  ,527,121954,53.5263,10.5791,124.167,0
1053,51.654 ,10.0513   ,51.4067,9.718      ,51.099 ,9.38767  ,50.8442,9.12686   ,50.5314,8.82155   ,50.2617,8.57357   ,49.9154,8.27949    ,49.6266,8.05491   ,49.3063,7.81537   ,48.9907,7.56906     ,48.6591,7.28599   ,48.3767,7.03909   ,51.654 ,10.0513   ,51.644 ,9.56061    ,51.3864,9.162     ,51.1501,8.87334   ,50.8391,8.54122   ,50.5552,8.26913    ,50.1822,7.95081    ,49.8768,7.72467   ,49.5526,7.51585    ,49.2408,7.3277    ,48.892 ,7.12227   ,48.3767,7.03909   ,48.4952,7.51123   ,48.8186,7.8736    ,49.1396,8.17452    ,49.4576,8.44657   ,49.7331,8.67699   ,50.0572,8.95768    ,50.314 ,9.18789   ,50.6253,9.46799   ,50.8934,9.69886   ,51.2374,9.95228   ,50.0922,-8.48872  ,-0.715083  ,534,123375,54.8299,10.4715,124.409,0
1054,51.6542,9.99003   ,51.3503,9.65086    ,51.0448,9.34023  ,50.7558,9.04449   ,50.4504,8.74518   ,50.1473,8.46904   ,49.8594,8.23145    ,49.4976,7.96378   ,49.1876,7.73399   ,48.8486,7.47325     ,48.5372,7.22438   ,48.1927,7.00154   ,51.6542,9.99003   ,51.6154,9.46456    ,51.3635,9.1402    ,51.105 ,8.8362    ,50.8061,8.51811   ,50.4871,8.21371    ,50.1752,7.95149    ,49.7877,7.6754    ,49.4619,7.45263    ,49.1007,7.21353   ,48.7513,7.01593   ,48.1927,7.00154   ,48.3984,7.49278   ,48.6783,7.7972    ,49.0011,8.08124    ,49.2967,8.317     ,49.6373,8.58495   ,49.9068,8.81141    ,50.1973,9.07015   ,50.5058,9.35319   ,50.818 ,9.63488   ,51.1645,9.91626   ,50.026 ,-8.43453  ,-0.710715  ,545,125783,56.3273,10.2171,129.823,0
1055,51.5626,9.92953   ,51.263 ,9.57539    ,50.986 ,9.28526  ,50.6807,8.97614   ,50.3625,8.66968   ,50.0495,8.3894    ,49.702 ,8.10793    ,49.372 ,7.86138   ,49.0548,7.61724   ,48.7111,7.31491     ,48.4323,7.04277   ,48.1216,6.76614   ,51.5626,9.92953   ,51.5501,9.42895    ,51.3493,9.11814   ,51.0877,8.80552   ,50.7809,8.48639   ,50.4553,8.18282    ,50.0863,7.87912    ,49.7448,7.63693   ,49.4188,7.41727    ,49.0379,7.14219   ,48.6881,6.89751   ,48.1216,6.76614   ,48.2529,7.26419   ,48.4676,7.56562   ,48.7798,7.88868    ,49.0918,8.15457   ,49.4145,8.41158   ,49.7462,8.68442    ,50.0504,8.9525    ,50.3781,9.25078   ,50.7199,9.55272   ,51.0599,9.81208   ,49.9359,-8.34528  ,-0.71947   ,561,129951,57.48  ,10.6517,131.238,0
1056,51.482 ,9.84454   ,51.156 ,9.47041    ,50.8627,9.16316  ,50.5392,8.83802   ,50.26  ,8.57353   ,49.933 ,8.28685   ,49.5739,8.00448    ,49.2346,7.75002   ,48.9044,7.47421   ,48.5762,7.16791     ,48.2699,6.87132   ,47.9672,6.60775   ,51.482 ,9.84454   ,51.4599,9.32586    ,51.2496,9.00754   ,50.9704,8.68151   ,50.6978,8.40346   ,50.3591,8.09399    ,49.9871,7.80222    ,49.6418,7.56474   ,49.2905,7.31157    ,48.9139,7.02834   ,48.5211,6.75397   ,47.9672,6.60775   ,48.1015,7.06895   ,48.3311,7.39601   ,48.6121,7.72037    ,48.9227,8.00879   ,49.2604,8.28171   ,49.6137,8.56924    ,49.9338,8.84661   ,50.2186,9.10325   ,50.5785,9.42481   ,50.9414,9.71081   ,49.8369,-8.25165  ,-0.71889   ,567,130947,58.7237,10.8416,133.238,0
1057,51.3357,9.6678    ,51.041 ,9.32981    ,50.7442,9.02857  ,50.4637,8.75509   ,50.1753,8.49032   ,49.8457,8.21134   ,49.5241,7.95527    ,49.2034,7.69665   ,48.8838,7.42155   ,48.621 ,7.18231     ,48.3023,6.88312   ,48.0172,6.6299    ,51.3357,9.6678    ,51.3107,9.15916    ,51.075 ,8.81595   ,50.8155,8.52273   ,50.5249,8.23779   ,50.1802,7.94275    ,49.8481,7.69162    ,49.5286,7.46422   ,49.2113,7.23196    ,48.9362,7.02427   ,48.5617,6.76098   ,48.0172,6.6299    ,48.1175,7.07569   ,48.391 ,7.41923   ,48.6467,7.69107    ,48.9701,8.00493   ,49.2916,8.29133   ,49.6041,8.55571    ,49.9216,8.82818   ,50.2074,9.07854   ,50.5032,9.33088   ,50.8478,9.57984   ,49.7649,-8.17299  ,-0.719358  ,533,124520,55.2749,10.3522,125.581,0
1058,51.1486,9.53162   ,50.8949,9.18974    ,50.626 ,8.90744  ,50.3627,8.65006   ,50.0893,8.40148   ,49.7741,8.13812   ,49.4645,7.89419    ,49.1552,7.64516   ,48.8924,7.42041   ,48.5993,7.15144     ,48.3332,6.89178   ,48.0613,6.63836   ,51.1486,9.53162   ,51.177 ,9.01183    ,50.9607,8.6926    ,50.7098,8.41317   ,50.4263,8.13714   ,50.0888,7.8457     ,49.7653,7.59797    ,49.4576,7.37845   ,49.199 ,7.19228    ,48.897 ,6.96855   ,48.5877,6.75065   ,48.0613,6.63836   ,48.1503,7.10382   ,48.3827,7.41116   ,48.6724,7.72447    ,48.9412,7.98508   ,49.2519,8.25951   ,49.5485,8.50252    ,49.8434,8.74588   ,50.1058,8.97276   ,50.3746,9.20652   ,50.6793,9.44211   ,49.6868,-8.08845  ,-0.716142  ,511,117763,52.0673,10.4307,119.338,0
1059,50.9672,9.37724   ,50.7618,9.05908    ,50.4942,8.77189  ,50.2264,8.51556   ,49.9455,8.26693   ,49.6657,8.03446   ,49.3904,7.81187    ,49.1184,7.58656   ,48.8543,7.35842   ,48.571 ,7.10397     ,48.3154,6.86829   ,48.0362,6.66057   ,50.9672,9.37724   ,51.053 ,8.89819    ,50.8374,8.55696   ,50.5759,8.26925   ,50.2829,7.9931    ,49.9878,7.74351    ,49.7028,7.52045    ,49.4306,7.31654   ,49.1681,7.12482    ,48.8693,6.91791   ,48.5556,6.72074   ,48.0362,6.66057   ,48.1452,7.07985   ,48.3498,7.36051   ,48.6265,7.66729    ,48.8963,7.93255   ,49.1693,8.1773    ,49.4362,8.40098    ,49.702 ,8.62156   ,49.9689,8.8469    ,50.235 ,9.07161   ,50.5336,9.29675   ,49.614 ,-8.00708  ,-0.713767  ,486,113223,49.2667,10.5252,114.51 ,0
1060,51.04  ,9.26422   ,50.7316,8.99855    ,50.4777,8.76132  ,50.2065,8.505     ,49.9266,8.251     ,49.6918,8.04861   ,49.4141,7.81947    ,49.097 ,7.55882   ,48.8334,7.3336    ,48.5883,7.11751     ,48.2985,6.86132   ,48.0337,6.67222   ,51.04  ,9.26422   ,50.9449,8.75935    ,50.713 ,8.45145   ,50.4493,8.15714   ,50.1772,7.89208   ,49.9475,7.69397    ,49.6733,7.47686    ,49.361 ,7.2422    ,49.1011,7.05174    ,48.8483,6.87748   ,48.5065,6.68223   ,48.0337,6.67222   ,48.1585,7.09882   ,48.4067,7.42722   ,48.6518,7.69001    ,48.9227,7.95033   ,49.2465,8.23691   ,49.5297,8.48236    ,49.77  ,8.69328   ,50.0556,8.93873   ,50.3304,9.15468   ,50.5964,9.30778   ,49.5935,-7.98607  ,-0.718767  ,482,111545,48.7248,11.0224,114.51 ,0
1061,51.0643,9.16198   ,50.742 ,8.9669     ,50.4473,8.74823  ,50.1473,8.49222   ,49.8484,8.21285   ,49.6086,7.98775   ,49.3235,7.73494    ,49.041 ,7.49652   ,48.771 ,7.27024   ,48.4823,7.02175     ,48.1887,6.77395   ,47.9238,6.55669   ,51.0643,9.16198   ,50.9431,8.7589     ,50.7087,8.49344   ,50.4307,8.21084   ,50.12  ,7.90404   ,49.8525,7.64971    ,49.5427,7.37345    ,49.2562,7.14061   ,48.9892,6.94295    ,48.6918,6.74979   ,48.3504,6.58723   ,47.9238,6.55669   ,48.0961,7.01485   ,48.3513,7.36191   ,48.6404,7.67147    ,48.9187,7.92999   ,49.1994,8.17856   ,49.4596,8.4135     ,49.6749,8.6147    ,49.9645,8.86425   ,50.2849,9.0796    ,50.6345,9.23732   ,49.5326,-7.93214  ,-0.727536  ,485,112076,50.1371,10.7346,119.095,0
1062,51.0502,9.15518   ,50.721 ,8.93932    ,50.4284,8.73897  ,50.1328,8.50207   ,49.8637,8.2456    ,49.5966,7.99359   ,49.3602,7.77777    ,49.0763,7.52615   ,48.8084,7.29388   ,48.5303,7.05474     ,48.2476,6.80906   ,47.9831,6.62988   ,51.0502,9.15518   ,50.9093,8.71974    ,50.6628,8.45284   ,50.3825,8.18073   ,50.1126,7.91047   ,49.8499,7.65394    ,49.6198,7.44518    ,49.3416,7.21033   ,49.0698,6.99623    ,48.7728,6.78802   ,48.4483,6.60138   ,47.9831,6.62988   ,48.1142,7.07465   ,48.3629,7.38612   ,48.6328,7.66561    ,48.9043,7.92362   ,49.1959,8.19644   ,49.4359,8.41919    ,49.6974,8.66027   ,49.9549,8.88747   ,50.2736,9.08186   ,50.6175,9.21384   ,49.5372,-7.93989  ,-0.731168  ,482,112399,48.8505,10.6711,114.853,0
1063,51.0344,9.16225   ,50.7037,8.92306    ,50.4187,8.71411  ,50.0947,8.45173   ,49.8422,8.22521   ,49.5307,7.93882   ,49.2583,7.69119    ,48.9912,7.45235   ,48.6981,7.19324   ,48.431 ,6.95908     ,48.1489,6.71957   ,47.8446,6.49981   ,51.0344,9.16225   ,50.8882,8.69976    ,50.6509,8.4376    ,50.3691,8.16264   ,50.1398,7.93693   ,49.8424,7.65012    ,49.5736,7.40778    ,49.3026,7.17885   ,48.9935,6.93314    ,48.7008,6.72313   ,48.3748,6.53671   ,47.8446,6.49981   ,47.9917,6.95903   ,48.2346,7.259     ,48.4833,7.52432    ,48.7673,7.80359   ,49.0335,8.05637   ,49.3094,8.31053    ,49.6307,8.59234   ,49.9022,8.81111   ,50.2674,9.05149   ,50.6026,9.21485   ,49.4672,-7.87516  ,-0.728794  ,502,116059,51.0357,10.4082,119.095,0
1064,50.8942,9.13586   ,50.5983,8.87847    ,50.2771,8.61192  ,49.9917,8.35697   ,49.7356,8.12109   ,49.4678,7.87944   ,49.1507,7.60258    ,48.8815,7.37232   ,48.5748,7.10474   ,48.2884,6.84987     ,48.0327,6.62562   ,47.7349,6.40903   ,50.8942,9.13586   ,50.8232,8.63456    ,50.5182,8.30173   ,50.2358,8.02686   ,49.9811,7.7781    ,49.7127,7.53034    ,49.3961,7.26398    ,49.1292,7.05767   ,48.8222,6.82556    ,48.5238,6.60758   ,48.2377,6.43099   ,47.7349,6.40903   ,47.897 ,6.87965   ,48.1311,7.16181   ,48.4134,7.45995    ,48.7229,7.76338   ,48.9958,8.01902   ,49.3131,8.30885    ,49.5774,8.54426   ,49.8304,8.76283   ,50.1169,8.99159   ,50.45  ,9.18269   ,49.4016,-7.82836  ,-0.724873  ,512,117968,51.249 ,10.7323,121.095,0
1065,50.8918,9.22963   ,50.6012,8.90446    ,50.3089,8.63265  ,50.0153,8.36327   ,49.71  ,8.08983   ,49.4123,7.82252   ,49.1164,7.56588    ,48.803 ,7.29725   ,48.5359,7.06907   ,48.1997,6.77833     ,47.902 ,6.51583   ,47.6128,6.31051   ,50.8918,9.22963   ,50.8291,8.6878     ,50.53  ,8.31833   ,50.2142,7.99549   ,49.9161,7.72164   ,49.6561,7.48286    ,49.3697,7.23932    ,49.0543,6.98759   ,48.7865,6.78667    ,48.4473,6.54866   ,48.1186,6.33898   ,47.6128,6.31051   ,47.7545,6.75271   ,48.0328,7.07866   ,48.3731,7.42641    ,48.6418,7.68411   ,48.9507,7.96771   ,49.2474,8.23207    ,49.5762,8.52307   ,49.8979,8.80497   ,50.1734,9.02629   ,50.4507,9.1939    ,49.3398,-7.7768   ,-0.722813  ,522,121294,53.9903,10.6761,123.924,0
1066,50.9075,9.21766   ,50.5851,8.89948    ,50.3284,8.65733  ,50.0129,8.36317   ,49.7117,8.09245   ,49.4059,7.8249    ,49.0932,7.5603     ,48.8056,7.32587   ,48.4823,7.04475   ,48.1926,6.77827     ,47.8991,6.50309   ,47.618 ,6.26895   ,50.9075,9.21766   ,50.8479,8.7097     ,50.6164,8.41065   ,50.3111,8.09043   ,50.0367,7.83715   ,49.7583,7.59117    ,49.446 ,7.32211    ,49.1479,7.08122   ,48.8101,6.80793    ,48.4895,6.5533    ,48.1395,6.31276   ,47.618 ,6.26895   ,47.7401,6.76747   ,47.9806,7.08363   ,48.234 ,7.3525     ,48.5531,7.64365   ,48.8428,7.8834    ,49.158 ,8.14898    ,49.4859,8.43577   ,49.8182,8.7313    ,50.1459,9.0035    ,50.4184,9.1793    ,49.3086,-7.75386  ,-0.723356  ,531,123454,54.2077,10.1049,127.338,0
1067,50.9152,9.22097   ,50.5788,8.89161    ,50.2883,8.6155   ,49.9802,8.32743   ,49.6667,8.0443    ,49.3517,7.77167   ,49.0437,7.51278    ,48.7094,7.23078   ,48.403 ,6.95384   ,48.0741,6.63214     ,47.8115,6.35681   ,47.5166,6.05963   ,50.9152,9.22097   ,50.8721,8.74022    ,50.6272,8.42096   ,50.3404,8.11531   ,50.0434,7.8296    ,49.738 ,7.55713    ,49.4297,7.29252    ,49.0796,7.00246   ,48.7423,6.7287     ,48.3641,6.4292    ,48.0306,6.19054   ,47.5166,6.05963   ,47.6645,6.59941   ,47.8634,6.91594   ,48.1492,7.25843    ,48.4304,7.538     ,48.7584,7.81696   ,49.0701,8.07561    ,49.3949,8.35182   ,49.7237,8.63555   ,50.0499,8.90502   ,50.375 ,9.12884   ,49.2581,-7.69202  ,-0.732364  ,548,127105,56.9648,10.4475,131.581,0
1068,51.0158,9.15777   ,50.6356,8.90177    ,50.2636,8.5854   ,49.9336,8.28727   ,49.6021,7.99367   ,49.2803,7.71977   ,48.9378,7.43304    ,48.6198,7.15083   ,48.3005,6.8436    ,47.9908,6.51227     ,47.7058,6.17743   ,47.4323,5.84774   ,51.0158,9.15777   ,50.8838,8.69671    ,50.5592,8.34238   ,50.2532,8.0398    ,49.9449,7.75511   ,49.6468,7.49655    ,49.3362,7.23272    ,49.0276,6.96834   ,48.6783,6.6712     ,48.3059,6.35213   ,47.9319,6.04366   ,47.4323,5.84774   ,47.5568,6.40444   ,47.7614,6.76853   ,48.0138,7.1072     ,48.3024,7.41689   ,48.6326,7.71236   ,49.0183,8.03055    ,49.3691,8.32759   ,49.7248,8.63487   ,50.0767,8.92519   ,50.4879,9.18441   ,49.2035,-7.63438  ,-0.741185  ,566,130176,60.037 ,10.4575,137.238,0
1069,51.0139,9.12224   ,50.6077,8.86741    ,50.2903,8.60374  ,49.9577,8.30591   ,49.616 ,8.00038   ,49.2728,7.70292   ,48.9381,7.42048    ,48.6192,7.14521   ,48.3158,6.85886   ,48.002 ,6.5264      ,47.7273,6.21285   ,47.4475,5.89556   ,51.0139,9.12224   ,50.8415,8.63017    ,50.5553,8.33507   ,50.2402,8.02594   ,49.9128,7.71873   ,49.58  ,7.42444    ,49.2502,7.14648    ,48.9306,6.88427   ,48.626 ,6.62953    ,48.3081,6.34536   ,47.9905,6.07438   ,47.4475,5.89556   ,47.5408,6.43867   ,47.7783,6.80028   ,48.104 ,7.18503    ,48.4118,7.49855   ,48.7356,7.78658   ,49.0795,8.07903    ,49.4338,8.38307   ,49.7877,8.68756   ,50.1337,8.967     ,50.4743,9.18015   ,49.1857,-7.6089   ,-0.743577  ,572,131902,59.1959,10.1063,136.894,0
1070,51.0147,9.12306   ,50.5949,8.85377    ,50.2682,8.57975  ,49.9299,8.27737   ,49.5864,7.97394   ,49.2419,7.67924   ,48.903 ,7.39352    ,48.5745,7.10547   ,48.2576,6.80339   ,47.9675,6.5045      ,47.6657,6.1758    ,47.3733,5.87246   ,51.0147,9.12306   ,50.8287,8.6161     ,50.5319,8.31168   ,50.2072,7.99417   ,49.8703,7.68056   ,49.529 ,7.38055    ,49.1912,7.09652    ,48.861 ,6.82241   ,48.5398,6.54854    ,48.2423,6.28882   ,47.8988,6.01036   ,47.3733,5.87246   ,47.5144,6.43142   ,47.7845,6.81783   ,48.0786,7.16       ,48.3959,7.48615   ,48.7266,7.78536   ,49.0693,8.07489    ,49.4173,8.36724   ,49.7664,8.66258   ,50.1156,8.94542   ,50.4648,9.17057   ,49.1744,-7.60111  ,-0.740637  ,575,132781,60.0279,10.2125,136.894,0
1071,51.0015,9.15284   ,50.6334,8.89977    ,50.296 ,8.61041  ,49.9435,8.29461   ,49.6355,8.02239   ,49.2726,7.70828   ,48.9648,7.44285    ,48.6129,7.12589   ,48.3133,6.83504   ,47.9795,6.48855     ,47.731 ,6.20601   ,47.4803,5.84544   ,51.0015,9.15284   ,50.885 ,8.70116    ,50.5968,8.37948   ,50.2701,8.05216   ,49.9796,7.77839   ,49.6363,7.47297    ,49.3416,7.21932    ,48.9967,6.92289   ,48.693 ,6.65428    ,48.3303,6.32945   ,48.025 ,6.07106   ,47.4803,5.84544   ,47.5127,6.43233   ,47.7199,6.7452    ,48.0329,7.11484    ,48.329 ,7.42212   ,48.6898,7.75492   ,49.0125,8.03253    ,49.3948,8.35675   ,49.7185,8.62802   ,50.0944,8.92944   ,50.4719,9.17043   ,49.1689,-7.59539  ,-0.743877  ,577,133833,59.5157,10.3465,134.894,0
1072,51.0134,9.13313   ,50.6183,8.88338    ,50.2668,8.58566  ,49.8995,8.25658   ,49.5775,7.97205   ,49.2004,7.64635   ,48.883 ,7.37246    ,48.5208,7.04082   ,48.2132,6.73609   ,47.8798,6.38467     ,47.5985,6.06278   ,47.314 ,5.70656   ,51.0134,9.13313   ,50.8532,8.66077    ,50.5455,8.32683   ,50.2051,7.9895    ,49.9046,7.70964   ,49.5509,7.39893    ,49.248 ,7.14172    ,48.8912,6.83723   ,48.5746,6.55869    ,48.2009,6.22749   ,47.8423,5.92881   ,47.314 ,5.70656   ,47.4281,6.28476   ,47.6485,6.63917   ,47.953 ,7.0163     ,48.2536,7.34256   ,48.6228,7.69479   ,48.9571,7.98571    ,49.3583,8.32869   ,49.7   ,8.61901   ,50.091 ,8.93548   ,50.4784,9.17955   ,49.1329,-7.56043  ,-0.747389  ,590,135527,62.1006,10.2383,139.723,0
1073,51.0071,9.16497   ,50.6007,8.86863    ,50.2382,8.55839  ,49.9151,8.27033   ,49.5821,7.97573   ,49.2386,7.67207   ,48.8866,7.35576    ,48.5325,7.02647   ,48.2456,6.74969   ,47.9287,6.43165     ,47.5775,6.05975   ,47.2972,5.77541   ,51.0071,9.16497   ,50.8555,8.66129    ,50.5286,8.30771   ,50.2136,7.99717   ,49.8855,7.69265   ,49.5552,7.40037    ,49.226 ,7.11633    ,48.8956,6.83054   ,48.6148,6.58495    ,48.2715,6.28703   ,47.819 ,5.93271   ,47.2972,5.77541   ,47.4147,6.27216   ,47.6857,6.67841   ,47.9888,7.02449    ,48.2867,7.33318   ,48.6654,7.70281   ,49.0378,8.04657    ,49.3911,8.3578    ,49.7257,8.64071   ,50.0537,8.90292   ,50.4442,9.15447   ,49.1503,-7.57396  ,-0.745415  ,589,135530,61.7144,10.164 ,139.137,0
1074,50.9975,9.16724   ,50.6462,8.90554    ,50.2901,8.60491  ,49.977 ,8.32303   ,49.6217,8.00104   ,49.3291,7.73736   ,48.9677,7.4171     ,48.6397,7.1186    ,48.3653,6.85948   ,48.0518,6.55153     ,47.7288,6.22037   ,47.4476,5.92394   ,50.9975,9.16724   ,50.8788,8.69367    ,50.5567,8.33632   ,50.251 ,8.0296    ,49.9082,7.7007    ,49.651 ,7.46043    ,49.3343,7.18793    ,49.0294,6.92898   ,48.7586,6.69482    ,48.4203,6.40369   ,48.0188,6.08889   ,47.4476,5.92394   ,47.5237,6.44087   ,47.7839,6.80012   ,48.0808,7.12822    ,48.3604,7.41032   ,48.7079,7.74145   ,49.1055,8.10216    ,49.4339,8.39087   ,49.807 ,8.7108    ,50.1276,8.96547   ,50.5092,9.19137   ,49.1903,-7.60691  ,-0.744695  ,582,134577,59.0341,10.3302,134.652,0
1075,50.9107,9.2077    ,50.5666,8.87847    ,50.2678,8.59584  ,49.9473,8.29282   ,49.6748,8.03964   ,49.3551,7.75123   ,49.0509,7.48294    ,48.7033,7.17687   ,48.3968,6.90114   ,48.0959,6.62414     ,47.7827,6.33631   ,47.4838,6.08515   ,50.9107,9.2077    ,50.8498,8.70607    ,50.5918,8.37563   ,50.2811,8.0449    ,50.0037,7.77363   ,49.6674,7.46535    ,49.3418,7.18249    ,48.9772,6.87802   ,48.6703,6.62651    ,48.3611,6.38093   ,48.0048,6.13641   ,47.4838,6.08515   ,47.6429,6.61106   ,47.9281,6.95749   ,48.226 ,7.26901    ,48.5299,7.56491   ,48.8592,7.87063   ,49.1474,8.13024    ,49.4547,8.40569   ,49.7219,8.64287   ,50.0474,8.91429   ,50.3757,9.13696   ,49.2487,-7.66493  ,-0.736212  ,565,131210,56.8726,10.3521,130.409,0
1076,50.8992,9.15444   ,50.6005,8.86703    ,50.2924,8.59784  ,49.9677,8.30864   ,49.6873,8.05787   ,49.3626,7.77179   ,49.0876,7.53247    ,48.7704,7.25748   ,48.4586,6.98796   ,48.1566,6.73377     ,47.834 ,6.48313   ,47.5077,6.27294   ,50.8992,9.15444   ,50.8106,8.68364    ,50.5289,8.32152   ,50.2015,7.97177   ,49.9114,7.69044   ,49.5739,7.38809    ,49.2914,7.14931    ,48.9733,6.89239   ,48.6674,6.65871    ,48.3678,6.45673   ,48.0207,6.28526   ,47.5077,6.27294   ,47.7239,6.73756   ,48.03  ,7.08035   ,48.3379,7.39299    ,48.6576,7.70073   ,48.975 ,7.99478   ,49.2435,8.23625    ,49.5566,8.50844   ,49.8273,8.72915   ,50.1473,8.95463   ,50.4709,9.11993   ,49.3074,-7.74179  ,-0.723817  ,538,124699,54.6644,11.1634,126.167,0
1077,50.8202,9.33114   ,50.586 ,8.99081    ,50.321 ,8.68802  ,50.0812,8.43459   ,49.7948,8.14889   ,49.5147,7.89164   ,49.231 ,7.65347    ,48.9527,7.43378   ,48.6482,7.20731   ,48.2987,6.98292     ,47.96  ,6.80449   ,47.653 ,6.66602   ,50.8202,9.33114   ,50.8542,8.8797     ,50.6265,8.50139   ,50.3835,8.19364   ,50.073 ,7.85188   ,49.7586,7.55058    ,49.4529,7.2922     ,49.1639,7.07173   ,48.8502,6.85757    ,48.4843,6.65804   ,48.1129,6.55422   ,47.653 ,6.66602   ,47.9041,7.10347   ,48.2057,7.36101   ,48.5306,7.61748    ,48.8324,7.86607   ,49.1037,8.09198   ,49.3644,8.31516    ,49.6106,8.53708   ,49.8754,8.77548   ,50.1092,8.97709   ,50.395 ,9.19785   ,49.3859,-7.85416  ,-0.693434  ,512,118284,51.3904,10.7033,120.267,0
1078,50.8509,9.30424   ,50.6202,9.01648    ,50.3741,8.75409  ,50.1054,8.47611   ,49.8316,8.20374   ,49.6055,7.98994   ,49.3424,7.75666    ,49.05  ,7.52808   ,48.7188,7.33827   ,48.3633,7.24043     ,48.0443,7.22627   ,47.6975,7.29326   ,50.8509,9.30424   ,50.8377,8.86354    ,50.629 ,8.51565   ,50.366 ,8.17564   ,50.0851,7.86014   ,49.8478,7.62282    ,49.5692,7.37497    ,49.2574,7.14294   ,48.8923,6.95946    ,48.4765,6.8785    ,48.098 ,6.91422   ,47.6975,7.29326   ,48.0792,7.53515   ,48.3419,7.6167    ,48.6301,7.75503    ,48.9246,7.97175   ,49.2016,8.21202   ,49.4529,8.4401     ,49.6694,8.6362    ,49.9356,8.86931   ,50.2058,9.08355   ,50.4758,9.25      ,49.4512,-7.97832  ,-0.646846  ,503,114763,48.632 ,11.2122,114.368,0
1079,50.8572,9.31169   ,50.6428,9.02963    ,50.3888,8.76053  ,50.1516,8.51677   ,49.909 ,8.27678   ,49.6668,8.05055   ,49.3932,7.81776    ,49.1302,7.63409   ,48.8208,7.49851   ,48.4932,7.46118     ,48.148 ,7.53022   ,47.8606,7.67483   ,50.8572,9.31169   ,50.8308,8.83632    ,50.5866,8.44978   ,50.3305,8.12995   ,50.0626,7.83584   ,49.7952,7.57732    ,49.4979,7.33319    ,49.2166,7.16134   ,48.8751,7.0536     ,48.4978,7.04937   ,48.1176,7.19809   ,47.8606,7.67483   ,48.2495,7.83891   ,48.5704,7.87076   ,48.8464,7.96744    ,49.1186,8.1524    ,49.365 ,8.3636    ,49.6184,8.59633    ,49.8365,8.79636   ,50.0528,8.98491   ,50.2678,9.15142   ,50.5193,9.29369   ,49.4984,-8.074    ,-0.601899  ,491,112701,46.2356,12.7421,110.711,0
1080,50.7885,9.1592    ,50.5945,8.89583    ,50.3841,8.68887  ,50.1573,8.47762   ,49.9217,8.26379   ,49.6815,8.05723   ,49.4414,7.87871    ,49.1579,7.73385   ,48.8936,7.67488   ,48.5624,7.71326     ,48.3232,7.85094   ,48.1586,8.09761   ,50.7885,9.1592    ,50.7541,8.70002    ,50.5565,8.3865    ,50.3232,8.09834   ,50.0701,7.82625   ,49.8037,7.57358    ,49.5337,7.3681     ,49.2066,7.22272   ,48.8838,7.18769    ,48.469 ,7.28415   ,48.1874,7.51765   ,48.1586,8.09761   ,48.5099,8.14256   ,48.7249,8.12026   ,48.9799,8.17011    ,49.1823,8.27284   ,49.4178,8.43533   ,49.6281,8.59753    ,49.8414,8.76235   ,50.0574,8.91764   ,50.2745,9.05111   ,50.4929,9.16384   ,49.5409,-8.15978  ,-0.55786   ,484,111391,41.5004,13.1658,108.468,0
1081,50.7592,9.1735    ,50.5968,8.90827    ,50.3766,8.68035  ,50.1492,8.4595    ,49.9464,8.2699    ,49.6949,8.05981   ,49.4245,7.88119    ,49.1743,7.77902   ,48.8467,7.77159   ,48.6037,7.91937     ,48.429 ,8.19081   ,48.37  ,8.46081   ,50.7592,9.1735    ,50.7634,8.72874    ,50.5543,8.37933   ,50.3253,8.08086   ,50.1182,7.84569   ,49.8411,7.59437    ,49.5193,7.38888    ,49.2059,7.28421   ,48.7754,7.30793    ,48.4554,7.52609   ,48.2612,7.93648   ,48.37  ,8.46081   ,48.6251,8.38181   ,48.8041,8.26183   ,48.988 ,8.21921    ,49.2157,8.29469   ,49.3989,8.41227   ,49.6141,8.57584    ,49.8341,8.74796   ,50.0298,8.89267   ,50.2557,9.03787   ,50.4823,9.15702   ,49.5683,-8.22322  ,-0.522606  ,481,111714,41.4854,12.6378,109.054,0
1082,50.8902,9.2946    ,50.6802,9.00365    ,50.4357,8.76743  ,50.2049,8.54442   ,49.9467,8.29231   ,49.6748,8.05872   ,49.4117,7.88456    ,49.0756,7.81902   ,48.7467,7.92481   ,48.5735,8.21508     ,48.5687,8.55331   ,48.6512,8.86017   ,50.8902,9.2946    ,50.8217,8.75209    ,50.5576,8.37542   ,50.3049,8.07602   ,50.0254,7.77216   ,49.6893,7.49831    ,49.3437,7.3158     ,48.8823,7.3175    ,48.4336,7.55861    ,48.2217,7.97813   ,48.2742,8.42164   ,48.6512,8.86017   ,48.8547,8.61152   ,48.9447,8.37746   ,49.1222,8.24708    ,49.3476,8.31971   ,49.5475,8.48753   ,49.7268,8.6723     ,49.9352,8.87487   ,50.1681,9.07597   ,50.3835,9.22552   ,50.6079,9.32705   ,49.5429,-8.26514  ,-0.473074  ,491,114569,46.274 ,14.5863,115.296,0
1083,50.9689,9.28948   ,50.733 ,9.00991    ,50.461 ,8.76933  ,50.2162,8.53939   ,49.9611,8.30112   ,49.6689,8.08929   ,49.3485,7.95794    ,49.0264,7.94009   ,48.7251,8.12276   ,48.6619,8.45579     ,48.7321,8.79599   ,48.8761,9.08274   ,50.9689,9.28948   ,50.849 ,8.71955    ,50.5291,8.33628   ,50.2509,8.01528   ,49.9682,7.71126   ,49.6122,7.46019    ,49.2013,7.35552    ,48.7718,7.43927   ,48.3775,7.78848    ,48.2949,8.23936   ,48.4447,8.69155   ,48.8761,9.08274   ,48.9978,8.82924   ,49.0255,8.59326   ,49.1128,8.39707    ,49.3579,8.43139   ,49.5783,8.58182   ,49.8017,8.7641     ,50.0226,8.95007   ,50.2406,9.1225    ,50.4591,9.25955   ,50.6825,9.35666   ,49.5545,-8.32774  ,-0.44066   ,499,114602,47.1883,16.1596,116.125,0
1084,50.9893,9.22468   ,50.7769,8.97374    ,50.5111,8.7391   ,50.2676,8.51907   ,50.0197,8.32752   ,49.7093,8.15622   ,49.3788,8.06211    ,49.0804,8.04862   ,48.8106,8.21288   ,48.7682,8.55415     ,48.8692,8.86889   ,49.0582,9.0998    ,50.9893,9.22468   ,50.8532,8.7162     ,50.5479,8.31517   ,50.2663,7.98987   ,49.9725,7.71412   ,49.5831,7.49773    ,49.1413,7.434      ,48.7392,7.51354   ,48.419 ,7.8663     ,48.3825,8.36629   ,48.5604,8.80511   ,49.0582,9.0998    ,49.1464,8.86745   ,49.1453,8.6686    ,49.2343,8.50751    ,49.4887,8.57732   ,49.6981,8.70517   ,49.9165,8.84942    ,50.14  ,8.99236   ,50.3378,9.10656   ,50.5441,9.22819   ,50.7614,9.28568   ,49.5881,-8.37126  ,-0.430729  ,494,114011,44.8047,17.0743,114.711,0
1085,50.9183,9.32329   ,50.669 ,9.00791    ,50.4106,8.75368  ,50.1559,8.48611   ,49.8787,8.24502   ,49.5354,8.07819   ,49.1711,8.01401    ,48.8688,8.16489   ,48.8269,8.5413    ,48.9308,8.90364     ,49.1351,9.18996   ,49.4186,9.37845   ,50.9183,9.32329   ,50.8225,8.70969    ,50.5364,8.32191   ,50.2336,7.95641   ,49.9047,7.66103   ,49.467 ,7.50873    ,48.9702,7.53038    ,48.55  ,7.81142   ,48.4307,8.31289    ,48.5645,8.79796   ,48.9016,9.16674   ,49.4186,9.37845   ,49.3073,9.15191   ,49.2597,8.92691   ,49.2137,8.67065    ,49.2348,8.44363   ,49.4708,8.49987   ,49.7089,8.68395    ,49.9393,8.89116   ,50.151 ,9.09119   ,50.3585,9.26096   ,50.5862,9.37386   ,49.5989,-8.43876  ,-0.419723  ,494,114584,50.0546,15.0928,122.953,0
1086,50.932 ,9.34663   ,50.725 ,9.05115    ,50.4501,8.79444  ,50.2092,8.55151   ,49.9338,8.3147    ,49.6052,8.16301   ,49.2554,8.1216     ,48.9373,8.25501   ,48.9118,8.6037    ,49.0733,8.91516     ,49.3472,9.14134   ,49.681 ,9.16274   ,50.932 ,9.34663   ,50.8689,8.76164    ,50.544 ,8.32969   ,50.2278,7.96371   ,49.867 ,7.65496   ,49.4317,7.52409    ,48.9491,7.60235    ,48.5399,7.95848   ,48.4565,8.44536    ,48.6778,8.86362   ,49.1215,9.18335   ,49.681 ,9.16274   ,49.4937,9.06155   ,49.415 ,8.89356   ,49.3473,8.67963    ,49.3778,8.49747   ,49.6443,8.63858   ,49.868 ,8.8283     ,50.073 ,9.02556   ,50.2579,9.20728   ,50.4259,9.32731   ,50.6456,9.39984   ,49.6407,-8.47248  ,-0.427002  ,497,113566,48.437 ,16.9984,124.368,0
1087,50.9643,9.36801   ,50.81  ,9.1667     ,50.6431,9.0054   ,50.4646,8.82429   ,50.2847,8.6379    ,50.0669,8.4763    ,49.7949,8.41093    ,49.5432,8.3945    ,49.3095,8.39258   ,49.035 ,8.40684     ,48.7639,8.4522    ,48.5311,8.57119   ,50.9643,9.36801   ,50.9565,8.89729    ,50.8027,8.64492   ,50.6093,8.38771   ,50.4019,8.13113   ,50.165 ,7.87219    ,49.8493,7.68019    ,49.5423,7.60494   ,49.2621,7.60168    ,48.9473,7.68728   ,48.6635,7.92201   ,48.5311,8.57119   ,48.8   ,8.99891   ,49.0372,9.13575   ,49.2627,9.18529    ,49.4524,9.18165   ,49.6629,9.1341    ,49.9055,9.05262    ,50.1061,9.0872    ,50.2604,9.19784   ,50.4243,9.30806   ,50.6122,9.38507   ,49.6857,-8.50776  ,-0.407132  ,494,114004,35.1143,19.4219,94.9117,1
1088,50.9752,9.37706   ,50.822 ,9.14369    ,50.6195,8.94949  ,50.4281,8.76219   ,50.2411,8.57559   ,50.0558,8.43225   ,49.7855,8.34858    ,49.5387,8.36035   ,49.2797,8.44299   ,49.0434,8.58721     ,48.8707,8.76173   ,48.7904,8.99602   ,50.9752,9.37706   ,50.9688,8.92482    ,50.7677,8.59814   ,50.5409,8.30674   ,50.3027,8.02671   ,50.0756,7.8077     ,49.7544,7.63626    ,49.4418,7.59438   ,49.1066,7.69154    ,48.818 ,7.94104   ,48.6475,8.30095   ,48.7904,8.99602   ,49.1332,9.17233   ,49.3303,9.18655   ,49.5258,9.16247    ,49.7091,9.11416   ,49.8818,9.06892   ,50.0907,9.08934    ,50.2316,9.17483   ,50.37  ,9.27251   ,50.5254,9.35183   ,50.7188,9.40812   ,49.7185,-8.52761  ,-0.410068  ,485,113480,35.8482,18.9252,93.4975,1
1089,50.9669,9.36635   ,50.8214,9.13344    ,50.6331,8.95694  ,50.4332,8.76059   ,50.2409,8.56633   ,50.0449,8.41801   ,49.7963,8.3422     ,49.5253,8.35833   ,49.2557,8.44486   ,49.0469,8.57211     ,48.865 ,8.78428   ,48.8165,9.01346   ,50.9669,9.36635   ,50.9774,8.90575    ,50.7835,8.60634   ,50.5401,8.2991    ,50.2952,8.01111   ,50.0493,7.79414    ,49.7331,7.65126    ,49.3703,7.60941   ,49.0191,7.70643    ,48.7762,7.92134   ,48.6256,8.357     ,48.8165,9.01346   ,49.1329,9.1635    ,49.3713,9.18067   ,49.5576,9.15524    ,49.7491,9.0941    ,49.9248,9.04126   ,50.0985,9.07526    ,50.2408,9.17383   ,50.3827,9.27942   ,50.5401,9.36099   ,50.7107,9.40725   ,49.7366,-8.53174  ,-0.4121    ,481,112956,35.9348,18.9562,93.4975,1
1090,50.9588,9.37748   ,50.8192,9.14724    ,50.6399,8.96658  ,50.4685,8.8128    ,50.2641,8.6542    ,50.0521,8.53309   ,49.8016,8.4469     ,49.5717,8.40328   ,49.3331,8.38579   ,49.0651,8.39449     ,48.8337,8.42398   ,48.6185,8.52027   ,50.9588,9.37748   ,50.9972,8.99176    ,50.8474,8.69943   ,50.6775,8.45629   ,50.4687,8.19162   ,50.2438,7.95433    ,49.9719,7.74918    ,49.7239,7.64181   ,49.46  ,7.61501    ,49.1483,7.70134   ,48.8698,7.89467   ,48.6185,8.52027   ,48.8491,8.94409   ,49.0464,9.08316   ,49.275 ,9.15782    ,49.4865,9.17447   ,49.6951,9.16105   ,49.9219,9.14108    ,50.1186,9.158     ,50.3173,9.21907   ,50.4879,9.28614   ,50.6843,9.35201   ,49.7663,-8.54513  ,-0.405132  ,476,112132,33.7642,19.0571,90.9117,1
1091,50.9251,9.34157   ,50.8077,9.12742    ,50.6194,8.92391  ,50.4569,8.77854   ,50.2465,8.62731   ,50.0198,8.51043   ,49.7838,8.43707    ,49.5384,8.40269   ,49.2944,8.40655   ,49.0683,8.44571     ,48.8357,8.53057   ,48.6826,8.68849   ,50.9251,9.34157   ,50.935 ,8.9224     ,50.765 ,8.56526   ,50.5979,8.32225   ,50.3728,8.06486   ,50.1265,7.84922    ,49.8727,7.70265    ,49.6032,7.63172   ,49.3249,7.6451     ,49.0571,7.74982   ,48.7809,8.00562   ,48.6826,8.68849   ,48.9335,9.03521   ,49.1404,9.12658   ,49.3325,9.16225    ,49.5442,9.17886   ,49.7637,9.1875    ,49.9791,9.19964    ,50.1828,9.22952   ,50.3723,9.2817    ,50.525 ,9.33291   ,50.7201,9.38209   ,49.7847,-8.55132  ,-0.417492  ,477,113016,33.2648,18.9885,90.0833,1
1092,50.9466,9.34094   ,50.832 ,9.1218     ,50.6491,8.92164  ,50.4651,8.75217   ,50.2614,8.59785   ,50.0439,8.48222   ,49.7891,8.42143    ,49.5659,8.43051   ,49.3178,8.50336   ,49.1056,8.63604     ,48.9557,8.8265    ,48.9358,9.06104   ,50.9466,9.34094   ,50.9413,8.91079    ,50.7572,8.54563   ,50.544 ,8.25501   ,50.2897,7.99099   ,50.0067,7.77765    ,49.6717,7.63856    ,49.3802,7.62238   ,49.0628,7.72993    ,48.8112,7.976     ,48.6897,8.38027   ,48.9358,9.06104   ,49.2448,9.22958   ,49.4462,9.25755   ,49.6323,9.25159    ,49.8153,9.22934   ,49.9703,9.21102   ,50.144 ,9.21314    ,50.2935,9.24547   ,50.4413,9.29655   ,50.5906,9.34749   ,50.7616,9.38172   ,49.7802,-8.56106  ,-0.415817  ,485,113704,33.951 ,20.4177,89.2548,1
1093,50.949 ,9.34285   ,50.77  ,9.17471    ,50.5972,9.01228  ,50.3994,8.88589   ,50.1779,8.79811   ,49.9681,8.71836   ,49.7519,8.61318    ,49.5476,8.47429   ,49.3717,8.31128   ,49.237 ,8.14007     ,49.1227,7.92805   ,49.0895,7.71475   ,50.949 ,9.34285   ,50.9949,9.04954    ,50.924 ,8.81469   ,50.806 ,8.58959   ,50.6555,8.377     ,50.5041,8.202      ,50.3364,8.03532    ,50.1593,7.88468   ,49.9802,7.75984    ,49.8039,7.66789   ,49.5741,7.60425   ,49.0895,7.71475   ,48.6923,8.29966   ,48.7088,8.66921   ,48.8167,8.91897    ,49.001 ,9.11445   ,49.2387,9.23076   ,49.5038,9.26402    ,49.7668,9.24317   ,50.0521,9.21172   ,50.323 ,9.25423   ,50.5898,9.34559   ,49.7815,-8.5614   ,-0.409819  ,489,114143,31.8112,20.7192,89.2548,1
1094,50.9417,9.33539   ,50.8211,9.10801    ,50.6474,8.92019  ,50.4725,8.76256   ,50.2785,8.62089   ,50.0391,8.50081   ,49.8217,8.44706    ,49.5706,8.44655   ,49.3228,8.50474   ,49.0998,8.61153     ,48.9231,8.768     ,48.8657,8.98319   ,50.9417,9.33539   ,50.9294,8.8864     ,50.7522,8.53985   ,50.549 ,8.26206   ,50.3081,8.00915   ,50.0013,7.7756     ,49.7237,7.65207    ,49.4108,7.62446   ,49.1127,7.72383    ,48.8574,7.94082   ,48.6985,8.30171   ,48.8657,8.98319   ,49.1775,9.19831   ,49.3926,9.2509    ,49.5936,9.26557    ,49.793 ,9.26177   ,49.9823,9.25132   ,50.1382,9.24941    ,50.3066,9.27002   ,50.4484,9.30666   ,50.5894,9.34714   ,50.7499,9.37581   ,49.7828,-8.57224  ,-0.416001  ,489,114239,33.3453,20.6203,89.2548,1
1095,50.9512,9.34515   ,50.7796,9.17473    ,50.6021,9.02028  ,50.3888,8.89244   ,50.1811,8.79695   ,49.9632,8.70037   ,49.7497,8.59472    ,49.5502,8.47667   ,49.369 ,8.34984   ,49.1851,8.20358     ,49.0182,8.0485    ,48.8884,7.8736    ,50.9512,9.34515   ,50.9929,9.03509    ,50.9124,8.78818   ,50.7844,8.55212   ,50.6495,8.36084   ,50.4954,8.17859    ,50.3221,8.0084     ,50.131 ,7.86138   ,49.9243,7.75225    ,49.6675,7.683     ,49.3715,7.67625   ,48.8884,7.8736    ,48.7003,8.45703   ,48.7514,8.76507   ,48.8712,8.9901     ,49.0336,9.13295   ,49.2469,9.21796   ,49.5037,9.25522    ,49.7842,9.26453   ,50.0583,9.26607   ,50.3469,9.29401   ,50.6109,9.35908   ,49.7981,-8.57767  ,-0.423706  ,486,114414,31.5146,20.5995,87.598 ,1
1096,50.9515,9.3459    ,50.7802,9.17044    ,50.6014,9.01342  ,50.3832,8.88457   ,50.1693,8.78706   ,49.9834,8.70511   ,49.7643,8.59951    ,49.5593,8.48284   ,49.3732,8.35786   ,49.1838,8.21376     ,49.0114,8.06133   ,48.8747,7.88818   ,50.9515,9.3459    ,50.992 ,9.02843    ,50.9072,8.77665   ,50.7745,8.53663   ,50.635 ,8.34237   ,50.5037,8.18758    ,50.3277,8.01317    ,50.133 ,7.8624    ,49.9222,7.75107    ,49.6599,7.68168   ,49.3584,7.67759   ,48.8747,7.88818   ,48.7009,8.48083   ,48.7581,8.78605   ,48.8833,9.00674    ,49.0516,9.14371   ,49.2722,9.22252   ,49.5375,9.25602    ,49.777 ,9.26396   ,50.059 ,9.26631   ,50.3514,9.29227   ,50.6131,9.35816   ,49.7988,-8.57915  ,-0.426181  ,487,114699,31.5346,20.5639,87.598 ,1
1097,50.9965,9.31358   ,50.8681,9.0955     ,50.6914,8.94024  ,50.4777,8.78795   ,50.2712,8.6643    ,50.0228,8.55183   ,49.8028,8.49308    ,49.5587,8.47727   ,49.3051,8.51234   ,49.0698,8.5971      ,48.8946,8.76844   ,48.8614,8.98638   ,50.9965,9.31358   ,50.9621,8.8451     ,50.7759,8.52464   ,50.5287,8.22504   ,50.2823,7.9857    ,49.9814,7.76784    ,49.7144,7.65599    ,49.4205,7.63337   ,49.1214,7.7253     ,48.8555,7.9284    ,48.7068,8.33607   ,48.8614,8.98638   ,49.1021,9.16897   ,49.3245,9.24337   ,49.5422,9.28792    ,49.7564,9.31918   ,49.9537,9.34196   ,50.127 ,9.35905    ,50.3207,9.37619   ,50.4829,9.38811   ,50.6559,9.39463   ,50.8107,9.38423   ,49.8023,-8.58017  ,-0.432525  ,491,115295,33.5276,21.0817,87.598 ,1
1098,51.0158,9.15708   ,50.8134,9.07319    ,50.611 ,8.95376  ,50.3746,8.83692   ,50.1896,8.75694   ,49.9613,8.6627    ,49.7402,8.56808    ,49.5367,8.47074   ,49.3549,8.36652   ,49.151 ,8.22057     ,48.9956,8.077     ,48.8769,7.88591   ,51.0158,9.15708   ,50.9293,8.78202    ,50.8128,8.57033   ,50.6653,8.36796   ,50.5468,8.22901   ,50.3918,8.07043    ,50.2234,7.92693    ,50.0427,7.80884   ,49.8513,7.72566    ,49.5839,7.67326   ,49.3214,7.68154   ,48.8769,7.88591   ,48.7022,8.50721   ,48.7642,8.80444   ,48.9159,9.04321    ,49.0956,9.1658    ,49.3286,9.24096   ,49.6068,9.28633    ,49.9078,9.31651   ,50.1552,9.33853   ,50.4712,9.37148   ,50.7493,9.39606   ,49.8041,-8.58382  ,-0.431492  ,491,115735,31.2554,20.2951,87.598 ,1
1099,50.9706,9.3164    ,50.7828,9.16397    ,50.5949,9.02551  ,50.3774,8.90317   ,50.173 ,8.80045   ,49.9621,8.69467   ,49.7554,8.58664    ,49.5638,8.47665   ,49.3599,8.34123   ,49.1722,8.20263     ,49.0163,8.07344   ,48.8744,7.89588   ,50.9706,9.3164    ,50.9784,8.97871    ,50.8792,8.72718   ,50.7377,8.49055   ,50.596 ,8.30034   ,50.4404,8.12053    ,50.2728,7.95687    ,50.0956,7.82305   ,49.8722,7.72033    ,49.6223,7.6766    ,49.3627,7.68357   ,48.8744,7.89588   ,48.7084,8.49825   ,48.773 ,8.7676    ,48.9038,9.00187    ,49.0935,9.16733   ,49.3052,9.25276   ,49.5543,9.30439    ,49.8195,9.33522   ,50.0828,9.34968   ,50.3677,9.36128   ,50.636 ,9.38991   ,49.8106,-8.59488  ,-0.459052  ,492,115527,31.3634,20.5633,88.4264,1
1100,51.0468,9.35564   ,50.8585,9.2018     ,50.6638,9.07094  ,50.4512,8.93891   ,50.2681,8.82373   ,50.0411,8.68828   ,49.8471,8.58391    ,49.613 ,8.47805   ,49.4154,8.4052    ,49.181 ,8.33226     ,48.9478,8.27455   ,48.743 ,8.25587   ,51.0468,9.35564   ,51.0347,8.99862    ,50.9179,8.74006   ,50.7564,8.49195   ,50.598 ,8.29168   ,50.3855,8.06211    ,50.1954,7.89427    ,49.9551,7.74661   ,49.735 ,7.68019    ,49.4499,7.67072   ,49.1364,7.75901   ,48.743 ,8.25587   ,48.8174,8.8018    ,48.9878,9.01587   ,49.1752,9.15744    ,49.3492,9.2418    ,49.5767,9.31301   ,49.7736,9.35888    ,50.0122,9.40076   ,50.2181,9.43063   ,50.478 ,9.44547   ,50.7406,9.44784   ,49.8433,-8.60616  ,-0.493786  ,490,115736,31.7614,19.7857,87.2548,1
1101,51.0531,9.32863   ,50.8631,9.18605    ,50.6642,9.05932  ,50.4426,8.92648   ,50.2524,8.81042   ,50.0624,8.70018   ,49.8327,8.57781    ,49.6411,8.49025   ,49.4081,8.40178   ,49.1776,8.32761     ,48.977 ,8.27366   ,48.7465,8.24294   ,51.0531,9.32863   ,51.0235,8.971      ,50.8986,8.71478   ,50.7313,8.46702   ,50.5723,8.26868   ,50.402 ,8.08112    ,50.1841,7.88478    ,49.9909,7.76295   ,49.7342,7.68149    ,49.4535,7.67278   ,49.1844,7.73906   ,48.7465,8.24294   ,48.8298,8.82247   ,48.9762,9.00504   ,49.1603,9.14944    ,49.3681,9.25041   ,49.558 ,9.3091    ,49.7991,9.3628     ,50.0083,9.39644   ,50.2291,9.43059   ,50.5003,9.44702   ,50.7614,9.44174   ,49.8433,-8.61022  ,-0.504471  ,491,116855,31.6217,19.7774,87.2548,1
1102,50.9463,9.37472   ,50.7719,9.23026    ,50.574 ,9.09304  ,50.3718,8.96216   ,50.1885,8.84781   ,49.9981,8.73358   ,49.8058,8.61589    ,49.5849,8.46813   ,49.406 ,8.3309    ,49.249 ,8.18987     ,49.104 ,8.03415   ,48.9851,7.84466   ,50.9463,9.37472   ,51.0055,9.03516    ,50.9275,8.77575   ,50.8089,8.5574    ,50.6787,8.37697   ,50.5276,8.20176    ,50.3578,8.03553    ,50.1405,7.86579   ,49.9409,7.75451    ,49.7309,7.68409   ,49.4798,7.65837   ,48.9851,7.84466   ,48.7639,8.45161   ,48.8155,8.74244   ,48.9283,8.95399    ,49.0916,9.1145    ,49.3176,9.23637   ,49.5327,9.30369    ,49.7605,9.35672   ,49.9943,9.40493   ,50.2751,9.44656   ,50.5783,9.48166   ,49.8506,-8.61191  ,-0.515878  ,494,117211,30.8892,20.0006,87.0122,1
1103,50.9655,9.34513   ,50.7501,9.22063    ,50.5667,9.11252  ,50.378 ,8.98765   ,50.1785,8.85385   ,49.9985,8.73635   ,49.7842,8.59864    ,49.6021,8.47874   ,49.4292,8.35482   ,49.2522,8.21025     ,49.095 ,8.05238   ,48.9885,7.86054   ,50.9655,9.34513   ,50.9921,8.99467    ,50.9124,8.77165   ,50.7952,8.55937   ,50.651 ,8.35699   ,50.5058,8.18853    ,50.3137,8.00266    ,50.1338,7.86419   ,49.9435,7.75755    ,49.7119,7.68416   ,49.4461,7.67004   ,48.9885,7.86054   ,48.7768,8.47228   ,48.8393,8.77722   ,48.9703,8.99374    ,49.1305,9.13372   ,49.3159,9.23417   ,49.5519,9.32338    ,49.7647,9.38946   ,50.0155,9.45273   ,50.2748,9.4858    ,50.5567,9.47557   ,49.8564,-8.62052  ,-0.528277  ,491,116021,30.7664,19.8452,86.4264,1
1104,50.9498,9.35431   ,50.7702,9.20913    ,50.5858,9.09217  ,50.3763,8.96263   ,50.2198,8.86332   ,50.0337,8.73967   ,49.8516,8.61462    ,49.6689,8.48618   ,49.4862,8.35144   ,49.3154,8.21505     ,49.1498,8.06629   ,49.0172,7.91644   ,50.9498,9.35431   ,50.9887,8.98395    ,50.8952,8.72498   ,50.752 ,8.48246   ,50.6338,8.31848   ,50.4823,8.13184    ,50.3236,7.96424    ,50.1527,7.82789   ,49.9596,7.73091    ,49.744 ,7.6791    ,49.4776,7.68018   ,49.0172,7.91644   ,48.863 ,8.49184   ,48.9411,8.79613   ,49.0729,9.0174     ,49.2464,9.18825   ,49.44  ,9.30687   ,49.6466,9.38896    ,49.8684,9.44871   ,50.0626,9.48109   ,50.3333,9.4938    ,50.5976,9.46729   ,49.8923,-8.63431  ,-0.57603   ,482,114878,29.6674,20.0473,85.8406,1
1105,50.9745,9.3427    ,50.7923,9.1787     ,50.6176,9.07579  ,50.4162,8.96001   ,50.2413,8.85192   ,50.065 ,8.73843   ,49.857 ,8.61006    ,49.6817,8.51744   ,49.4632,8.4257    ,49.2827,8.37213     ,49.0627,8.34026   ,48.863 ,8.35289   ,50.9745,9.3427    ,50.97  ,8.88576    ,50.848 ,8.62879   ,50.6768,8.38648   ,50.5095,8.19239   ,50.3261,8.0103     ,50.0963,7.82838    ,49.8993,7.72531   ,49.6504,7.67234    ,49.4381,7.6978    ,49.1672,7.84464   ,48.863 ,8.35289   ,49.0142,8.83953   ,49.1977,9.06373   ,49.3497,9.20611    ,49.5351,9.34438   ,49.6868,9.43215   ,49.874 ,9.51181    ,50.0439,9.55612   ,50.2233,9.57479   ,50.4502,9.55812   ,50.665 ,9.50539   ,49.9303,-8.66909  ,-0.650721  ,477,113532,29.3163,20.3533,84.0833,1
1106,50.9758,9.32037   ,50.7639,9.26481    ,50.5626,9.15611  ,50.3808,9.04329   ,50.1954,8.91405   ,50.0084,8.77      ,49.8466,8.63131    ,49.692 ,8.47595   ,49.5624,8.30789   ,49.4591,8.10455     ,49.4052,7.89158   ,49.4442,7.69582   ,50.9758,9.32037   ,50.9782,8.93431    ,50.8901,8.70842   ,50.7903,8.54069   ,50.6708,8.37887   ,50.5361,8.22186    ,50.4111,8.09263    ,50.2798,7.97247   ,50.1452,7.86686    ,49.9852,7.76836   ,49.7983,7.69433   ,49.4442,7.69582   ,49.0181,8.1369    ,48.956 ,8.49838   ,49.0179,8.80629    ,49.1533,9.03328   ,49.3359,9.21864   ,49.5346,9.36124    ,49.773 ,9.48813   ,50.0241,9.58017   ,50.2852,9.63299   ,50.5873,9.61094   ,49.9434,-8.68812  ,-0.673072  ,480,114386,29.8322,19.0942,84.669 ,1
1107,50.8366,9.51487   ,50.6626,9.3882     ,50.4999,9.23933  ,50.3345,9.09255   ,50.1797,8.95528   ,50.016 ,8.80293   ,49.851 ,8.63363    ,49.723 ,8.48065   ,49.5967,8.28776   ,49.5084,8.09521     ,49.4525,7.89546   ,49.4612,7.69212   ,50.8366,9.51487   ,51.0061,9.15607    ,50.9764,8.90751   ,50.8916,8.69785   ,50.7878,8.52713   ,50.6632,8.36303    ,50.5237,8.20425    ,50.3983,8.0778    ,50.2407,7.93898    ,50.0786,7.82212   ,49.8851,7.72341   ,49.4612,7.69212   ,49.0299,8.11907   ,48.9624,8.43102   ,48.9898,8.70162    ,49.0962,8.94611   ,49.2323,9.12179   ,49.4241,9.29594    ,49.6247,9.43108   ,49.8267,9.53065   ,50.0675,9.61117   ,50.3537,9.66599   ,49.9486,-8.69964  ,-0.693473  ,486,115668,29.3241,19.4287,83.2548,1
1108,50.8843,9.41718   ,50.6808,9.3302     ,50.4925,9.19272  ,50.3449,9.07305   ,50.1642,8.92001   ,50.0023,8.77531   ,49.8387,8.61702    ,49.7092,8.47588   ,49.5761,8.29976   ,49.4633,8.09491     ,49.397 ,7.91161   ,49.3901,7.70973   ,50.8843,9.41718   ,50.9819,9.03465    ,50.9282,8.78872   ,50.8464,8.61484   ,50.7192,8.42424   ,50.5908,8.26957    ,50.4499,8.12289    ,50.3253,8.0093    ,50.1708,7.88858    ,49.9869,7.7771    ,49.801 ,7.70317   ,49.3901,7.70973   ,49.0062,8.16777   ,48.9662,8.46975   ,49.0213,8.77021    ,49.1429,8.99999   ,49.2814,9.16574   ,49.4684,9.3312     ,49.662 ,9.46143   ,49.8933,9.57261   ,50.1049,9.63417   ,50.4229,9.65438   ,49.9668,-8.71986  ,-0.704775  ,495,117167,29.2367,19.2077,83.2548,1
1109,50.8762,9.4368    ,50.6885,9.33582    ,50.5173,9.20453  ,50.3354,9.05503   ,50.1717,8.91654   ,50.0014,8.76686   ,49.8571,8.63316    ,49.6898,8.46436   ,49.5643,8.32103   ,49.4385,8.1524      ,49.3213,7.95264   ,49.2732,7.77176   ,50.8762,9.4368    ,50.986 ,9.04722    ,50.9372,8.80746   ,50.829 ,8.58339   ,50.7034,8.4043    ,50.5578,8.23451    ,50.4253,8.10081    ,50.2575,7.95496   ,50.1139,7.85197    ,49.94  ,7.75788   ,49.7083,7.68988   ,49.2732,7.77176   ,48.9568,8.25995   ,48.9747,8.60194   ,49.0623,8.84738    ,49.176 ,9.03079   ,49.3466,9.22026   ,49.5026,9.35072    ,49.6955,9.4764    ,49.8949,9.57099   ,50.1476,9.64158   ,50.4354,9.65626   ,49.9718,-8.72298  ,-0.706203  ,492,117144,29.068 ,19.0662,83.2548,1
1110,50.7205,9.53725   ,50.619 ,9.35925    ,50.4708,9.17834  ,50.3416,9.03959   ,50.2021,8.9002    ,50.027 ,8.73845   ,49.8777,8.613      ,49.7251,8.49945   ,49.5372,8.38215   ,49.3525,8.28602     ,49.189 ,8.21225   ,48.9941,8.1555    ,50.7205,9.53725   ,50.9358,9.11377    ,50.8978,8.78689   ,50.8086,8.56302   ,50.6873,8.35517   ,50.5157,8.13244    ,50.3596,7.97693    ,50.1926,7.8588    ,49.9672,7.774      ,49.7149,7.74963   ,49.4588,7.78496   ,48.9941,8.1555    ,48.9691,8.66063   ,49.0497,8.85153   ,49.1701,9.02644    ,49.3195,9.18333   ,49.4558,9.2975    ,49.5975,9.397      ,49.774 ,9.50065   ,49.9285,9.57203   ,50.0917,9.62431   ,50.3357,9.6506    ,49.9855,-8.72295  ,-0.686493  ,481,114900,27.8002,19.6261,81.8406,1
1111,50.7432,9.69792   ,50.6588,9.47994    ,50.5462,9.30625  ,50.3996,9.12516   ,50.2362,8.95112   ,50.0975,8.81647   ,49.9298,8.66483    ,49.7589,8.5138    ,49.5787,8.37552   ,49.3964,8.25716     ,49.2278,8.16518   ,49.0276,8.09638   ,50.7432,9.69792   ,50.978 ,9.30749    ,50.976 ,9.01738   ,50.8905,8.72435   ,50.751 ,8.4624    ,50.6222,8.27651    ,50.4636,8.09103    ,50.2952,7.93577   ,50.0887,7.82793    ,49.8318,7.77729   ,49.549 ,7.78697   ,49.0276,8.09638   ,48.959 ,8.56951   ,49.021 ,8.77333   ,49.1298,8.96652    ,49.2804,9.14128   ,49.4522,9.28894   ,49.6285,9.40859    ,49.7767,9.49622   ,49.9611,9.58581   ,50.1592,9.65531   ,50.3688,9.70466   ,49.9947,-8.73299  ,-0.701605  ,479,113959,29.614 ,19.3258,85.2548,1
1112,50.7932,9.68468   ,50.712 ,9.47273    ,50.5906,9.29306  ,50.4349,9.10974   ,50.2903,8.96434   ,50.119 ,8.81013   ,49.9409,8.66361    ,49.7714,8.5472    ,49.5793,8.4497    ,49.3771,8.37772     ,49.1607,8.33323   ,48.9481,8.35094   ,50.7932,9.68468   ,50.9944,9.25761    ,50.9628,8.93587   ,50.8442,8.62602   ,50.7067,8.3925    ,50.5356,8.16504    ,50.3562,7.97809    ,50.176 ,7.85618   ,49.9472,7.79199    ,49.68  ,7.79607   ,49.3626,7.89606   ,48.9481,8.35094   ,49.0152,8.77756   ,49.1411,8.97932   ,49.2778,9.13672    ,49.4267,9.27478   ,49.578 ,9.39033   ,49.7517,9.49778    ,49.9225,9.58283   ,50.0729,9.64436   ,50.2581,9.70352   ,50.4567,9.74476   ,50.0045,-8.75422  ,-0.719431  ,488,115353,29.8283,19.7755,84.4264,1
1113,50.9081,9.75657   ,50.7484,9.57888    ,50.6109,9.3932   ,50.4682,9.21933   ,50.3021,9.04736   ,50.1568,8.9073    ,49.9803,8.73923    ,49.8363,8.59254   ,49.6797,8.40683   ,49.567 ,8.25066     ,49.4387,8.04796   ,49.3396,7.87308   ,50.9081,9.75657   ,50.9904,9.41026    ,50.9816,9.12195   ,50.925 ,8.8532    ,50.8182,8.5976    ,50.7088,8.40643    ,50.5677,8.20986    ,50.4446,8.07122   ,50.2859,7.92815    ,50.1312,7.83606   ,49.8687,7.75931   ,49.3396,7.87308   ,49.0405,8.38966   ,49.0452,8.72717   ,49.1225,8.94815    ,49.2843,9.17398   ,49.4516,9.32546   ,49.6634,9.46371    ,49.8431,9.554     ,50.0631,9.64326   ,50.2825,9.72144   ,50.5426,9.79326   ,50.0317,-8.77972  ,-0.754592  ,493,116263,30.1995,19.6316,87.2548,1
1114,50.955 ,9.7635    ,50.8025,9.58906    ,50.6625,9.38819  ,50.535 ,9.22392   ,50.3871,9.06375   ,50.2235,8.90754   ,50.0436,8.75297    ,49.8412,8.6101    ,49.6565,8.50988   ,49.4691,8.42926     ,49.2354,8.35059   ,49.0368,8.32021   ,50.955 ,9.7635    ,50.9947,9.40644    ,50.9837,9.06784   ,50.9265,8.79543   ,50.8208,8.53683   ,50.6793,8.30087    ,50.5053,8.09394    ,50.2877,7.93617   ,50.067 ,7.8633     ,49.8201,7.84798   ,49.473 ,7.91781   ,49.0368,8.32021   ,49.0573,8.8004    ,49.1918,9.03973   ,49.3214,9.19337    ,49.4655,9.3287    ,49.6446,9.4628    ,49.8243,9.56612    ,50.0051,9.64326   ,50.1891,9.70692   ,50.3792,9.76277   ,50.6432,9.81392   ,50.057 ,-8.80785  ,-0.749831  ,488,115488,30.4153,19.8333,85.8406,1
1115,50.9131,9.79314   ,50.7806,9.61134    ,50.6338,9.42784  ,50.4877,9.25888   ,50.3274,9.08545   ,50.1885,8.93639   ,50.0139,8.75192    ,49.8608,8.59674   ,49.7067,8.44911   ,49.5585,8.31534     ,49.3774,8.15709   ,49.2243,8.02936   ,50.9131,9.79314   ,51.0288,9.45114    ,51.0094,9.13737   ,50.9463,8.86126   ,50.8427,8.60102   ,50.7365,8.40366    ,50.586 ,8.19222    ,50.4314,8.0406    ,50.247 ,7.92359    ,50.0361,7.85105   ,49.7172,7.82524   ,49.2243,8.02936   ,49.0836,8.52905   ,49.1386,8.83061   ,49.2275,9.03175    ,49.3522,9.21431   ,49.5016,9.3738    ,49.6968,9.52947    ,49.8667,9.62844   ,50.0801,9.71342   ,50.3033,9.77338   ,50.5696,9.81904   ,50.0758,-8.82205  ,-0.802461  ,483,114031,30.0319,19.6689,83.598 ,1
1116,50.9162,9.84032   ,50.7905,9.63828    ,50.6764,9.46374  ,50.5341,9.2764    ,50.3877,9.11323   ,50.231 ,8.94574   ,50.0676,8.77419    ,49.9245,8.63539   ,49.7488,8.48746   ,49.5726,8.36755     ,49.3584,8.25619   ,49.1705,8.21631   ,50.9162,9.84032   ,51.0231,9.4121     ,51.0169,9.10625   ,50.9534,8.80887   ,50.8466,8.58151   ,50.7147,8.37656    ,50.5694,8.18786    ,50.4281,8.04826   ,50.2308,7.92111    ,49.9991,7.85026   ,49.6568,7.85636   ,49.1705,8.21631   ,49.1081,8.67736   ,49.2042,8.92056   ,49.3256,9.09951    ,49.4789,9.27634   ,49.6216,9.41768   ,49.8002,9.5715     ,49.9798,9.69982   ,50.1596,9.79786   ,50.3713,9.87371   ,50.587 ,9.9112    ,50.107 ,-8.85517  ,-0.87158   ,476,112496,30.0595,19.042 ,84.0833,1
1117,50.9994,10.0106   ,50.8514,9.81675    ,50.728 ,9.58691  ,50.6228,9.39743   ,50.4574,9.18266   ,50.3186,9.03377   ,50.1462,8.8509     ,49.9605,8.66949   ,49.7998,8.5319    ,49.6118,8.39741     ,49.3819,8.28391   ,49.1717,8.25113   ,50.9994,10.0106   ,51.0163,9.65484    ,51.0155,9.29454   ,51.0003,8.99904   ,50.9016,8.68204   ,50.784 ,8.4849     ,50.6331,8.27225    ,50.4548,8.08663   ,50.2739,7.96287    ,50.0263,7.86748   ,49.6699,7.86594   ,49.1717,8.25113   ,49.1469,8.72227   ,49.2585,8.96671   ,49.3898,9.15287    ,49.5299,9.31094   ,49.7181,9.49121   ,49.9096,9.6424     ,50.0661,9.74316   ,50.2844,9.85898   ,50.471 ,9.9411    ,50.7209,10.0288   ,50.1399,-8.89587  ,-0.891205  ,480,112922,32.2181,18.8187,88.3259,1
1118,51.088 ,9.97755   ,50.8944,9.8269     ,50.7392,9.61791  ,50.6212,9.4127    ,50.4751,9.22468   ,50.3163,9.05019   ,50.1511,8.86672    ,49.9756,8.68517   ,49.7908,8.51961   ,49.6081,8.38121     ,49.4168,8.26554   ,49.1967,8.19056   ,51.088 ,9.97755   ,51.0294,9.63253    ,50.9945,9.30205   ,51.0074,9.00255   ,50.9392,8.74496   ,50.8059,8.52461    ,50.6593,8.31248    ,50.4919,8.12215   ,50.2841,7.97157    ,50.0443,7.87635   ,49.7471,7.85678   ,49.1967,8.19056   ,49.1365,8.70065   ,49.2313,8.92778   ,49.3595,9.11969    ,49.5197,9.30703   ,49.6987,9.48264   ,49.8812,9.6355     ,50.0598,9.76007   ,50.2667,9.87452   ,50.513 ,9.98454   ,50.8067,10.0597   ,50.1537,-8.9209   ,-0.89359   ,489,114534,32.6232,18.7975,91.1543,1
1119,51.0523,10.1392   ,50.8851,9.91326    ,50.7527,9.73829  ,50.6444,9.49751   ,50.5293,9.2901    ,50.3504,9.08144   ,50.1718,8.89227    ,50.0101,8.73187   ,49.8036,8.54873   ,49.6038,8.39796     ,49.4024,8.28193   ,49.1859,8.21309   ,51.0523,10.1392   ,51.0549,9.77025    ,50.9536,9.50166   ,50.9478,9.13229   ,50.933 ,8.81712   ,50.8038,8.53758    ,50.6502,8.31772    ,50.5007,8.15073   ,50.2809,7.98085    ,50.0298,7.87283   ,49.723 ,7.8645    ,49.1859,8.21309   ,49.1341,8.72533   ,49.2418,8.9672    ,49.3954,9.17455    ,49.5862,9.37667   ,49.7552,9.53103   ,49.9534,9.68637    ,50.1676,9.82165   ,50.3657,9.92309   ,50.5891,10.0345   ,50.7635,10.1115   ,50.1435,-8.93388  ,-0.914295  ,484,114968,33.8585,18.7581,93.9828,1
1120,51.2571,10.1896   ,51.035 ,10.0157    ,50.8534,9.84255  ,50.7072,9.62463   ,50.586 ,9.38959   ,50.4073,9.1541    ,50.2257,8.95598    ,50.0593,8.78137   ,49.8468,8.57828   ,49.6722,8.42818     ,49.4628,8.26517   ,49.2537,8.13295   ,51.2571,10.1896   ,51.1542,9.8871     ,51.0056,9.62923   ,50.9238,9.30863   ,50.9297,8.95815   ,50.8607,8.6461     ,50.7255,8.42025    ,50.5864,8.24049   ,50.3776,8.05396    ,50.1666,7.93762   ,49.845 ,7.87037   ,49.2537,8.13295   ,49.1338,8.699     ,49.2455,8.97452   ,49.3877,9.16799    ,49.6004,9.39217   ,49.7894,9.56026   ,50.0086,9.7243     ,50.2742,9.87764   ,50.5232,10.0025   ,50.7564,10.1166   ,50.9824,10.2005   ,50.1681,-8.97092  ,-0.912702  ,488,115448,35.6502,18.5938,96.8112,1
1121,51.1926,10.2397   ,50.9834,10.0256    ,50.8093,9.8624   ,50.6288,9.6573    ,50.5471,9.41908   ,50.4099,9.20216   ,50.2393,8.99586    ,50.0558,8.78417   ,49.8703,8.58327   ,49.6834,8.40471     ,49.4801,8.2347    ,49.2869,8.11485   ,51.1926,10.2397   ,51.1188,9.87257    ,50.9432,9.63069   ,50.7727,9.32584   ,50.9284,9.01968   ,50.8993,8.74249    ,50.7803,8.50193    ,50.6264,8.27897   ,50.4448,8.09463    ,50.2065,7.96802   ,49.8597,7.91226   ,49.2869,8.11485   ,49.1542,8.59963   ,49.222 ,8.89704   ,49.3583,9.13629    ,49.5467,9.35931   ,49.7586,9.5601    ,49.9693,9.72768    ,50.1949,9.87435   ,50.5095,10.0334   ,50.7326,10.149    ,50.9051,10.2308   ,50.1677,-8.986    ,-0.936071  ,482,113912,35.5855,18.7319,98.8112,1
1122,51.2239,10.264    ,51.0073,10.0624    ,50.8073,9.89961  ,50.6182,9.7339    ,50.5183,9.51867   ,50.4044,9.25162   ,50.251 ,9.04398    ,50.0796,8.83999   ,49.9183,8.63072   ,49.7549,8.44073     ,49.5605,8.26275   ,49.3629,8.13997   ,51.2239,10.264    ,51.1409,9.89636    ,50.9428,9.66203   ,50.759 ,9.44672   ,50.83  ,9.17569   ,50.9915,8.90972    ,50.9127,8.66378    ,50.7545,8.43876   ,50.5595,8.20588    ,50.3276,8.02224   ,49.9821,7.92732   ,49.3629,8.13997   ,49.1917,8.64121   ,49.2382,8.91892   ,49.3296,9.12333    ,49.4609,9.31157   ,49.6453,9.49032   ,49.8637,9.66575    ,50.2054,9.89475   ,50.5358,10.0792   ,50.7385,10.1903   ,50.9383,10.2827   ,50.1929,-9.01713  ,-0.956649  ,482,112595,35.4174,19.1387,101.983,1
1123,51.0818,9.07021   ,50.9038,9.12127    ,51.0517,9.31709  ,50.8435,9.31851   ,50.6204,9.1834    ,50.4054,9.05217   ,50.209 ,8.94307    ,49.9891,8.8271    ,49.7672,8.69839   ,49.5944,8.56583     ,49.458 ,8.362     ,49.4426,8.13489   ,51.0818,9.07021   ,51.0257,8.84725    ,50.8691,8.55939   ,50.728 ,8.36436   ,50.6143,8.23676   ,50.4863,8.13166    ,50.3586,8.06453    ,50.1959,8.01628   ,50.0205,7.99402    ,49.8638,7.9942    ,49.6735,8.02107   ,49.4426,8.13489   ,49.2627,8.75022   ,49.368 ,9.17782   ,49.5696,9.43764    ,49.836 ,9.66749   ,50.1161,9.85199   ,50.3792,10.0043    ,50.6802,10.1647   ,51.0182,10.3036   ,51.2317,10.0528   ,50.7673,9.36944   ,50.231 ,-9.0525   ,-0.962826  ,477,112303,32.8511,24.0479,99.7401,1
1124,51.2137,10.2987   ,51.0492,10.1107    ,50.8656,9.92466  ,50.6924,9.73509   ,50.6052,9.5198    ,50.5032,9.31574   ,50.339 ,9.09997    ,50.1745,8.91003   ,50.0085,8.72174   ,49.857 ,8.54776     ,49.6988,8.37555   ,49.5239,8.21952   ,51.2137,10.2987   ,51.2148,9.99961    ,51.0622,9.72578   ,50.9033,9.44664   ,50.9885,9.14819   ,51.0726,8.91905    ,50.9798,8.66062    ,50.827 ,8.44408   ,50.6347,8.24815    ,50.4275,8.0973    ,50.1572,8.00041   ,49.5239,8.21952   ,49.2893,8.80074   ,49.3441,9.06441   ,49.447 ,9.26905    ,49.5895,9.45254   ,49.7593,9.6137    ,49.9784,9.77989    ,50.2294,9.93194   ,50.5317,10.0851   ,50.7318,10.1874   ,50.9394,10.2793   ,50.2746,-9.07424  ,-0.978673  ,473,111223,33.2137,19.5781,99.6396,1
1125,51.3049,10.2406   ,51.0382,10.1235    ,50.8178,9.98139  ,50.5757,9.81138   ,50.3658,9.6191    ,50.2131,9.39887   ,50.1385,9.11907    ,50.1719,8.8407    ,50.4236,8.70531   ,50.6832,8.73672     ,50.9249,8.87775   ,51.0696,9.10199   ,51.3049,10.2406   ,51.3259,10.0894    ,51.2759,9.96768   ,51.1988,9.85234   ,51.1192,9.7583    ,51.0349,9.67153    ,50.9414,9.57493    ,50.8492,9.45958   ,50.7957,9.3211     ,50.8357,9.2379    ,50.9381,9.19598   ,51.0696,9.10199   ,50.868 ,8.52178   ,50.467 ,8.21536   ,49.9899,8.09721    ,49.4739,8.26811   ,49.3427,8.72663   ,49.42  ,9.18429    ,49.6613,9.53154   ,50.0075,9.8136    ,50.4103,10.0275   ,50.7979,10.1896   ,50.295 ,-9.11518  ,-0.951412  ,461,109799,38.1574,22.3162,99.9828,1
1126,51.3953,10.3669   ,51.2226,10.2313    ,51.0126,10.0465  ,50.8322,9.88053   ,50.6626,9.65739   ,50.5843,9.45374   ,50.435 ,9.2334     ,50.2917,9.03262   ,50.1362,8.83476   ,49.9411,8.62343     ,49.7453,8.459     ,49.5077,8.31704   ,51.3953,10.3669   ,51.2856,10.0166    ,51.0757,9.72782   ,50.9061,9.47584   ,50.9285,9.18599   ,51.0638,8.93764    ,50.9834,8.69082    ,50.86  ,8.48371   ,50.6784,8.29717    ,50.3909,8.14048   ,50.0531,8.08582   ,49.5077,8.31704   ,49.3763,8.78845   ,49.4252,9.04406   ,49.5299,9.29676    ,49.6627,9.50089   ,49.8319,9.69677   ,50.0596,9.90166    ,50.3935,10.0992   ,50.691 ,10.2201   ,50.8761,10.299    ,51.0927,10.3843   ,50.3382,-9.16398  ,-1.00729   ,469,109287,34.7972,19.2677,101.882,1
1127,51.3797,10.4535   ,51.1626,10.2578    ,50.9734,10.0994  ,50.752 ,9.90305   ,50.6133,9.72509   ,50.5526,9.45652   ,50.41  ,9.21589    ,50.2738,9.01189   ,50.098 ,8.78418   ,49.909 ,8.59315     ,49.7199,8.4499    ,49.4922,8.33958   ,51.3797,10.4535   ,51.2721,10.1143    ,51.084 ,9.85309   ,50.8487,9.53429   ,50.7294,9.25294   ,51.0442,9.02871    ,50.99  ,8.76879    ,50.8862,8.54901   ,50.7027,8.3178     ,50.4416,8.15746   ,50.1199,8.08985   ,49.4922,8.33958   ,49.3804,8.85034   ,49.4407,9.08648   ,49.554 ,9.32225    ,49.7174,9.55515   ,49.8816,9.74535   ,50.0985,9.95821    ,50.5192,10.2487   ,50.7235,10.3366   ,50.9401,10.4111   ,51.1234,10.4601   ,50.3334,-9.19566  ,-1.045     ,470,109989,35.8067,18.9142,103.054,1
1128,51.3157,10.5029   ,51.106 ,10.3185    ,50.8962,10.1312  ,50.6999,9.93251   ,50.5624,9.73167   ,50.5163,9.47893   ,50.4117,9.24426    ,50.2661,9.0048    ,50.1021,8.78857   ,49.9282,8.60183     ,49.7265,8.43312   ,49.5155,8.31566   ,51.3157,10.5029   ,51.2371,10.1378    ,51.0368,9.83859   ,50.8398,9.55138   ,50.7388,9.29151   ,50.9645,9.07908    ,50.9882,8.84209    ,50.8901,8.57974   ,50.7136,8.35197    ,50.4714,8.18047   ,50.1277,8.08769   ,49.5155,8.31566   ,49.3804,8.81895   ,49.4438,9.08083   ,49.5471,9.29331    ,49.694 ,9.50726   ,49.8778,9.72767   ,50.0874,9.9474     ,50.4142,10.236    ,50.6215,10.3809   ,50.8248,10.4886   ,51.0432,10.5566   ,50.3484,-9.2443   ,-1.0536    ,477,112561,35.7467,18.563 ,102.225,1
1129,51.4543,10.7613   ,51.2207,10.5212    ,51.0137,10.3207  ,50.8253,10.14     ,50.5965,9.90992   ,50.4256,9.70867   ,50.3078,9.46327    ,50.2397,9.16681   ,50.1328,8.88904   ,49.9915,8.61647     ,49.8498,8.3782    ,49.6928,8.16085   ,51.4543,10.7613   ,51.4026,10.365     ,51.226 ,10.1033   ,51.0528,9.88837   ,50.8462,9.6371    ,50.7091,9.4337     ,50.6889,9.19424    ,50.8112,8.90289   ,50.7781,8.59633    ,50.5956,8.3167    ,50.3292,8.12799   ,49.6928,8.16085   ,49.4157,8.69897   ,49.436 ,9.00472   ,49.5301,9.27456    ,49.6935,9.52083   ,49.9496,9.81287   ,50.2039,10.0655    ,50.4217,10.2611   ,50.6745,10.4656   ,50.8739,10.6076   ,51.1015,10.7396   ,50.3756,-9.31412  ,-1.05728   ,488,114374,39.2671,17.4199,104.225,1
1130,51.5322,10.9106   ,51.2739,10.6847    ,51.073 ,10.4784  ,50.8432,10.2423   ,50.6056,9.98614   ,50.4207,9.77077   ,50.2305,9.49001    ,50.1339,9.21763   ,50.1292,8.87428   ,50.3143,8.66005     ,50.6493,8.63227   ,50.8856,8.77495   ,51.5322,10.9106   ,51.5604,10.657     ,51.4884,10.4912   ,51.3848,10.3281   ,51.2638,10.166    ,51.1528,10.027     ,51.0014,9.84166    ,50.8726,9.67948   ,50.7306,9.47086    ,50.6757,9.26318   ,50.7886,9.06516   ,50.8856,8.77495   ,50.445 ,8.18593   ,49.8943,8.08764   ,49.5113,8.34518    ,49.4142,8.83693   ,49.4982,9.21053   ,49.7463,9.58492    ,50.0137,9.87979   ,50.3698,10.2276   ,50.7187,10.5277   ,51.0394,10.7672   ,50.3977,-9.36857  ,-1.04718   ,497,116079,42.9126,20.6567,107.882,0
1131,50.9139,8.71579   ,50.6401,8.59188    ,50.3115,8.60066  ,50.1091,8.83597   ,50.1218,9.16963   ,50.2251,9.47706   ,50.399 ,9.75141    ,50.5979,9.99367   ,50.823 ,10.2489   ,51.0469,10.4985     ,51.242 ,10.7235   ,51.4811,10.9948   ,50.9139,8.71579   ,50.5213,8.20007    ,50.0259,8.08225   ,49.5317,8.31565   ,49.4121,8.76977   ,49.4814,9.17521    ,49.697 ,9.52377    ,49.9815,9.84639   ,50.3222,10.1932    ,50.6726,10.5221   ,50.9952,10.7933   ,51.4811,10.9948   ,51.5452,10.7223   ,51.4916,10.5542   ,51.4002,10.3898    ,51.2869,10.2249   ,51.162 ,10.0575   ,51.0095,9.85995    ,50.8524,9.66045   ,50.6727,9.42888   ,50.5361,9.14618   ,50.6865,8.96885   ,50.3918,-9.38324  ,-1.06467   ,492,115033,44.2026,20.7689,111.539,0
1132,50.8062,8.40812   ,50.4955,8.3894     ,50.1951,8.52356  ,50.0401,8.81205   ,50.0744,9.1811    ,50.2088,9.48592   ,50.4047,9.76292    ,50.6269,10.0391   ,50.8522,10.3003   ,51.0838,10.5461     ,51.3092,10.7863   ,51.566 ,11.029    ,50.8062,8.40812   ,50.2423,8.00709    ,49.7971,8.09479   ,49.4799,8.44018   ,49.4266,8.93048   ,49.5559,9.31638    ,49.7988,9.6605     ,50.0895,10.0043   ,50.396 ,10.3156    ,50.7396,10.6048   ,51.103 ,10.8796   ,51.566 ,11.029    ,51.5761,10.7587   ,51.4943,10.5569   ,51.3736,10.3559    ,51.229 ,10.1516   ,51.0722,9.94419   ,50.9117,9.73608    ,50.7508,9.52415   ,50.5904,9.27149   ,50.5325,9.0091    ,50.6703,8.78822   ,50.3994,-9.37888  ,-1.08551   ,503,115201,46.1256,17.7986,117.196,0
1133,50.7617,8.16957   ,50.418 ,8.21196    ,50.0883,8.37034  ,49.9248,8.65043   ,49.9729,9.03905   ,50.1111,9.32765   ,50.3222,9.64359    ,50.5457,9.93438   ,50.7822,10.2215   ,51.0195,10.4909     ,51.2501,10.7609   ,51.4932,11.056    ,50.7617,8.16957   ,50.1829,7.93795    ,49.7474,8.06048   ,49.4501,8.35758   ,49.3668,8.81675   ,49.4722,9.15407    ,49.7044,9.53192    ,49.992 ,9.89295   ,50.3063,10.2321    ,50.6505,10.5341   ,51.0222,10.8327   ,51.4932,11.056    ,51.5385,10.7647   ,51.4564,10.5248   ,51.3251,10.2887    ,51.1674,10.06     ,50.9997,9.83641   ,50.7977,9.58022    ,50.6097,9.34656   ,50.3918,9.0264    ,50.362 ,8.73753   ,50.5666,8.51305   ,50.367 ,-9.36338  ,-1.09274   ,493,114105,48.8781,17.0761,119.439,0
1134,50.6577,8.09266   ,50.3234,8.17504    ,50.0252,8.35782  ,49.9078,8.67837   ,49.9621,9.05155   ,50.1302,9.4002    ,50.329 ,9.67825    ,50.5721,9.97705   ,50.7945,10.2372   ,51.0391,10.514      ,51.2815,10.8019   ,51.5195,11.0823   ,50.6577,8.09266   ,50.0575,7.93946    ,49.6561,8.10044   ,49.4304,8.46808   ,49.3867,8.91424   ,49.5325,9.32503    ,49.7615,9.64939    ,50.0634,9.98912   ,50.3526,10.2782    ,50.6987,10.5854   ,51.0729,10.8925   ,51.5195,11.0823   ,51.5543,10.791    ,51.451 ,10.5248   ,51.3035,10.2722    ,51.1429,10.0384   ,50.9564,9.78401   ,50.7812,9.55712    ,50.569 ,9.27998   ,50.3833,8.98113   ,50.3408,8.68042   ,50.5061,8.44505   ,50.3679,-9.40185  ,-1.07717   ,491,113826,49.0927,15.5762,117.539,0
1135,50.6407,8.0195    ,50.3199,8.16593    ,50.0644,8.36931  ,49.9246,8.6982    ,49.9702,9.04438   ,50.1128,9.39015   ,50.3236,9.69987    ,50.5387,9.96107   ,50.7699,10.2238   ,51.0387,10.5168     ,51.2913,10.7919   ,51.5457,11.0503   ,50.6407,8.0195    ,50.0491,7.94012    ,49.7128,8.11637   ,49.4771,8.4701    ,49.4226,8.88565   ,49.5027,9.29067    ,49.7279,9.64539    ,50.0087,9.95844   ,50.3342,10.2773    ,50.7241,10.6214   ,51.1081,10.9211   ,51.5457,11.0503   ,51.5423,10.7382   ,51.4279,10.4929   ,51.2836,10.2564    ,51.1443,10.0516   ,50.9876,9.84088   ,50.7759,9.58151    ,50.5486,9.30549   ,50.3694,9.02028   ,50.3565,8.69291   ,50.5129,8.4421    ,50.373 ,-9.42479  ,-1.09338   ,489,113608,48.7501,16.018 ,116.368,0
1136,50.614 ,7.9707    ,50.3158,8.15251    ,50.0553,8.41059  ,49.9019,8.7422    ,49.9172,9.05658   ,50.0554,9.39457   ,50.284 ,9.70224    ,50.5125,9.95873   ,50.793 ,10.2527   ,51.0264,10.498      ,51.2837,10.7718   ,51.5528,11.0392   ,50.614 ,7.9707    ,50.0174,7.94955    ,49.6823,8.22287   ,49.4646,8.60715   ,49.4202,8.99481   ,49.5201,9.41139    ,49.7575,9.76065    ,50.0204,10.0337   ,50.3848,10.3524    ,50.7157,10.6215   ,51.104 ,10.9109   ,51.5528,11.0392   ,51.5343,10.709    ,51.4121,10.4542   ,51.2811,10.2366    ,51.0833,9.96754   ,50.8848,9.73068   ,50.6468,9.46709    ,50.4399,9.22101   ,50.3267,8.98122   ,50.3642,8.68371   ,50.5374,8.42047   ,50.3708,-9.43751  ,-1.09972   ,490,114365,49.1033,13.8341,116.953,0
1137,50.682 ,8.03852   ,50.3708,8.17188    ,50.1222,8.39301  ,49.9251,8.72593   ,49.9324,9.09873   ,50.0774,9.42117   ,50.2701,9.69081    ,50.5289,9.98798   ,50.788 ,10.2556   ,51.0386,10.5083     ,51.3048,10.7852   ,51.5665,11.039    ,50.682 ,8.03852   ,50.0925,7.95676    ,49.7739,8.20744   ,49.5132,8.59734   ,49.4324,9.02193   ,49.5244,9.3815     ,49.7093,9.68031    ,49.9918,10.0061   ,50.3127,10.2992    ,50.6637,10.5854   ,51.078 ,10.893    ,51.5665,11.039    ,51.595 ,10.7447   ,51.4821,10.5014   ,51.3368,10.2857    ,51.1401,10.0495   ,50.903 ,9.78928   ,50.6876,9.55189    ,50.4601,9.2682    ,50.3163,8.94632   ,50.4048,8.65342   ,50.5773,8.44067   ,50.4083,-9.46705  ,-1.10511   ,485,113678,49.1781,14.7004,117.439,0
1138,50.7323,8.00788   ,50.4299,8.15639    ,50.1408,8.42284  ,49.9814,8.72013   ,49.9742,9.07139   ,50.0937,9.4297    ,50.3139,9.75656    ,50.5559,10.0222   ,50.809 ,10.2738   ,51.0824,10.5431     ,51.3184,10.7942   ,51.5934,11.1012   ,50.7323,8.00788   ,50.1649,7.95873    ,49.7799,8.22236   ,49.5614,8.53434   ,49.4905,8.94385   ,49.5518,9.37254    ,49.764 ,9.7596     ,50.047 ,10.0792   ,50.3642,10.3729    ,50.7275,10.6703   ,51.0743,10.9315   ,51.5934,11.1012   ,51.6242,10.7279   ,51.5094,10.489    ,51.336 ,10.255     ,51.1493,10.0514   ,50.9398,9.84357   ,50.6872,9.58391    ,50.4783,9.30353   ,50.3809,9.0007    ,50.4397,8.70151   ,50.62  ,8.41003   ,50.4367,-9.51466  ,-1.10446   ,492,114599,49.8407,14.457 ,118.368,0
1139,50.7303,8.02532   ,50.4102,8.1743     ,50.1445,8.42417  ,49.9619,8.75164   ,49.942 ,9.10919   ,50.0876,9.4772    ,50.3022,9.77381    ,50.5321,10.0328   ,50.8254,10.3305   ,51.0723,10.5697     ,51.3614,10.8405   ,51.6737,11.0572   ,50.7303,8.02532   ,50.1139,8.00728    ,49.7563,8.31025   ,49.5386,8.72006   ,49.5089,9.15731   ,49.6378,9.57823    ,49.8539,9.90196    ,50.1073,10.1818   ,50.4576,10.5043    ,50.7692,10.7583   ,51.1609,11.0217   ,51.6737,11.0572   ,51.6272,10.7178   ,51.4532,10.4555   ,51.2777,10.2397    ,51.0385,9.96969   ,50.8227,9.73182   ,50.5901,9.46104    ,50.3957,9.1599    ,50.3585,8.8845    ,50.4651,8.62407   ,50.6282,8.40017   ,50.4411,-9.54282  ,-1.11237   ,494,114632,50.5136,12.0634,119.196,0
1140,50.6173,8.02417   ,50.3359,8.19976    ,50.0907,8.48424  ,49.972 ,8.8466    ,50.0114,9.18681   ,50.153 ,9.51015   ,50.3632,9.81957    ,50.619 ,10.1292   ,50.8521,10.3896   ,51.1181,10.673      ,51.3608,10.9325   ,51.6247,11.2262   ,50.6173,8.02417   ,50.0456,8.01683    ,49.7208,8.28358   ,49.5403,8.68192   ,49.5198,9.08514   ,49.6217,9.46564    ,49.8341,9.82604    ,50.1265,10.1866   ,50.406 ,10.4828    ,50.7484,10.7963   ,51.0977,11.0652   ,51.6247,11.2262   ,51.6861,10.8696   ,51.5614,10.6271   ,51.3754,10.3801    ,51.1888,10.1601   ,50.9612,9.90125   ,50.7367,9.64378    ,50.5333,9.38403   ,50.3987,9.108     ,50.4137,8.76828   ,50.5586,8.44385   ,50.4638,-9.6008   ,-1.09893   ,499,116304,49.8481,13.8537,118.61 ,0
1141,50.5011,7.99201   ,50.2735,8.23683    ,50.0554,8.57707  ,49.9608,8.96083   ,50.048 ,9.32702   ,50.249 ,9.65223   ,50.4635,9.92482    ,50.7216,10.2404   ,50.9605,10.5359   ,51.1937,10.8225     ,51.4437,11.1271   ,51.7076,11.4501   ,50.5011,7.99201   ,49.9425,8.13511    ,49.6488,8.49852   ,49.5141,8.91988   ,49.5622,9.31598   ,49.7394,9.65829    ,49.9621,9.95554    ,50.2495,10.3043   ,50.5345,10.6245    ,50.8427,10.9382   ,51.2231,11.2641   ,51.7076,11.4501   ,51.7348,11.0794   ,51.6142,10.791    ,51.4523,10.5286    ,51.265 ,10.2642   ,51.0397,9.98529   ,50.8261,9.73654    ,50.5815,9.43506   ,50.4111,9.11112   ,50.4142,8.76274   ,50.5378,8.42598   ,50.5205,-9.71498  ,-1.08101   ,514,119017,51.7539,13.3628,122.853,0
1142,50.3466,8.0513    ,50.1491,8.36326    ,49.9813,8.7423   ,49.9741,9.08651   ,50.1376,9.45974   ,50.3859,9.81701   ,50.6251,10.1182    ,50.8504,10.4056   ,51.1067,10.7349   ,51.3459,11.0398     ,51.5993,11.3508   ,51.8891,11.6585   ,50.3466,8.0513    ,49.7965,8.29737    ,49.5688,8.70119   ,49.5236,9.06076   ,49.6331,9.44187   ,49.8513,9.80975    ,50.0978,10.127     ,50.3608,10.435    ,50.7055,10.8014    ,51.0616,11.1534   ,51.4489,11.4942   ,51.8891,11.6585   ,51.8332,11.3059   ,51.7135,11.0312   ,51.5849,10.7665    ,51.4119,10.4691   ,51.2302,10.2073   ,50.9997,9.92576    ,50.7055,9.5805    ,50.4532,9.22286   ,50.3696,8.89935   ,50.4436,8.52877   ,50.5774,-9.84553  ,-1.05082   ,522,120699,53.4453,14.1563,124.853,0
1143,50.2636,8.14464   ,50.0812,8.44294    ,49.9956,8.80012  ,50.0476,9.18983   ,50.1811,9.50434   ,50.4018,9.84255   ,50.6228,10.1247    ,50.8494,10.4071   ,51.0773,10.6901   ,51.348 ,11.0199     ,51.5753,11.2954   ,51.8358,11.598    ,50.2636,8.14464   ,49.7522,8.33928    ,49.602 ,8.71226   ,49.5869,9.13719   ,49.6621,9.47054   ,49.8514,9.82094    ,50.0871,10.1244    ,50.3682,10.446    ,50.6797,10.7778    ,51.0671,11.1591   ,51.4049,11.4505   ,51.8358,11.598    ,51.8177,11.2277   ,51.7061,10.9743   ,51.5519,10.6969    ,51.4061,10.4624   ,51.234 ,10.2189   ,51.0234,9.95858    ,50.7556,9.63753   ,50.5436,9.35121   ,50.387 ,8.99882   ,50.3714,8.63881   ,50.5861,-9.88585  ,-1.03305   ,501,118730,50.6366,14.4733,120.024,0
1144,50.034 ,8.25354   ,49.9362,8.61336    ,49.9296,8.94703  ,50.0633,9.33342   ,50.2623,9.6432    ,50.4936,9.93973   ,50.7223,10.2254    ,50.9693,10.544    ,51.2052,10.8655   ,51.4211,11.1616     ,51.6351,11.4595   ,51.8731,11.7869   ,50.034 ,8.25354   ,49.5727,8.62861    ,49.5122,8.97851   ,49.5892,9.36774   ,49.7414,9.66168   ,49.9566,9.95128    ,50.197 ,10.241     ,50.4896,10.572    ,50.8158,10.9348    ,51.1307,11.2794   ,51.4519,11.5986   ,51.8731,11.7869   ,51.8844,11.4146   ,51.7849,11.1444   ,51.6646,10.8925    ,51.516 ,10.6055   ,51.3213,10.3029   ,51.1085,10.025     ,50.858 ,9.72484   ,50.5958,9.40533   ,50.3672,9.0285    ,50.2832,8.70607   ,50.6048,-9.96136  ,-0.993706  ,507,116688,51.1445,14.1562,122.853,0
1145,49.911 ,8.35067   ,49.8734,8.68961    ,49.9148,9.0253   ,50.0723,9.3893    ,50.2798,9.68282   ,50.521 ,9.9792    ,50.7634,10.2695    ,50.9839,10.5406   ,51.2142,10.8541   ,51.405 ,11.1207     ,51.6315,11.4196   ,51.9049,11.7094   ,49.911 ,8.35067   ,49.5193,8.76902    ,49.5268,9.14123   ,49.647 ,9.51196   ,49.8207,9.79281   ,50.059 ,10.0918    ,50.3276,10.3944    ,50.5851,10.6757   ,50.889 ,11.0242    ,51.149 ,11.3165   ,51.4685,11.6127   ,51.9049,11.7094   ,51.8625,11.3104   ,51.7239,11.0113   ,51.6038,10.7742    ,51.451 ,10.4941   ,51.2763,10.2377   ,51.0654,9.96515    ,50.8166,9.67109   ,50.5595,9.36516   ,50.3336,9.01844   ,50.2302,8.72055   ,50.6399,-10.0637  ,-0.963521  ,502,115320,49.5663,12.4401,119.196,0
1146,49.8361,8.44455   ,49.8629,8.79193    ,49.9539,9.13518  ,50.1348,9.47877   ,50.3469,9.77436   ,50.589 ,10.0755   ,50.828 ,10.3723    ,51.0408,10.652    ,51.2515,10.9461   ,51.4832,11.2535     ,51.7091,11.5375   ,51.9668,11.8337   ,49.8361,8.44455   ,49.5222,8.90352    ,49.5787,9.26729   ,49.7027,9.60347   ,49.8776,9.8848    ,50.1216,10.1896    ,50.3825,10.4991    ,50.6306,10.789    ,50.9031,11.0848    ,51.2355,11.4167   ,51.5694,11.7053   ,51.9668,11.8337   ,51.9241,11.4614   ,51.8045,11.1842   ,51.6608,10.8902    ,51.5144,10.603    ,51.3491,10.3418   ,51.1382,10.0616    ,50.8943,9.76375   ,50.6312,9.45213   ,50.3703,9.10139   ,50.2184,8.77709   ,50.6843,-10.1535  ,-0.953632  ,498,114157,50.0253,12.567 ,117.196,0
1147,49.7167,8.5299    ,49.8536,8.86202    ,49.9673,9.18814  ,50.132 ,9.51111   ,50.3303,9.79935   ,50.5674,10.1027   ,50.7833,10.3703    ,51     ,10.6401   ,51.2574,10.9574   ,51.4793,11.2291     ,51.6995,11.4941   ,51.9623,11.7988   ,49.7167,8.5299    ,49.5326,9.02191    ,49.6116,9.36337   ,49.7283,9.66703   ,49.87  ,9.91854   ,50.0771,10.1991    ,50.3083,10.4717    ,50.5813,10.769    ,50.9392,11.1309    ,51.2614,11.4295   ,51.5807,11.6907   ,51.9623,11.7988   ,51.8913,11.3875   ,51.7713,11.1188   ,51.6495,10.8746    ,51.4914,10.6017   ,51.3306,10.3586   ,51.1289,10.095     ,50.8548,9.76503   ,50.5862,9.43609   ,50.357 ,9.09409   ,50.2009,8.78249   ,50.681 ,-10.186   ,-0.945198  ,493,113871,49.0629,12.9621,115.196,0
1148,49.7141,8.60274   ,49.8492,8.89881    ,49.9799,9.22813  ,50.1589,9.59332   ,50.3472,9.86863   ,50.5789,10.1593   ,50.8198,10.453     ,51.0469,10.7374   ,51.2607,11.0123   ,51.4703,11.2813     ,51.7119,11.5803   ,51.9576,11.8713   ,49.7141,8.60274   ,49.5528,9.09604    ,49.6385,9.43703   ,49.786 ,9.78082   ,49.9394,10.0308   ,50.1446,10.3031    ,50.3848,10.5953    ,50.6487,10.8966   ,50.9282,11.194     ,51.2212,11.474    ,51.5689,11.7581   ,51.9576,11.8713   ,51.922 ,11.4836   ,51.7887,11.1765   ,51.6636,10.9211    ,51.5173,10.6708   ,51.3331,10.407    ,51.0941,10.1139    ,50.8277,9.80161   ,50.587 ,9.4957    ,50.36  ,9.11286   ,50.1831,8.79389   ,50.6665,-10.1935  ,-0.951704  ,493,114398,48.9465,11.8738,116.61 ,0
1149,49.7127,8.44934   ,49.8497,8.79184    ,49.9732,9.15566  ,50.1075,9.5073    ,50.2784,9.8114    ,50.5   ,10.1021   ,50.7718,10.4215    ,51.0027,10.6897   ,51.2508,10.9919   ,51.4664,11.2683     ,51.712 ,11.5763   ,51.957 ,11.9109   ,49.7127,8.44934   ,49.5347,8.97184    ,49.6345,9.35111   ,49.7589,9.70266   ,49.9037,9.99359   ,50.1021,10.2687    ,50.3656,10.5814    ,50.6107,10.8551   ,50.9082,11.1776    ,51.2025,11.477    ,51.5501,11.7798   ,51.957 ,11.9109   ,51.9417,11.4604   ,51.8006,11.1483   ,51.6683,10.9014    ,51.4828,10.6287   ,51.272 ,10.3701   ,50.9837,10.0391    ,50.7173,9.7211    ,50.4954,9.39721   ,50.3433,9.05103   ,50.1952,8.70012   ,50.6783,-10.2067  ,-0.956251  ,498,116231,51.1243,11.4146,119.196,0
1150,49.6911,8.52421   ,49.8615,8.83526    ,49.9909,9.16305  ,50.1422,9.52894   ,50.3172,9.83753   ,50.5505,10.1656   ,50.8012,10.4655    ,51.0239,10.7203   ,51.2839,11.0241   ,51.5249,11.3214     ,51.7599,11.618    ,51.9959,11.9224   ,49.6911,8.52421   ,49.5621,9.05576    ,49.6783,9.39483   ,49.825 ,9.75707   ,49.9631,10.0481   ,50.1469,10.3434    ,50.3714,10.6148    ,50.6021,10.863    ,50.9132,11.1843    ,51.2458,11.5112   ,51.5875,11.8036   ,51.9959,11.9224   ,52.0068,11.5275   ,51.8832,11.2308   ,51.7369,10.9635    ,51.5348,10.6798   ,51.3193,10.4177   ,51.0328,10.0861    ,50.7293,9.71718   ,50.5038,9.38882   ,50.3382,9.02565   ,50.2008,8.70552   ,50.7131,-10.2397  ,-0.960237  ,507,116888,50.7377,11.8741,120.853,0
1151,49.8656,8.44403   ,49.9123,8.81937    ,50.0177,9.22641  ,50.1836,9.58736   ,50.3826,9.89909   ,50.6324,10.2281   ,50.9051,10.5561    ,51.1634,10.862    ,51.3952,11.1608   ,51.6362,11.5151     ,51.8413,11.8085   ,52.1114,12.1633   ,49.8656,8.44403   ,49.6099,8.96059    ,49.6881,9.40658   ,49.8439,9.79295   ,50.0335,10.1186   ,50.2754,10.4524    ,50.5521,10.7779    ,50.8293,11.0782   ,51.1044,11.393     ,51.4188,11.7573   ,51.6925,12.0182   ,52.1114,12.1633   ,52.0593,11.6951   ,51.92  ,11.372    ,51.7587,11.0298    ,51.5784,10.7445   ,51.348 ,10.44     ,51.0785,10.1143    ,50.809 ,9.7878    ,50.5816,9.48289   ,50.3873,9.15308   ,50.237 ,8.80011   ,50.76  ,-10.2969  ,-0.967419  ,517,119235,54.193 ,10.6867,125.196,0
1152,49.9101,8.46926   ,49.9329,8.84475    ,50.0227,9.22019  ,50.1862,9.5708    ,50.4109,9.92116   ,50.6455,10.2336   ,50.8928,10.5414    ,51.124 ,10.8287   ,51.37  ,11.1534   ,51.5846,11.4416     ,51.8568,11.7861   ,52.1163,12.0956   ,49.9101,8.46926   ,49.6251,8.95952    ,49.6849,9.36794   ,49.8354,9.74095   ,50.0364,10.0971   ,50.2534,10.4064    ,50.4904,10.7032    ,50.7251,10.9762   ,51.0123,11.3124    ,51.3058,11.6311   ,51.703 ,11.9824   ,52.1163,12.0956   ,52.0878,11.6864   ,51.9388,11.3499   ,51.7973,11.0892    ,51.5951,10.7731   ,51.3757,10.4789   ,51.1198,10.1651    ,50.8592,9.84851   ,50.5939,9.49904   ,50.399 ,9.175     ,50.2564,8.83955   ,50.8018,-10.3597  ,-0.971219  ,527,122023,53.1244,11.201 ,126.853,0
1153,49.8283,8.46854   ,49.9139,8.86054    ,50.0403,9.25764  ,50.2245,9.62078   ,50.479 ,9.99224   ,50.7405,10.3302   ,50.9695,10.6196    ,51.2361,10.9701   ,51.4971,11.3571   ,51.7034,11.6759     ,51.9325,12.0037   ,52.2466,12.3768   ,49.8283,8.46854   ,49.6127,9.01109    ,49.7216,9.43032   ,49.8769,9.79074   ,50.0733,10.1324   ,50.3043,10.4535    ,50.5465,10.7495    ,50.849 ,11.113    ,51.1543,11.5135    ,51.4307,11.8575   ,51.7664,12.1881   ,52.2466,12.3768   ,52.1776,11.9246   ,52.0491,11.6031   ,51.9075,11.3065    ,51.7043,10.9419   ,51.4847,10.6068   ,51.2673,10.3215    ,50.9688,9.96301   ,50.6351,9.55331   ,50.4043,9.19212   ,50.2451,8.82614   ,50.8583,-10.4417  ,-0.974514  ,540,124834,57.004 ,11.9205,131.095,0
1154,49.9087,8.49167   ,49.9279,8.86737    ,50.068 ,9.31149  ,50.2669,9.68005   ,50.4977,10.0066   ,50.7713,10.3511   ,51.0031,10.6387    ,51.2809,11.0193   ,51.5126,11.3842   ,51.7338,11.7168     ,51.985 ,12.0621   ,52.265 ,12.4252   ,49.9087,8.49167   ,49.6075,8.9594     ,49.7219,9.43251   ,49.8771,9.79447   ,50.0544,10.0939   ,50.3061,10.4259    ,50.5448,10.7179    ,50.8632,11.1197   ,51.1531,11.5147    ,51.4436,11.8773   ,51.8027,12.2385   ,52.265 ,12.4252   ,52.2513,11.9967   ,52.1048,11.672    ,51.9405,11.3608    ,51.7673,11.0233   ,51.5487,10.6719   ,51.3311,10.3924    ,51.0282,10.0324   ,50.7253,9.67152   ,50.4632,9.29744   ,50.2699,8.88782   ,50.8949,-10.4848  ,-0.971422  ,546,127270,57.1634,12.577 ,131.924,0
1155,49.8915,8.51472   ,49.9512,8.90068    ,50.0813,9.31426  ,50.2526,9.65328   ,50.4875,9.98871   ,50.7661,10.3433   ,51.0549,10.7025    ,51.2682,10.9888   ,51.5283,11.3728   ,51.7347,11.6951     ,51.9697,12.0768   ,52.1956,12.4733   ,49.8915,8.51472   ,49.6363,9.0311     ,49.7456,9.47213   ,49.8894,9.80576   ,50.0827,10.12     ,50.3386,10.4643    ,50.6379,10.8313    ,50.8849,11.1351   ,51.202 ,11.5469    ,51.4343,11.8833   ,51.7448,12.2667   ,52.1956,12.4733   ,52.2634,11.9951   ,52.1006,11.6143   ,51.9262,11.3069    ,51.7292,10.9539   ,51.5621,10.6905   ,51.2917,10.343     ,50.9802,9.97301   ,50.6855,9.61053   ,50.4656,9.27328   ,50.2952,8.88643   ,50.918 ,-10.5127  ,-0.975555  ,551,127748,56.8497,11.7829,132.267,0
1156,49.8871,8.51763   ,49.9496,8.8941     ,50.0746,9.30042  ,50.2673,9.68903   ,50.5066,10.0256   ,50.7959,10.3826   ,51.0852,10.7393    ,51.3344,11.0774   ,51.5804,11.4522   ,51.7823,11.7745     ,52.0445,12.1582   ,52.3404,12.4957   ,49.8871,8.51763   ,49.637 ,9.02767    ,49.7423,9.46166   ,49.8992,9.83995   ,50.093 ,10.1513   ,50.3665,10.4997    ,50.6736,10.8677    ,50.9685,11.2295   ,51.2573,11.6278    ,51.501 ,11.9693   ,51.8735,12.3555   ,52.3404,12.4957   ,52.2985,12.0661   ,52.1328,11.6893   ,51.9712,11.3831    ,51.7738,11.0339   ,51.5866,10.7266   ,51.3245,10.3859    ,51.0124,10.0169   ,50.705 ,9.64722   ,50.4524,9.25416   ,50.2908,8.8747    ,50.9418,-10.5492  ,-0.97466   ,560,129678,58.0947,11.8319,134.51 ,0
1157,49.805 ,8.54792   ,49.9436,8.9193     ,50.1083,9.37418  ,50.3172,9.75401   ,50.5605,10.0878   ,50.849 ,10.4417   ,51.1311,10.7929    ,51.4067,11.1765   ,51.6424,11.5434   ,51.8685,11.9193     ,52.1445,12.3049   ,52.4472,12.6606   ,49.805 ,8.54792   ,49.6456,9.10944    ,49.7859,9.56634   ,49.9446,9.91979   ,50.1552,10.2325   ,50.4405,10.5808    ,50.7373,10.9356    ,51.0467,11.329    ,51.3097,11.7033    ,51.6078,12.0933   ,52.0014,12.4842   ,52.4472,12.6606   ,52.3734,12.2319   ,52.2   ,11.8565   ,52.0375,11.488     ,51.8385,11.1302   ,51.6111,10.7632   ,51.3557,10.4216    ,51.0581,10.059    ,50.7618,9.69654   ,50.482 ,9.29226   ,50.2772,8.84346   ,50.9726,-10.5903  ,-0.97352   ,572,131230,60.3954,11.3927,138.167,0
1158,49.8357,8.53631   ,49.9484,8.92078    ,50.0873,9.32444  ,50.2889,9.70849   ,50.5691,10.0987   ,50.8103,10.395    ,51.0988,10.7503    ,51.3468,11.0863   ,51.5967,11.4617   ,51.8311,11.8327     ,52.1076,12.2046   ,52.4389,12.5091   ,49.8357,8.53631   ,49.6426,9.08987    ,49.7627,9.50683   ,49.9204,9.8746    ,50.1679,10.2486   ,50.4113,10.5464    ,50.7167,10.9114    ,50.9966,11.2628   ,51.2837,11.6574    ,51.5807,12.0523   ,51.9814,12.4216   ,52.4389,12.5091   ,52.3222,12.0884   ,52.1527,11.7198   ,51.9769,11.372     ,51.7718,11.0184   ,51.57  ,10.7042   ,51.3086,10.3634    ,51.0634,10.0655   ,50.7266,9.65082   ,50.4618,9.25394   ,50.2879,8.86724   ,50.9716,-10.5864  ,-0.972237  ,571,131674,58.9399,11.2312,137.581,0
1159,49.8148,8.56085   ,49.9417,8.93433    ,50.0831,9.33072  ,50.3212,9.75865   ,50.5616,10.0876   ,50.845 ,10.4371   ,51.1246,10.7857    ,51.3672,11.1167   ,51.6184,11.4883   ,51.8407,11.8512     ,52.0945,12.234    ,52.3607,12.6146   ,49.8148,8.56085   ,49.6264,9.10929    ,49.7493,9.51048   ,49.9357,9.90592   ,50.1423,10.2141   ,50.4231,10.5601    ,50.7213,10.916     ,51.0018,11.2616   ,51.2927,11.6484    ,51.5633,12.0286   ,51.9206,12.4161   ,52.3607,12.6146   ,52.3464,12.1627   ,52.1848,11.7798   ,52.009 ,11.432     ,51.8078,11.0795   ,51.6142,10.7681   ,51.3638,10.4321    ,51.0715,10.0754   ,50.7786,9.71781   ,50.4665,9.26147   ,50.2927,8.87233   ,50.9541,-10.5628  ,-0.971955  ,571,132122,59.1013,11.6437,136.752,0
1160,49.9061,8.4745    ,49.9278,8.85518    ,50.0604,9.28119  ,50.2745,9.68541   ,50.5144,10.0308   ,50.7908,10.3811   ,51.0657,10.7148    ,51.3299,11.0611   ,51.5611,11.4038   ,51.8038,11.7958     ,52.039 ,12.1373   ,52.3604,12.5027   ,49.9061,8.4745    ,49.6098,8.9967     ,49.7274,9.45263   ,49.9069,9.84784   ,50.1088,10.1783   ,50.3606,10.5049    ,50.6355,10.8209    ,50.9381,11.1886   ,51.2177,11.5614    ,51.5279,11.9915   ,51.8622,12.3459   ,52.3604,12.5027   ,52.3028,12.0412   ,52.152 ,11.7129   ,51.9747,11.3585    ,51.8045,11.0493   ,51.5858,10.7223   ,51.3141,10.3702    ,51.0095,10.001    ,50.7149,9.63607   ,50.445 ,9.22915   ,50.2719,8.83457   ,50.9403,-10.5396  ,-0.973063  ,574,131963,58.8582,11.8098,136.51 ,0
1161,49.788 ,8.47759   ,49.9237,8.8742     ,50.0616,9.28149  ,50.2489,9.65991   ,50.4747,9.98833   ,50.7462,10.3355   ,51.0378,10.6935    ,51.2711,10.9879   ,51.5462,11.3753   ,51.78  ,11.7446     ,52.0156,12.1287   ,52.2282,12.5063   ,49.788 ,8.47759   ,49.6196,9.04328    ,49.7343,9.46384   ,49.8932,9.82382   ,50.0642,10.1199   ,50.2998,10.4462    ,50.6086,10.815     ,50.8805,11.1312   ,51.2095,11.5449    ,51.4982,11.9424   ,51.8122,12.3301   ,52.2282,12.5063   ,52.2839,12.0399   ,52.1286,11.6532   ,51.9515,11.3121    ,51.7483,10.9593   ,51.5636,10.6914   ,51.2881,10.3431    ,50.9716,9.9704    ,50.6709,9.60248   ,50.434 ,9.21118   ,50.2654,8.82272   ,50.91  ,-10.4982  ,-0.974106  ,569,130781,58.1991,12.1862,134.51 ,0
1162,49.7753,8.51183   ,49.9176,8.8757     ,50.0445,9.25247  ,50.2056,9.60439   ,50.4478,9.96891   ,50.7147,10.3067   ,50.9533,10.5938    ,51.2235,10.9283   ,51.4462,11.2387   ,51.6761,11.5882     ,51.8941,11.9448   ,52.1299,12.3135   ,49.7753,8.51183   ,49.6248,9.05318    ,49.7308,9.43756   ,49.8672,9.78436   ,50.0636,10.1365   ,50.314 ,10.4701    ,50.5604,10.7631    ,50.8629,11.1154   ,51.1294,11.4479    ,51.3957,11.8138   ,51.6759,12.1484   ,52.1299,12.3135   ,52.1741,11.8419   ,52.0201,11.4636   ,51.8302,11.1296    ,51.6652,10.848    ,51.441 ,10.5385   ,51.2098,10.258     ,50.9152,9.91179   ,50.6025,9.52409   ,50.3964,9.17105   ,50.2474,8.80662   ,50.8665,-10.4487  ,-0.979075  ,551,127864,55.2397,11.2899,130.51 ,0
1163,49.7562,8.51309   ,49.9176,8.87723    ,50.0471,9.25789  ,50.2071,9.60929   ,50.4482,9.97426   ,50.6708,10.2581   ,50.9643,10.609     ,51.197 ,10.893    ,51.4585,11.255    ,51.6594,11.5915     ,51.7622,11.9683   ,51.8058,12.4138   ,49.7562,8.51309   ,49.6265,9.06519    ,49.7358,9.4454    ,49.8694,9.78724   ,50.0603,10.1356   ,50.2643,10.4109    ,50.5589,10.7603    ,50.8162,11.0533   ,51.1303,11.4335    ,51.3547,11.7788   ,51.5056,12.1253   ,51.8058,12.4138   ,52.0331,11.9272   ,52.0086,11.5037   ,51.8509,11.1737    ,51.6623,10.8416   ,51.4671,10.5739   ,51.1728,10.2215    ,50.9193,9.92411   ,50.6029,9.53067   ,50.3962,9.17449   ,50.2479,8.79917   ,50.8178,-10.4043  ,-0.998927  ,535,123672,55.0704,11.3818,128.024,0
1164,49.8396,8.47377   ,49.9309,8.80872    ,50.0405,9.18408  ,50.1952,9.54425   ,50.3872,9.8486    ,50.6265,10.1692   ,50.8854,10.4927    ,51.1253,10.8086   ,51.3276,11.1201   ,51.4819,11.435      ,51.5399,11.8148   ,51.4622,12.2457   ,49.8396,8.47377   ,49.6107,8.91642    ,49.6874,9.27892   ,49.8   ,9.62433   ,49.9203,9.89407   ,50.0956,10.1829    ,50.3411,10.495     ,50.6257,10.8211   ,50.8992,11.1449    ,51.0997,11.458    ,51.2167,11.8444   ,51.4622,12.2457   ,51.8553,11.8923   ,51.8999,11.5191   ,51.8162,11.1989    ,51.6973,10.9004   ,51.5141,10.5968   ,51.2432,10.2642    ,50.9285,9.90764   ,50.6464,9.56442   ,50.4307,9.19483   ,50.2789,8.8067    ,50.7665,-10.3507  ,-1.02984   ,524,120421,52.1357,14.4404,122.953,0
1165,49.9621,8.3703    ,49.9601,8.71493    ,50.0178,9.08789  ,50.1702,9.45817   ,50.3567,9.77043   ,50.5806,10.0847   ,50.7823,10.3513    ,51.0182,10.6746   ,51.212 ,11.0194   ,51.3324,11.3739     ,51.2915,11.7392   ,51.0585,12.0748   ,49.9621,8.3703    ,49.6281,8.72987    ,49.6395,9.08467   ,49.74  ,9.45075   ,49.8459,9.73569   ,49.9855,10.0123    ,50.1593,10.2648    ,50.4284,10.588    ,50.7198,10.9254    ,50.9472,11.2611   ,50.988 ,11.6367   ,51.0585,12.0748   ,51.5484,11.9314   ,51.7337,11.6001   ,51.7576,11.2321    ,51.6796,10.8725   ,51.4873,10.5443   ,51.2546,10.2635    ,50.9382,9.90905   ,50.6556,9.57015   ,50.4297,9.1984    ,50.2959,8.8033    ,50.7035,-10.292   ,-1.06814   ,516,118430,51.0629,16.6439,122.125,0
1166,49.8683,8.39188   ,49.972 ,8.73253    ,50.0535,9.09974  ,50.1718,9.43955   ,50.3687,9.78472   ,50.5881,10.0651   ,50.8399,10.3691    ,51.0442,10.6549   ,51.1877,10.9769   ,51.2285,11.3619     ,51.059 ,11.7359   ,50.7784,11.9813   ,49.8683,8.39188   ,49.6802,8.79739    ,49.6947,9.15237   ,49.7687,9.48341   ,49.9083,9.81198   ,50.0686,10.0708    ,50.2834,10.3419    ,50.5061,10.5989   ,50.7174,10.8727    ,50.8577,11.2076   ,50.7916,11.5911   ,50.7784,11.9813   ,51.2617,11.9559   ,51.582 ,11.621    ,51.6887,11.193     ,51.6411,10.8132   ,51.4688,10.4876   ,51.1768,10.1428    ,50.887 ,9.83792   ,50.6175,9.48682   ,50.4393,9.14889   ,50.2865,8.77166   ,50.6846,-10.275   ,-1.10742   ,505,118547,50.6681,14.6474,120.711,0
1167,49.8676,8.39921   ,49.9504,8.71887    ,50.0438,9.10811  ,50.1825,9.48549   ,50.3851,9.82575   ,50.5936,10.0989   ,50.8288,10.3959    ,51.0583,10.7653   ,51.1656,11.1149   ,51.1125,11.4549     ,50.8307,11.775    ,50.5159,12.0031   ,49.8676,8.39921   ,49.6348,8.77472    ,49.6749,9.14609   ,49.7734,9.53001   ,49.9057,9.85738   ,50.0543,10.119     ,50.2672,10.3926    ,50.5556,10.694    ,50.77  ,10.9606    ,50.8117,11.2694   ,50.608 ,11.6346   ,50.5159,12.0031   ,50.9593,11.9913   ,51.3538,11.7445   ,51.5717,11.3865    ,51.6111,10.9498   ,51.4661,10.5009   ,51.2093,10.1748    ,50.9294,9.88398   ,50.6431,9.54448   ,50.445 ,9.18056   ,50.2886,8.77152   ,50.635 ,-10.2887  ,-1.15521   ,515,120256,51.831 ,14.7638,124.953,0
1168,49.8636,8.39869   ,49.9564,8.73592    ,50.0487,9.14034  ,50.1878,9.47877   ,50.4044,9.82562   ,50.6098,10.1137   ,50.8386,10.4719    ,50.9822,10.8098   ,51.0239,11.1821   ,50.8831,11.5446     ,50.5954,11.8275   ,50.2539,12.053    ,49.8636,8.39869   ,49.6371,8.75263    ,49.6608,9.12203   ,49.7424,9.45146   ,49.8505,9.74027   ,49.9607,9.95835    ,50.1704,10.2573    ,50.4098,10.5597   ,50.6107,10.9178    ,50.6048,11.3171   ,50.4017,11.6836   ,50.2539,12.053    ,50.7011,12.0387   ,51.0903,11.8644   ,51.4226,11.5541    ,51.581 ,11.1632   ,51.556 ,10.7781   ,51.3229,10.361     ,51.0276,10.0093   ,50.6865,9.60448   ,50.4669,9.25574   ,50.2947,8.82099   ,50.5981,-10.3275  ,-1.20458   ,526,121857,52.4476,18.1546,126.61 ,0
1169,49.9435,8.39766   ,49.9627,8.74594    ,50.0184,9.08858  ,50.1535,9.43041   ,50.3582,9.77365   ,50.5616,10.06     ,50.7796,10.3802    ,50.935 ,10.7311   ,50.979 ,11.0713   ,50.8779,11.4652     ,50.6919,11.7586   ,50.4245,12.0678   ,49.9435,8.39766   ,49.6279,8.76281    ,49.6319,9.07902   ,49.7153,9.40542   ,49.8397,9.72108   ,49.9772,9.97278    ,50.1732,10.2705    ,50.3761,10.6025   ,50.4953,10.9252    ,50.4839,11.3251   ,50.3822,11.6506   ,50.4245,12.0678   ,50.9344,11.9518   ,51.2178,11.7109   ,51.4551,11.3327    ,51.5224,10.9698   ,51.4402,10.5833   ,51.2127,10.2398    ,50.9436,9.92347   ,50.6422,9.55306   ,50.4342,9.19637   ,50.3043,8.82481   ,50.5687,-10.3233  ,-1.21871   ,527,121953,50.2993,16.0052,123.782,0
1170,49.9333,8.38679   ,49.9551,8.74397    ,50.0243,9.12435  ,50.1767,9.49895   ,50.401 ,9.87161   ,50.6166,10.1713   ,50.8474,10.5091    ,50.9985,10.8412   ,51.0384,11.2466   ,50.8145,11.6078     ,50.5049,11.8375   ,50.1345,12.0076   ,49.9333,8.38679   ,49.6174,8.7859     ,49.6467,9.14012   ,49.7382,9.50447   ,49.8533,9.83101   ,50.0001,10.0823    ,50.2569,10.3952    ,50.512 ,10.6835   ,50.7177,11.0318    ,50.5791,11.3718   ,50.3204,11.6387   ,50.1345,12.0076   ,50.5848,12.0968   ,50.9524,11.9316   ,51.3304,11.5731    ,51.5196,11.1162   ,51.4964,10.7264   ,51.3029,10.356     ,51.0203,10.0153   ,50.6708,9.60083   ,50.4362,9.21656   ,50.3015,8.80902   ,50.5614,-10.3453  ,-1.23521   ,536,123096,53.5912,16.3265,127.196,0
1171,49.93  ,8.36735   ,49.9589,8.77262    ,50.0418,9.16317  ,50.187 ,9.49273   ,50.4268,9.87464   ,50.6474,10.1918   ,50.8789,10.5564    ,51.0181,10.908    ,51.0081,11.3282   ,50.7677,11.6481     ,50.4429,11.8947   ,50.0595,12.1371   ,49.93  ,8.36735   ,49.6163,8.79493    ,49.6577,9.16016   ,49.7478,9.47537   ,49.8784,9.80713   ,50.0333,10.0894    ,50.3051,10.4394    ,50.569 ,10.75     ,50.7128,11.1246    ,50.5193,11.4373   ,50.2301,11.7336   ,50.0595,12.1371   ,50.5486,12.1253   ,50.9115,11.9513   ,51.2505,11.6474    ,51.4935,11.1873   ,51.51  ,10.7849   ,51.3319,10.3972    ,51.0499,10.0495   ,50.6865,9.61976   ,50.4658,9.27691   ,50.3128,8.86038   ,50.5545,-10.3898  ,-1.2721    ,543,125590,55.3039,16.3674,132.024,0
1172,49.9258,8.37098   ,49.9506,8.75984    ,50.0311,9.14135  ,50.1922,9.51706   ,50.4218,9.88152   ,50.6399,10.1992   ,50.843 ,10.5372    ,50.9805,10.901    ,50.9571,11.3183   ,50.7178,11.6469     ,50.4148,11.928    ,50.0849,12.196    ,49.9258,8.37098   ,49.616 ,8.80404    ,49.6602,9.17141   ,49.7685,9.53713   ,49.9075,9.86595   ,50.0763,10.1533    ,50.3102,10.4503    ,50.557 ,10.7492   ,50.6512,11.1134    ,50.4453,11.4456   ,50.1751,11.7953   ,50.0849,12.196    ,50.5547,12.1436   ,50.8917,11.9495   ,51.2056,11.638     ,51.4285,11.1747   ,51.4333,10.7427   ,51.2761,10.3541    ,51.008 ,10.0014   ,50.6739,9.60188   ,50.4392,9.22084   ,50.297 ,8.82136   ,50.5216,-10.4028  ,-1.30715   ,540,126675,54.7438,14.9192,129.782,0
1173,49.9002,8.3935    ,49.9476,8.78178    ,50.0386,9.17522  ,50.1949,9.5464    ,50.4194,9.90267   ,50.6595,10.2642   ,50.8291,10.6102    ,50.9201,11.0372   ,50.8233,11.3881   ,50.5689,11.7005     ,50.2212,11.9913   ,49.8554,12.2073   ,49.9002,8.3935    ,49.6077,8.8131     ,49.6448,9.18875   ,49.745 ,9.5551    ,49.8997,9.89039   ,50.1174,10.2176    ,50.3397,10.4957    ,50.5606,10.8253   ,50.5525,11.1299    ,50.3453,11.4383   ,50.0302,11.8041   ,49.8554,12.2073   ,50.3143,12.2467   ,50.6948,12.0563   ,51.0243,11.7572    ,51.275 ,11.3687   ,51.3621,10.8463   ,51.2655,10.4204    ,51.0091,10.0159   ,50.7011,9.6406    ,50.4688,9.27128   ,50.3057,8.86273   ,50.4736,-10.4179  ,-1.34961   ,546,126918,55.5758,14.2983,130.853,0
1174,49.8423,8.4107    ,49.933 ,8.80002    ,50.0357,9.19564  ,50.1965,9.57457   ,50.397 ,9.88968   ,50.6514,10.2495   ,50.8358,10.5712    ,50.9581,10.9913   ,50.8598,11.3725   ,50.6146,11.6567     ,50.2912,11.9363   ,49.9286,12.1936   ,49.8423,8.4107    ,49.6035,8.89171    ,49.6672,9.27758   ,49.7789,9.6439    ,49.923 ,9.93259   ,50.1481,10.2712    ,50.3735,10.5607    ,50.5827,10.8901   ,50.5262,11.2006    ,50.3353,11.4363   ,50.0723,11.7335   ,49.9286,12.1936   ,50.4205,12.2119   ,50.8017,11.9639   ,51.1242,11.6435    ,51.3399,11.2096   ,51.3484,10.6985   ,51.2229,10.3301    ,50.9451,9.95108   ,50.6728,9.61055   ,50.4419,9.22518   ,50.2875,8.82031   ,50.473 ,-10.4245  ,-1.34816   ,544,126224,55.1854,13.2013,130.61 ,0
1175,49.8725,8.3998    ,49.9325,8.76505    ,50.0316,9.17711  ,50.198 ,9.57406   ,50.4455,9.95805   ,50.7062,10.3319   ,50.8851,10.6751    ,50.9618,11.1036   ,50.7568,11.4972   ,50.4604,11.8113     ,50.1722,12.0789   ,49.8323,12.401    ,49.8725,8.3998    ,49.6027,8.83511    ,49.6594,9.24416   ,49.7755,9.63567   ,49.9591,9.99369   ,50.2123,10.353     ,50.4548,10.6562    ,50.5987,11.0047   ,50.3963,11.3527    ,50.1443,11.6529   ,49.9156,11.949    ,49.8323,12.401    ,50.3412,12.2885   ,50.6759,12.0662   ,51.0245,11.7503    ,51.3024,11.3199   ,51.3605,10.8169   ,51.2678,10.4188    ,51.0087,10.0307   ,50.6816,9.62285   ,50.4426,9.22683   ,50.2838,8.811     ,50.4576,-10.4776  ,-1.3905    ,559,128885,57.7656,12.9708,133.439,0
1176,49.85  ,8.40671   ,49.9359,8.79377    ,50.063 ,9.23023  ,50.2172,9.57838   ,50.4502,9.95804   ,50.6927,10.3312   ,50.8565,10.6802    ,50.9066,11.1137   ,50.7292,11.4937   ,50.4236,11.8297     ,50.0986,12.1452   ,49.7984,12.4551   ,49.85  ,8.40671   ,49.6028,8.86246    ,49.6667,9.2749    ,49.7675,9.61224   ,49.9423,9.96957   ,50.1776,10.3203    ,50.4032,10.6272    ,50.5123,11.0117   ,50.3374,11.3842    ,50.0667,11.7306   ,49.8298,12.0646   ,49.7984,12.4551   ,50.2831,12.3092   ,50.6844,12.023    ,51.0448,11.7025    ,51.2758,11.3329   ,51.3487,10.8574   ,51.2704,10.4523    ,51.03  ,10.053    ,50.7256,9.65507   ,50.506 ,9.30617   ,50.2984,8.84993   ,50.443 ,-10.481   ,-1.41378   ,567,129345,57.8163,13.5003,134.853,0
1177,49.9202,8.46521   ,49.9345,8.82376    ,50.0335,9.23662  ,50.2195,9.63578   ,50.4219,9.95534   ,50.6369,10.311    ,50.8075,10.703     ,50.799 ,11.1406   ,50.6026,11.4876   ,50.3281,11.8248     ,50.0513,12.137    ,49.7442,12.422    ,49.9202,8.46521   ,49.6033,8.90348    ,49.6679,9.3341    ,49.805 ,9.72098   ,49.9516,10.007    ,50.1668,10.3431    ,50.3829,10.717     ,50.3686,11.1387   ,50.1491,11.4664    ,49.9499,11.7595   ,49.7963,12.0418   ,49.7442,12.422    ,50.2151,12.3284   ,50.6134,11.999    ,50.9692,11.6224    ,51.1844,11.2624   ,51.2608,10.8126   ,51.1635,10.3827    ,50.9576,10.0066   ,50.6994,9.65963   ,50.441 ,9.25728   ,50.2826,8.85893   ,50.3926,-10.5022  ,-1.45045   ,547,127526,55.988 ,12.3378,130.61 ,0
1178,49.8421,8.64198   ,49.9376,8.99241    ,50.0645,9.3946   ,50.2415,9.76282   ,50.4694,10.1094   ,50.6814,10.4595   ,50.7733,10.8555    ,50.6892,11.2021   ,50.4537,11.5824   ,50.2341,11.8601     ,49.9552,12.1848   ,49.6574,12.5122   ,49.8421,8.64198   ,49.6274,9.13292    ,49.7184,9.55683   ,49.8607,9.92128   ,50.054 ,10.2441   ,50.2756,10.581     ,50.3519,10.9607    ,50.2064,11.2823   ,49.9608,11.6273    ,49.8143,11.8602   ,49.6701,12.1397   ,49.6574,12.5122   ,50.149 ,12.3309   ,50.5618,11.9712   ,50.863 ,11.6473    ,51.1198,11.2322   ,51.1867,10.8692   ,51.1343,10.4439    ,50.9518,10.0732   ,50.682 ,9.70416   ,50.4545,9.34281   ,50.2802,8.96693   ,50.3484,-10.5978  ,-1.50823   ,532,123496,54.7119,11.2181,127.196,0
1179,49.9254,8.75903   ,49.9882,9.11214    ,50.1028,9.50388  ,50.2859,9.86598   ,50.5047,10.2135   ,50.6959,10.5633   ,50.7349,10.9963    ,50.6052,11.3314   ,50.348 ,11.7181   ,50.1249,12.0035     ,49.8407,12.3421   ,49.5802,12.6666   ,49.9254,8.75903   ,49.689 ,9.25954    ,49.7724,9.68651   ,49.9237,10.0429   ,50.1128,10.3731   ,50.2985,10.7219    ,50.2756,11.1279    ,50.0949,11.4192   ,49.875 ,11.7582    ,49.7431,11.9948   ,49.5921,12.3022   ,49.5802,12.6666   ,49.9981,12.4892   ,50.4128,12.1266   ,50.7354,11.7912    ,51.054 ,11.3535   ,51.165 ,10.9768   ,51.1322,10.509     ,50.9582,10.1524   ,50.7095,9.78952   ,50.4774,9.42742   ,50.3118,9.07952   ,50.3355,-10.7094  ,-1.56539   ,521,120474,54.8471,11.7898,127.196,0
1180,49.9061,8.85915   ,50.0349,9.2071     ,50.1664,9.59735  ,50.3185,9.92256   ,50.5186,10.2695   ,50.6733,10.6525   ,50.6855,11.0657    ,50.5508,11.4382   ,50.3278,11.7613   ,50.0899,12.0802     ,49.8306,12.3887   ,49.535 ,12.6937   ,49.9061,8.85915   ,49.723 ,9.37144    ,49.8338,9.77067   ,49.9551,10.0882   ,50.1236,10.4187   ,50.2685,10.7749    ,50.248 ,11.1317    ,50.0798,11.45     ,49.8882,11.7415    ,49.7317,12.0252   ,49.5665,12.3256   ,49.535 ,12.6937   ,50.0056,12.5481   ,50.3655,12.2408   ,50.6887,11.8876    ,50.9541,11.5368   ,51.098 ,11.135    ,51.1017,10.6612    ,50.9673,10.2178   ,50.7387,9.86029   ,50.5436,9.5355    ,50.3813,9.15012   ,50.3354,-10.7892  ,1.54124    ,517,119052,53.847 ,10.775 ,126.125,0
1181,49.9267,8.85157   ,50.0807,9.21597    ,50.2131,9.60063  ,50.3544,9.97842   ,50.5208,10.3217   ,50.6653,10.6962   ,50.6783,11.076     ,50.5353,11.4777   ,50.3288,11.8033   ,50.0685,12.1429     ,49.8417,12.4095   ,49.5479,12.7644   ,49.9267,8.85157   ,49.7766,9.38833    ,49.8796,9.78245   ,50.0014,10.1589   ,50.1549,10.4906   ,50.2746,10.8494    ,50.2337,11.1785    ,50.0337,11.5273   ,49.8721,11.8263    ,49.7211,12.1115   ,49.5764,12.3511   ,49.5479,12.7644   ,50.0236,12.5679   ,50.3236,12.2847   ,50.7047,11.8936    ,50.9779,11.5339   ,51.0992,11.0979   ,51.0795,10.6649    ,50.9359,10.2504   ,50.752 ,9.89964   ,50.584 ,9.53071   ,50.4232,9.15001   ,50.3391,-10.8225  ,1.52548    ,516,119014,54.2818,11.5806,125.882,0
1182,49.931 ,8.91288   ,50.089 ,9.22094    ,50.2579,9.60047  ,50.3905,9.92434   ,50.5163,10.3246   ,50.5939,10.7032   ,50.5932,11.0998    ,50.4931,11.4363   ,50.3043,11.7731   ,50.094 ,12.0775     ,49.8602,12.3852   ,49.6379,12.7622   ,49.931 ,8.91288   ,49.7834,9.39916    ,49.9083,9.77082   ,50.0253,10.0844   ,50.1373,10.4856   ,50.1959,10.8476    ,50.153 ,11.1919    ,50.0213,11.4754   ,49.8562,11.7895    ,49.7137,12.0606   ,49.5751,12.3443   ,49.6379,12.7622   ,50.073 ,12.5255   ,50.397 ,12.1979   ,50.688 ,11.856     ,50.9183,11.4949   ,51.0124,11.1318   ,51.0056,10.6918    ,50.928 ,10.2837   ,50.7937,9.87564   ,50.6551,9.53733   ,50.4447,9.14891   ,50.322 ,-10.814   ,1.50458    ,509,117891,52.1271,11.0036,122.225,0
1183,49.9065,8.9704    ,50.0997,9.28837    ,50.2671,9.64782  ,50.3967,9.97516   ,50.4927,10.3351   ,50.5268,10.7347   ,50.4812,11.1292    ,50.3693,11.4649   ,50.196 ,11.8077   ,49.9668,12.1756     ,49.7659,12.4489   ,49.5049,12.8      ,49.9065,8.9704    ,49.799 ,9.49119    ,49.9314,9.84235   ,50.0328,10.1698   ,50.1016,10.5266   ,50.1113,10.8889    ,50.0378,11.2279    ,49.9008,11.5315   ,49.7373,11.8683    ,49.5914,12.2007   ,49.4876,12.4411   ,49.5049,12.8      ,49.9632,12.5633   ,50.265 ,12.2603   ,50.5979,11.8474    ,50.7917,11.4986   ,50.8957,11.1518   ,50.9379,10.7168    ,50.9058,10.2716   ,50.7985,9.89562   ,50.6483,9.55866   ,50.4505,9.18492   ,50.2653,-10.8283  ,1.46372    ,505,117246,52.0429,10.9333,121.397,0
1184,49.9379,8.95096   ,50.0697,9.26191    ,50.2418,9.65936  ,50.3743,9.96498   ,50.4417,10.3451   ,50.4408,10.7711   ,50.3758,11.1546    ,50.2346,11.4961   ,50.0561,11.8567   ,49.9053,12.1551     ,49.6874,12.5212   ,49.4573,12.8535   ,49.9379,8.95096   ,49.7781,9.42842    ,49.9032,9.83357   ,50.0039,10.1404   ,50.0407,10.5099   ,50.0111,10.8849    ,49.9263,11.2041    ,49.7909,11.5171   ,49.6384,11.873     ,49.5351,12.164    ,49.4239,12.5183   ,49.4573,12.8535   ,49.8839,12.6266   ,50.2193,12.2497   ,50.4272,11.9367    ,50.6335,11.5625   ,50.7917,11.2154   ,50.8576,10.7955    ,50.8514,10.3204   ,50.7774,9.90484   ,50.629 ,9.58114   ,50.4004,9.19757   ,50.1983,-10.8566  ,1.44032    ,502,117530,52.0696,10.6141,121.397,0
1185,49.791 ,9.04593   ,50.0001,9.30848    ,50.223 ,9.66254  ,50.3751,10.0455   ,50.4382,10.4292   ,50.4319,10.7767   ,50.3516,11.1489    ,50.1939,11.5125   ,50.0043,11.8657   ,49.7958,12.2351     ,49.5998,12.5586   ,49.3667,12.8846   ,49.791 ,9.04593   ,49.7411,9.52035    ,49.8969,9.84746   ,50.0119,10.2332   ,50.0367,10.6207   ,49.9906,10.9261    ,49.8669,11.2175    ,49.7089,11.5297   ,49.5711,11.8667    ,49.4351,12.2187   ,49.3229,12.5324   ,49.3667,12.8846   ,49.8083,12.6886   ,50.094 ,12.3602   ,50.3801,11.9674    ,50.6271,11.5954   ,50.7976,11.1903   ,50.8569,10.7616    ,50.8465,10.3763   ,50.7687,9.97671   ,50.6025,9.58288   ,50.3278,9.19315   ,50.1524,-10.925   ,1.41019    ,519,120122,52.6039,11.4198,123.64 ,0
1186,49.8079,9.03404   ,50.0349,9.3524     ,50.2115,9.64973  ,50.3673,10.0304   ,50.4346,10.4175   ,50.4203,10.8358   ,50.3283,11.203     ,50.1651,11.565    ,49.9702,11.9084   ,49.7807,12.231      ,49.5841,12.5843   ,49.3765,12.9858   ,49.8079,9.03404   ,49.7599,9.56206    ,49.8983,9.85011   ,50.0147,10.2477   ,50.0358,10.6472   ,49.9642,11.0101    ,49.8272,11.2939    ,49.6609,11.6063   ,49.4995,11.9268    ,49.3757,12.2364   ,49.2871,12.591    ,49.3765,12.9858   ,49.8174,12.6955   ,50.1203,12.3406   ,50.38  ,11.9922    ,50.6162,11.6216   ,50.7885,11.2216   ,50.8551,10.7941    ,50.8408,10.3274   ,50.752 ,9.93308   ,50.5773,9.55234   ,50.3729,9.23952   ,50.1364,-10.9644  ,1.39617    ,531,122508,53.5308,11.823 ,125.882,0
1187,49.7565,9.11522   ,50.0167,9.36091    ,50.2299,9.71091  ,50.3802,10.1032   ,50.4373,10.4986   ,50.4163,10.8495   ,50.2918,11.2821    ,50.1203,11.6446   ,49.9231,11.99     ,49.7302,12.303      ,49.5129,12.6227   ,49.2204,12.9565   ,49.7565,9.11522   ,49.7815,9.61854    ,49.9403,9.96529   ,50.0343,10.3679   ,50.0289,10.7579   ,49.9544,11.0546    ,49.7799,11.3944    ,49.6161,11.6967   ,49.4642,12.0028    ,49.3377,12.279    ,49.2089,12.5614   ,49.2204,12.9565   ,49.7389,12.7854   ,50.0546,12.4347   ,50.3199,12.0788    ,50.5716,11.691    ,50.7577,11.2784   ,50.8547,10.7801    ,50.8476,10.3798   ,50.7564,9.96235   ,50.5686,9.56157   ,50.3246,9.19817   ,50.1145,-11.006   ,1.37605    ,540,124982,53.9262,12.0757,126.468,0
1188,49.842 ,9.087     ,50.0697,9.42587    ,50.2483,9.74948  ,50.4039,10.179    ,50.4425,10.6202   ,50.3939,10.9911   ,50.2334,11.4201    ,50.0375,11.7947   ,49.8323,12.1181   ,49.6048,12.4482     ,49.3158,12.8163   ,49.0276,13.1464   ,49.842 ,9.087     ,49.7913,9.6438     ,49.9399,9.96351   ,50.0383,10.4075   ,50.0177,10.8326   ,49.9176,11.1419    ,49.7246,11.4933    ,49.5503,11.8253   ,49.38  ,12.1204    ,49.2155,12.4123   ,49.0362,12.7529   ,49.0276,13.1464   ,49.5101,12.9791   ,49.9159,12.5928   ,50.21  ,12.2261    ,50.4627,11.8698   ,50.6898,11.4576   ,50.8339,10.9764    ,50.8596,10.5609   ,50.7964,10.0888   ,50.611 ,9.6487    ,50.4116,9.3125    ,50.0694,-11.1189  ,1.31908    ,557,128473,56.757 ,11.845 ,132.953,0
1189,49.7589,9.18995   ,50.0428,9.45844    ,50.2719,9.83236  ,50.4033,10.2438   ,50.4296,10.6492   ,50.3666,11.0448   ,50.2168,11.4341    ,49.979 ,11.8462   ,49.7563,12.1738   ,49.481 ,12.5239     ,49.2289,12.8076   ,48.8803,13.1414   ,49.7589,9.18995   ,49.8044,9.70875    ,49.9647,10.0811   ,50.037 ,10.5101   ,49.9968,10.8807   ,49.8799,11.1903    ,49.7105,11.511     ,49.476 ,11.8932   ,49.2927,12.1832    ,49.1031,12.4744   ,48.9392,12.7251   ,48.8803,13.1414   ,49.4207,12.9939   ,49.7585,12.6907   ,50.1357,12.2786    ,50.4146,11.9046   ,50.6716,11.4609   ,50.8178,11.0192    ,50.8531,10.5554   ,50.791 ,10.1073   ,50.6275,9.69486   ,50.3588,9.30995   ,50.0336,-11.1473  ,1.29024    ,561,129657,57.3148,11.8028,135.196,0
1190,49.8435,9.15527   ,50.0802,9.49926    ,50.2914,9.87429  ,50.4076,10.2347   ,50.4367,10.6568   ,50.3489,11.1224   ,50.1824,11.5042    ,49.9619,11.8719   ,49.7197,12.2136   ,49.4307,12.5733     ,49.1781,12.8491   ,48.7909,13.145    ,49.8435,9.15527   ,49.7888,9.71446    ,49.9647,10.0778   ,50.0362,10.452    ,50.0075,10.8389   ,49.8692,11.2109    ,49.6952,11.539     ,49.4804,11.8839   ,49.2812,12.1858    ,49.0929,12.4837   ,48.9281,12.7342   ,48.7909,13.145    ,49.3288,13.0599   ,49.6679,12.7798   ,50.0669,12.3606    ,50.3715,11.9695   ,50.613 ,11.5732   ,50.7872,11.1504    ,50.8559,10.6178   ,50.8024,10.1519   ,50.6661,9.7824    ,50.4387,9.38986   ,50.0298,-11.1616  ,1.28215    ,561,129995,57.8682,11.2831,135.439,0
1191,49.821 ,9.17607   ,50.0755,9.49739    ,50.2919,9.8804   ,50.4063,10.2456   ,50.4276,10.7074   ,50.3313,11.1485   ,50.1619,11.538     ,49.9329,11.9159   ,49.6871,12.2627   ,49.4448,12.5671     ,49.1358,12.9001   ,48.7792,13.221    ,49.821 ,9.17607   ,49.801 ,9.73383    ,49.9746,10.1047   ,50.0389,10.4889   ,49.9828,10.9363   ,49.8268,11.2926    ,49.6441,11.6272    ,49.4155,11.9815   ,49.2166,12.2877    ,49.063 ,12.5362   ,48.8597,12.8159   ,48.7792,13.221    ,49.3128,13.0766   ,49.7244,12.7179   ,50.0648,12.3588    ,50.3768,11.9616   ,50.6208,11.5563   ,50.7937,11.1203    ,50.8587,10.6098   ,50.7959,10.1336   ,50.6568,9.77135   ,50.4203,9.36699   ,50.0051,-11.2091  ,1.25982    ,569,131751,58.4883,12.0448,137.439,0
1192,49.8217,9.17697   ,50.0698,9.48921    ,50.2851,9.86395  ,50.4146,10.2892   ,50.4294,10.7118   ,50.3299,11.1674   ,50.1376,11.5957    ,49.8996,11.9705   ,49.6762,12.268    ,49.3633,12.6497     ,49.097 ,12.9462   ,48.7494,13.3127   ,49.8217,9.17697   ,49.7973,9.72681    ,49.9698,10.0923   ,50.0391,10.535    ,49.9891,10.9126   ,49.8392,11.2696    ,49.6333,11.6461    ,49.4041,11.9973   ,49.2244,12.2634    ,49.0087,12.5948   ,48.827 ,12.8673   ,48.7494,13.3127   ,49.266 ,13.1308   ,49.6101,12.8299   ,50.0284,12.3981    ,50.3127,12.0581   ,50.5845,11.6485   ,50.7781,11.1796    ,50.8551,10.6519   ,50.8086,10.18     ,50.6487,9.74775   ,50.4114,9.35538   ,49.9973,-11.2295  ,1.25361    ,577,132825,59.5453,11.6659,137.439,0
1193,49.7754,9.24912   ,50.0712,9.50978    ,50.2864,9.86365  ,50.4065,10.2757   ,50.4315,10.7258   ,50.3277,11.1594   ,50.1559,11.5305    ,49.9441,11.8875   ,49.6657,12.2665   ,49.3848,12.6039     ,49.0912,12.9168   ,48.7659,13.2328   ,49.7754,9.24912   ,49.8126,9.75714    ,49.969 ,10.0902   ,50.04  ,10.4869   ,49.9964,10.889    ,49.8217,11.2825    ,49.6332,11.6144    ,49.4331,11.9368   ,49.207 ,12.2605    ,49.0152,12.5359   ,48.8097,12.8256   ,48.7659,13.2328   ,49.2795,13.1001   ,49.6563,12.7824   ,50.035 ,12.3847    ,50.3857,11.9423   ,50.6229,11.5496   ,50.7891,11.1426    ,50.8569,10.6788   ,50.7916,10.1956   ,50.6494,9.74526   ,50.4014,9.35693   ,49.9887,-11.2345  ,1.25159    ,569,131984,58.3982,12.1634,136.024,0
1194,49.8211,9.12422   ,50.0612,9.46765    ,50.2712,9.83376  ,50.3851,10.2084   ,50.4068,10.6635   ,50.3429,11.0962   ,50.1843,11.4939    ,49.9917,11.8064   ,49.7053,12.1951   ,49.4277,12.5289     ,49.1502,12.8194   ,48.7824,13.0792   ,49.8211,9.12422   ,49.7754,9.67839    ,49.9496,10.0355   ,50.031 ,10.3939   ,50.02  ,10.7758   ,49.9207,11.1051    ,49.7473,11.4325    ,49.5626,11.721    ,49.3315,12.0663    ,49.136 ,12.361    ,48.9378,12.657    ,48.7824,13.0792   ,49.271 ,13.0654   ,49.6255,12.8018   ,49.9893,12.4373    ,50.3471,11.9995   ,50.5635,11.6591   ,50.7297,11.2136    ,50.7835,10.7053   ,50.7595,10.1665   ,50.6434,9.74414   ,50.4103,9.35997   ,50.0052,-11.1616  ,1.28955    ,554,128954,57.6217,10.3886,133.782,0
1195,49.7605,9.09681   ,49.9935,9.38417    ,50.2315,9.78241  ,50.3684,10.1636   ,50.4076,10.5773   ,50.3668,10.999    ,50.2109,11.4461    ,50.0126,11.7889   ,49.7442,12.1534   ,49.4765,12.4557     ,49.1505,12.7481   ,48.7741,12.9878   ,49.7605,9.09681   ,49.7181,9.58351    ,49.9203,9.96284   ,50.0246,10.3343   ,50.0319,10.686    ,49.9589,11.0061    ,49.7951,11.3561    ,49.6291,11.654    ,49.4122,11.9734    ,49.201 ,12.258    ,48.944 ,12.5967   ,48.7741,12.9878   ,49.2622,12.9699   ,49.6603,12.7462   ,49.9905,12.4381    ,50.3285,12.0253   ,50.5761,11.6345   ,50.7469,11.1192    ,50.7803,10.6145   ,50.7364,10.1205   ,50.5906,9.70085   ,50.3383,9.28496   ,50.0155,-11.1006  ,1.31523    ,545,125847,57.5978,10.1694,133.782,0
1196,49.7492,9.04792   ,49.9644,9.34922    ,50.1684,9.69032  ,50.3264,10.0478   ,50.4062,10.4091   ,50.4168,10.7961   ,50.3331,11.1859    ,50.1526,11.5695   ,49.9635,11.8663   ,49.6983,12.1677     ,49.3793,12.4153   ,49.0106,12.5843   ,49.7492,9.04792   ,49.6666,9.53493    ,49.844 ,9.86601   ,49.986 ,10.2223   ,50.0353,10.5528   ,49.9989,10.8764    ,49.8752,11.2005    ,49.7007,11.5363   ,49.5377,11.7902    ,49.3326,12.023    ,49.1112,12.2386   ,49.0106,12.5843   ,49.5367,12.6573   ,49.9628,12.4056   ,50.3118,12.0447    ,50.5497,11.6986   ,50.7527,11.2708   ,50.8239,10.8376    ,50.7908,10.395    ,50.7016,9.98561   ,50.5442,9.6127    ,50.3242,9.25942   ,50.0518,-10.9827  ,1.35253    ,529,121473,52.9639,10.7968,127.054,0
1197,49.7593,9.01586   ,49.9556,9.3092     ,50.1624,9.66656  ,50.3225,9.99448   ,50.4264,10.3631   ,50.4395,10.7808   ,50.3548,11.1616    ,50.199 ,11.5011   ,49.9755,11.795    ,49.6803,12.0285     ,49.2885,12.1555   ,48.8792,12.1562   ,49.7593,9.01586   ,49.633 ,9.43894    ,49.7821,9.75027   ,49.9272,10.026    ,50.02  ,10.3263   ,50.0389,10.6562    ,49.9813,10.9726    ,49.8642,11.2618   ,49.6823,11.524     ,49.441 ,11.7307   ,49.1284,11.8807   ,48.8792,12.1562   ,49.3457,12.4405   ,49.8281,12.3767   ,50.1914,12.1413    ,50.4789,11.831    ,50.6923,11.4524   ,50.8266,11.0212    ,50.8491,10.5163   ,50.7547,10.062    ,50.5944,9.67346   ,50.3279,9.26705   ,50.0777,-10.8917  ,1.35048    ,521,118398,52.4925,10.6482,123.64 ,0
1198,49.7349,9.07807   ,49.969 ,9.29882    ,50.155 ,9.6166   ,50.3113,9.92021   ,50.4162,10.2579   ,50.4499,10.6445   ,50.4097,11.0155    ,50.2921,11.3319   ,50.0552,11.6252   ,49.7552,11.7898     ,49.3963,11.8469   ,49.0121,11.7567   ,49.7349,9.07807   ,49.652 ,9.47626    ,49.7796,9.72148   ,49.9095,9.94192   ,50.0027,10.1944   ,50.0454,10.4842    ,50.0357,10.7834    ,49.9696,11.051    ,49.8024,11.2925    ,49.562 ,11.425    ,49.2787,11.5182   ,49.0121,11.7567   ,49.4087,12.158    ,49.8499,12.1852   ,50.2327,12.0164    ,50.5677,11.695    ,50.7598,11.3444   ,50.8523,10.9167    ,50.8482,10.4273   ,50.7509,9.98918   ,50.578 ,9.596     ,50.3315,9.19465   ,50.1022,-10.7796  ,1.37597    ,508,116320,48.9373,11.2345,117.74 ,0
1199,49.8315,9.02339   ,50.022 ,9.2992     ,50.165 ,9.61493  ,50.3223,9.933     ,50.4191,10.2606   ,50.4536,10.6376   ,50.4121,10.9996    ,50.2647,11.3114   ,50.0261,11.5406   ,49.6855,11.6343     ,49.3409,11.5318   ,49.042 ,11.2846   ,49.8315,9.02339   ,49.685 ,9.40287    ,49.7623,9.67251   ,49.8921,9.91647   ,49.9897,10.1432   ,50.0471,10.4051    ,50.0551,10.6894    ,49.9974,10.9541   ,49.8455,11.1432    ,49.5834,11.2188   ,49.3174,11.2105   ,49.042 ,11.2846   ,49.2858,11.8108   ,49.6981,12.0454   ,50.1277,11.9828    ,50.4731,11.7473   ,50.7407,11.4054   ,50.8588,10.9781    ,50.8661,10.4823   ,50.7869,10.0349   ,50.6077,9.63511   ,50.3924,9.27383   ,50.1229,-10.6877  ,1.406      ,491,114407,48.196 ,12.1848,114.912,0
1200,49.8193,9.02238   ,50.0166,9.26734    ,50.1927,9.63213  ,50.3404,9.95028   ,50.4424,10.3224   ,50.4734,10.6579   ,50.3982,11.0175    ,50.1905,11.3446   ,49.8409,11.483    ,49.4806,11.3952     ,49.2065,11.1922   ,48.9184,10.9192   ,49.8193,9.02238   ,49.694 ,9.36662    ,49.7794,9.66625   ,49.8966,9.89932   ,49.9929,10.1449   ,50.0332,10.3997    ,50.0161,10.7153    ,49.9077,10.9845   ,49.695 ,11.0721    ,49.4596,10.9717   ,49.2183,10.8567   ,48.9184,10.9192   ,49.1341,11.4712   ,49.4236,11.7782   ,49.8903,11.8911    ,50.3992,11.7678   ,50.7457,11.4089   ,50.9068,11.007     ,50.9091,10.5986   ,50.8155,10.087    ,50.6463,9.67666   ,50.3762,9.24759   ,50.096 ,-10.6432  ,1.39698    ,506,116080,49.9131,13.0479,120.225,0
1201,49.7616,9.06236   ,50.0068,9.29365    ,50.1987,9.65091  ,50.3538,9.96679   ,50.4559,10.3546   ,50.4727,10.7115   ,50.3806,11.0869    ,50.1498,11.3613   ,49.7742,11.4035   ,49.4132,11.2622     ,49.1386,11.0176   ,48.8682,10.7025   ,49.7616,9.06236   ,49.6924,9.4424     ,49.8002,9.7131    ,49.9222,9.93025   ,50.0122,10.1953   ,50.0391,10.4817    ,49.9994,10.8144    ,49.8465,11.0318   ,49.6159,10.9861    ,49.392 ,10.8364   ,49.1654,10.6953   ,48.8682,10.7025   ,49.0484,11.2745   ,49.3575,11.6345   ,49.8339,11.8015    ,50.37  ,11.7301   ,50.724 ,11.4449   ,50.8933,11.0388    ,50.9155,10.6179   ,50.8178,10.091    ,50.6395,9.6656    ,50.3657,9.22345   ,50.0722,-10.6042  ,1.37538    ,507,117018,51.4012,12.5072,121.397,0
1202,49.7849,9.04856   ,50.0283,9.30933    ,50.2085,9.62628  ,50.3658,9.97267   ,50.4377,10.3358   ,50.4403,10.7264   ,50.3537,11.0592    ,50.0594,11.3112   ,49.6713,11.3197   ,49.3498,11.2076     ,49.0175,10.9637   ,48.7458,10.701    ,49.7849,9.04856   ,49.7046,9.43837    ,49.8129,9.68829   ,49.941 ,9.93356   ,50.0166,10.1781   ,50.0398,10.4541    ,49.9982,10.7268    ,49.8043,10.9471   ,49.5482,10.9122    ,49.3238,10.7978   ,49.0291,10.6639   ,48.7458,10.701    ,48.9378,11.2041   ,49.2936,11.5716   ,49.696 ,11.7062    ,50.2251,11.699    ,50.6651,11.4705   ,50.8286,11.1042    ,50.8683,10.6056   ,50.8192,10.1075   ,50.6499,9.64632   ,50.3957,9.25677   ,50.0349,-10.5801  ,1.30141    ,504,116938,50.9106,12.5364,120.569,0
1203,49.7707,9.07591   ,50.0341,9.31945    ,50.2113,9.60957  ,50.3796,9.94273   ,50.4699,10.3248   ,50.4568,10.7158   ,50.3515,11.0639    ,50.0763,11.3048   ,49.7003,11.3172   ,49.3737,11.2101     ,49.0322,10.9696   ,48.7586,10.7165   ,49.7707,9.07591   ,49.7282,9.47891    ,49.8374,9.70944   ,49.9625,9.96785   ,50.0356,10.2801   ,50.0412,10.5874    ,49.9701,10.8591    ,49.76  ,10.9831   ,49.5198,10.8917    ,49.3179,10.7731   ,49.0454,10.6521   ,48.7586,10.7165   ,48.9485,11.2275   ,49.3454,11.6029   ,49.7819,11.723     ,50.3062,11.6519   ,50.6821,11.3515   ,50.8555,10.9541    ,50.9102,10.4767   ,50.83  ,10.0054   ,50.6321,9.59202   ,50.3947,9.24149   ,50.0413,-10.5665  ,1.26926    ,499,115688,50.6969,10.9938,120.811,0
1204,49.805 ,8.97178   ,50.0246,9.23253    ,50.1689,9.5413   ,50.3352,9.85162   ,50.4621,10.1817   ,50.4969,10.5532   ,50.4258,10.9096    ,50.1801,11.1905   ,49.8416,11.2943   ,49.5013,11.2522     ,49.1803,11.1258   ,48.861 ,10.9006   ,49.805 ,8.97178   ,49.6987,9.3639     ,49.7833,9.61731   ,49.9069,9.84294   ,50.0203,10.0761   ,50.1007,10.3417    ,50.1122,10.6054    ,49.9356,10.8239   ,49.6547,10.8772    ,49.3986,10.8344   ,49.157 ,10.7727   ,48.861 ,10.9006   ,49.1212,11.4349   ,49.5065,11.6428   ,49.933 ,11.7141    ,50.3497,11.5982   ,50.7028,11.2926   ,50.8877,10.8595    ,50.9252,10.3762   ,50.801 ,9.93923   ,50.5957,9.54311   ,50.3857,9.1751    ,50.0723,-10.5377  ,1.29554    ,488,112822,48.642 ,11.6925,116.811,0
1205,49.9202,8.9347    ,50.0897,9.21257    ,50.2272,9.54904  ,50.3918,9.86894   ,50.5035,10.2437   ,50.5216,10.5635   ,50.4229,10.9516    ,50.2071,11.202    ,49.8423,11.343    ,49.4759,11.3327     ,49.1296,11.2338   ,48.819 ,11.0429   ,49.9202,8.9347    ,49.7636,9.32199    ,49.8368,9.62061   ,49.9648,9.87527   ,50.0786,10.1424   ,50.1218,10.3701    ,50.0789,10.6755    ,49.922 ,10.8787   ,49.6382,10.9741    ,49.3542,10.9684   ,49.0728,10.9547   ,48.819 ,11.0429   ,49.0967,11.4729   ,49.4936,11.6794   ,49.9434,11.7237    ,50.4128,11.5791   ,50.7198,11.3115   ,50.9137,10.8619    ,50.9433,10.4501   ,50.8555,9.94665   ,50.6589,9.55854   ,50.4464,9.18694   ,50.1123,-10.5433  ,1.27421    ,489,112599,49.0585,11.4329,116.326,0
1206,49.8798,8.88849   ,50.0744,9.14427    ,50.2353,9.47034  ,50.3955,9.78054   ,50.4979,10.094    ,50.5266,10.4739   ,50.4703,10.7961    ,50.2835,11.1175   ,50.0026,11.3593   ,49.6769,11.4851     ,49.3354,11.5244   ,48.9562,11.5052   ,49.8798,8.88849   ,49.7659,9.28399    ,49.849 ,9.56279   ,49.9805,9.80529   ,50.0758,10.0401   ,50.1018,10.3234    ,50.0461,10.5843    ,49.8849,10.8595   ,49.656 ,11.0627    ,49.4063,11.1847   ,49.1703,11.2729   ,48.9562,11.5052   ,49.408 ,11.7768   ,49.8491,11.8049   ,50.2608,11.706     ,50.6098,11.4569   ,50.8573,11.1073   ,50.9445,10.7357    ,50.9385,10.2506   ,50.8463,9.83627   ,50.6626,9.45765   ,50.4237,9.08317   ,50.179 ,-10.5366  ,1.34298    ,482,111683,47.9231,11.8369,112.326,0
1207,49.9358,8.7972    ,50.0884,9.07615    ,50.2225,9.39468  ,50.3643,9.68435   ,50.504 ,10.0318   ,50.5689,10.3657   ,50.5466,10.7139    ,50.4287,11.0413   ,50.2445,11.3043   ,50.0083,11.5655     ,49.7679,11.797    ,49.4752,12.0107   ,49.9358,8.7972    ,49.7928,9.1942     ,49.8611,9.51206   ,49.9755,9.78425   ,50.0885,10.1024   ,50.1297,10.4105    ,50.0862,10.7191    ,49.9466,10.9893   ,49.7777,11.2058    ,49.5982,11.4205   ,49.4471,11.6338   ,49.4752,12.0107   ,50.0136,12.0266   ,50.3365,11.7938   ,50.6372,11.4909    ,50.8597,11.1813   ,50.9858,10.8069   ,51.0137,10.4199    ,50.946 ,10.0531   ,50.7935,9.66827   ,50.6212,9.35974   ,50.4171,9.03332   ,50.2758,-10.5502  ,1.4485     ,475,109738,46.3935,11.4432,110.225,0
1208,49.9834,8.80728   ,50.1174,9.06007    ,50.2491,9.39398  ,50.371 ,9.69694   ,50.4766,10.01     ,50.5174,10.308    ,50.5034,10.6181    ,50.4306,10.9545   ,50.3357,11.2643   ,50.2605,11.5878     ,50.2059,11.9252   ,50.1102,12.2509   ,49.9834,8.80728   ,49.855 ,9.23019    ,49.9226,9.61233   ,50.0212,9.91761   ,50.0975,10.212    ,50.1087,10.4699    ,50.0583,10.7105    ,49.9554,10.97     ,49.8699,11.2613    ,49.833 ,11.5927   ,49.8661,11.926    ,50.1102,12.2509   ,50.5281,12.0144   ,50.6718,11.6802   ,50.7763,11.3562    ,50.8791,11.0291   ,50.9338,10.6265   ,50.929 ,10.2497    ,50.8768,9.90319   ,50.7557,9.56289   ,50.6089,9.26234   ,50.4137,8.96812   ,50.3454,-10.5575  ,1.56983    ,472,108861,44.1522,11.3521,107.598,0
1209,49.9996,8.81291   ,50.109 ,9.08307    ,50.2268,9.40968  ,50.3401,9.7297    ,50.4138,10.0249   ,50.453 ,10.4004   ,50.4433,10.7206    ,50.4198,11.0324   ,50.4322,11.402    ,50.4924,11.7242     ,50.5754,12.0369   ,50.6599,12.3758   ,49.9996,8.81291   ,49.8426,9.2432     ,49.8991,9.61896   ,49.9883,9.97634   ,50.024 ,10.3158   ,50.005 ,10.7234    ,49.9569,11.0355    ,49.9442,11.3261   ,50.0225,11.666     ,50.1613,11.9431   ,50.3384,12.1952   ,50.6599,12.3758   ,50.8384,11.9771   ,50.8505,11.6117   ,50.8557,11.2454    ,50.8921,10.8427   ,50.9211,10.5105   ,50.903 ,10.1854    ,50.8213,9.83874   ,50.7208,9.577     ,50.5881,9.29246   ,50.4096,9.01381   ,50.3969,-10.5724  ,-1.46118   ,467,108394,44.9468,13.4648,109.012,0
1210,49.9332,8.82083   ,50.0773,9.10071    ,50.2123,9.42434  ,50.3444,9.75385   ,50.4163,10.1024   ,50.4293,10.4635   ,50.42  ,10.8431    ,50.4202,11.1432   ,50.4964,11.5071   ,50.657 ,11.8366     ,50.8017,12.1735   ,50.8536,12.5266   ,49.9332,8.82083   ,49.7723,9.24797    ,49.8625,9.56815   ,49.9765,9.89797   ,50.0191,10.2447   ,50.0141,10.5784    ,49.9979,10.926     ,50.0058,11.2196   ,50.0983,11.6102    ,50.3022,11.9626   ,50.5426,12.274    ,50.8536,12.5266   ,51.0892,12.1659   ,51.0598,11.8066   ,50.9343,11.4985    ,50.8425,11.1795   ,50.839 ,10.8843   ,50.843 ,10.4751    ,50.8232,10.0739   ,50.7406,9.69897   ,50.5956,9.36207   ,50.4167,9.0313    ,50.4367,-10.6341  ,-1.38597   ,476,111029,47.6709,10.3442,112.083,0
1211,49.9487,8.81971   ,50.0761,9.1277     ,50.2072,9.42718  ,50.3209,9.7415    ,50.3947,10.0904   ,50.4143,10.4373   ,50.4232,10.812     ,50.4515,11.1105   ,50.5827,11.4644   ,50.7868,11.7216     ,51.0135,11.9638   ,51.2682,12.261    ,49.9487,8.81971   ,49.7838,9.31594    ,49.8814,9.65245   ,49.9824,10.0041   ,50.0199,10.4022   ,50.0107,10.7799    ,50.0164,11.1666    ,50.0679,11.454    ,50.2623,11.7718    ,50.5227,11.9872   ,50.8234,12.1708   ,51.2682,12.261    ,51.2755,11.8363   ,51.1266,11.5375   ,50.9621,11.247     ,50.8568,10.8778   ,50.8362,10.5814   ,50.8203,10.2176    ,50.7807,9.88842   ,50.6871,9.57228   ,50.5682,9.29019   ,50.4063,9.0219    ,50.4828,-10.6249  ,-1.31137   ,484,111505,46.6853,12.3532,112.326,0
1212,49.9282,8.82487   ,50.0483,9.10068    ,50.212 ,9.44694  ,50.3243,9.77307   ,50.3859,10.0788   ,50.4088,10.4248   ,50.4275,10.789     ,50.4849,11.1243   ,50.6586,11.4537   ,50.8988,11.6658     ,51.2357,11.8364   ,51.5661,11.956    ,49.9282,8.82487   ,49.7815,9.31707    ,49.905 ,9.71991   ,50.0019,10.096    ,50.0215,10.4592   ,50.0076,10.8538    ,50.0314,11.2413    ,50.156 ,11.5623   ,50.442 ,11.8546    ,50.7493,12.0111   ,51.1523,12.097    ,51.5661,11.956    ,51.4152,11.6154   ,51.1402,11.3774   ,50.945 ,11.134     ,50.8476,10.7885   ,50.8346,10.4549   ,50.8148,10.1169    ,50.7619,9.80834   ,50.673 ,9.54716   ,50.5551,9.26483   ,50.357 ,8.96664   ,50.5073,-10.5963  ,-1.26888   ,480,111242,46.8673,13.7861,112.326,0
1213,49.9647,8.80567   ,50.07  ,9.11817    ,50.2261,9.48568  ,50.3208,9.78481   ,50.3908,10.1598   ,50.4166,10.5116   ,50.4594,10.9223    ,50.5501,11.2296   ,50.7984,11.5383   ,51.1214,11.7083     ,51.45  ,11.8053   ,51.8443,11.856    ,49.9647,8.80567   ,49.7798,9.31719    ,49.9115,9.74053   ,50.0008,10.0848   ,50.0228,10.5332   ,50.018 ,10.9379    ,50.0974,11.3611    ,50.2649,11.6443   ,50.5947,11.8807    ,50.9839,12.0016   ,51.3967,12.0462   ,51.8443,11.856    ,51.6143,11.5877   ,51.3636,11.4512   ,51.084 ,11.2549    ,50.8808,10.9067   ,50.8423,10.593    ,50.8234,10.2058    ,50.7699,9.89994   ,50.6669,9.58815   ,50.5756,9.32792   ,50.3989,9.00643   ,50.5683,-10.6306  ,-1.19959   ,491,113331,49.3321,13.3486,117.74 ,0
1214,50.0119,8.8125    ,50.105 ,9.12032    ,50.2251,9.51847  ,50.3216,9.84779   ,50.3937,10.2466   ,50.4254,10.6059   ,50.4856,10.954     ,50.6586,11.3027   ,50.9453,11.5385   ,51.2504,11.6723     ,51.6311,11.83     ,51.9901,11.9837   ,50.0119,8.8125    ,49.8517,9.33897    ,49.9257,9.80494   ,50.0033,10.1801   ,50.0165,10.6351   ,50.031 ,11.0115    ,50.1524,11.3599    ,50.4508,11.6917   ,50.8106,11.8888    ,51.1571,11.9911   ,51.586 ,12.0861   ,51.9901,11.9837   ,51.7824,11.6226   ,51.4517,11.3953   ,51.176 ,11.2375    ,50.936 ,10.9973   ,50.8522,10.6569   ,50.8338,10.3195    ,50.7818,9.97704   ,50.6679,9.6254    ,50.5582,9.34323   ,50.3929,9.0141    ,50.6433,-10.6712  ,-1.12456   ,497,116089,50.3265,12.9987,119.983,0
1215,50.0251,8.86594   ,50.1232,9.19494    ,50.235 ,9.53866  ,50.3306,9.89823   ,50.3928,10.2397   ,50.4545,10.5934   ,50.5897,10.9631    ,50.7999,11.2328   ,51.1056,11.4828   ,51.4266,11.6635     ,51.7536,11.819    ,52.1164,11.9652   ,50.0251,8.86594   ,49.8479,9.42063    ,49.9297,9.83708   ,50.0113,10.283    ,50.0574,10.7134   ,50.1207,11.1166    ,50.3083,11.4585    ,50.5889,11.6685   ,50.9431,11.8408    ,51.2968,11.9672   ,51.6656,12.0713   ,52.1164,11.9652   ,51.9317,11.6092   ,51.6503,11.4052   ,51.3584,11.1838    ,51.0939,10.8783   ,50.9296,10.563    ,50.8149,10.1837    ,50.7471,9.88445   ,50.6728,9.62298   ,50.5707,9.33923   ,50.4306,9.06624   ,50.708 ,-10.6704  ,-1.07078   ,500,116484,49.5787,14.2615,118.569,0
1216,50.0416,8.83294   ,50.1448,9.20008    ,50.2446,9.55449  ,50.3425,9.91577   ,50.4247,10.3209   ,50.5075,10.7365   ,50.6427,11.0783    ,50.936 ,11.3587   ,51.2918,11.5583   ,51.6009,11.7134     ,51.9696,11.9502   ,52.2917,12.1716   ,50.0416,8.83294   ,49.8539,9.41285    ,49.9301,9.81664   ,50.0164,10.2423   ,50.0872,10.7263   ,50.1963,11.1647    ,50.3829,11.466     ,50.7222,11.6868   ,51.093 ,11.846     ,51.4179,11.9732   ,51.8609,12.1354   ,52.2917,12.1716   ,52.1532,11.8321   ,51.8851,11.5069   ,51.5945,11.3219    ,51.2483,11.095    ,50.9684,10.7844   ,50.8536,10.4353    ,50.7862,10.0584   ,50.6996,9.71592   ,50.5919,9.41117   ,50.4699,9.10338   ,50.7568,-10.6884  ,-1.03125   ,501,117408,53.1043,12.0422,128.468,0
1217,50.0636,8.81416   ,50.1425,9.19311    ,50.2427,9.58152  ,50.3326,9.95777   ,50.4043,10.3457   ,50.4969,10.706    ,50.7046,11.0733    ,51.0061,11.3437   ,51.3283,11.5451   ,51.7009,11.7609     ,51.9994,11.9719   ,52.3251,12.2562   ,50.0636,8.81416   ,49.8551,9.40517    ,49.9226,9.86917   ,49.9996,10.2999   ,50.0707,10.7348   ,50.2049,11.1197    ,50.4746,11.4709    ,50.8093,11.6925   ,51.1405,11.8529    ,51.5337,12.0203   ,51.8708,12.1848   ,52.3251,12.2562   ,52.2061,11.8259   ,51.9592,11.5567   ,51.6088,11.2911    ,51.2946,11.0581   ,51.0126,10.7645   ,50.8343,10.4075    ,50.7611,10.0762   ,50.6872,9.7216    ,50.5903,9.40395   ,50.4587,9.09017   ,50.7992,-10.7183  ,-1.00026   ,517,119228,53.767 ,11.7019,126.125,0
1218,50.0428,8.80303   ,50.1358,9.16072    ,50.2553,9.57377  ,50.3257,9.95234   ,50.3925,10.3597   ,50.5252,10.7531   ,50.7505,11.0558    ,51.081 ,11.3412   ,51.4129,11.5641   ,51.7709,11.803      ,52.0946,12.0577   ,52.4317,12.3266   ,50.0428,8.80303   ,49.8542,9.33854    ,49.9291,9.80433   ,49.9782,10.2551   ,50.0535,10.7231   ,50.247 ,11.1404    ,50.5313,11.4443    ,50.8867,11.6891   ,51.2169,11.8511    ,51.5868,12.0339   ,51.9647,12.232    ,52.4317,12.3266   ,52.3019,11.9497   ,52.0393,11.6329   ,51.7016,11.3373    ,51.3714,11.062    ,51.0598,10.7585   ,50.8643,10.4725    ,50.7562,10.1117   ,50.6906,9.76497   ,50.6047,9.44693   ,50.4498,9.08459   ,50.8258,-10.721   ,-0.986941  ,519,119994,55.2684,11.4228,127.782,0
1219,50.0444,8.82169   ,50.1304,9.16186    ,50.2495,9.59008  ,50.3149,9.93859   ,50.3898,10.3309   ,50.5263,10.7354   ,50.7504,11.0453    ,51.0516,11.2982   ,51.3746,11.5272   ,51.6939,11.7548     ,52.0284,12.0163   ,52.3506,12.2885   ,50.0444,8.82169   ,49.8542,9.35881    ,49.9318,9.87389   ,49.9896,10.2996   ,50.0788,10.7489   ,50.2766,11.1671    ,50.5612,11.461     ,50.8884,11.6732   ,51.2162,11.8635    ,51.5377,12.0499   ,51.8977,12.2426   ,52.3506,12.2885   ,52.2361,11.8572   ,51.9382,11.5238   ,51.6255,11.2561    ,51.3061,10.99     ,51.0197,10.7083   ,50.8265,10.3986    ,50.7261,10.0186   ,50.6603,9.69371   ,50.5914,9.42067   ,50.4389,9.06519   ,50.8471,-10.7431  ,-0.983387  ,519,120788,53.8809,11.9684,124.711,0
1220,50.0284,8.82449   ,50.1352,9.20069    ,50.2444,9.60951  ,50.3178,9.97873   ,50.3973,10.4054   ,50.5267,10.7865   ,50.7724,11.1102    ,51.099 ,11.3643   ,51.4511,11.6127   ,51.7958,11.8529     ,52.1139,12.0886   ,52.4901,12.3637   ,50.0284,8.82449   ,49.8545,9.39295    ,49.9233,9.88495   ,49.9865,10.3287   ,50.075 ,10.7963   ,50.2629,11.1696    ,50.596 ,11.4937    ,50.9628,11.7505   ,51.3183,11.9737    ,51.6567,12.1531   ,51.9923,12.3245   ,52.4901,12.3637   ,52.3208,11.9208   ,52.0296,11.619    ,51.6846,11.3228    ,51.3344,11.0482   ,51.0352,10.8051   ,50.8458,10.5043    ,50.7465,10.13     ,50.6711,9.75344   ,50.5927,9.45527   ,50.4497,9.11998   ,50.8705,-10.7872  ,-0.97232   ,533,122567,56.005 ,11.601 ,130.368,0
1221,50.0169,8.90596   ,50.1493,9.28132    ,50.2419,9.64363  ,50.3265,10.0889   ,50.4039,10.4659   ,50.5714,10.8672   ,50.8628,11.1921    ,51.2115,11.4457   ,51.5213,11.6603   ,51.8789,11.9233     ,52.2119,12.1986   ,52.5307,12.4842   ,50.0169,8.90596   ,49.8624,9.51888    ,49.9232,9.94823   ,49.9979,10.4589   ,50.0982,10.8573   ,50.351 ,11.2637    ,50.7122,11.5844    ,51.0789,11.8266   ,51.3812,12.0114    ,51.7257,12.2196   ,52.0698,12.4229   ,52.5307,12.4842   ,52.4424,12.0533   ,52.1317,11.7048   ,51.7647,11.3824    ,51.4468,11.1348   ,51.1094,10.8777   ,50.8615,10.5747    ,50.7435,10.1954   ,50.6783,9.84653   ,50.5868,9.46491   ,50.4712,9.15871   ,50.9233,-10.8614  ,-0.946635  ,543,125175,56.3952,11.3377,131.196,0
1222,50.1229,8.91579   ,50.1919,9.2874     ,50.2686,9.74264  ,50.3312,10.1397   ,50.4131,10.5141   ,50.595 ,10.9046   ,50.896 ,11.2183    ,51.2467,11.4702   ,51.558 ,11.6931   ,51.9164,11.9701     ,52.2508,12.2451   ,52.5994,12.5183   ,50.1229,8.91579   ,49.921 ,9.48858    ,49.9415,10.0508   ,49.999 ,10.5045   ,50.1112,10.8999   ,50.3807,11.2968    ,50.7445,11.6065    ,51.1108,11.8475   ,51.4173,12.0481    ,51.7678,12.2798   ,52.1205,12.4767   ,52.5994,12.5183   ,52.4719,12.0888   ,52.1642,11.7407   ,51.8025,11.4156    ,51.4857,11.1646   ,51.1446,10.906    ,50.8829,10.6131    ,50.7523,10.2466   ,50.6864,9.90387   ,50.6163,9.56767   ,50.4861,9.21079   ,50.97  ,-10.9308  ,-0.92958   ,543,125463,56.8904,11.2253,130.953,0
1223,50.2953,9.14665   ,50.3052,9.55055    ,50.3379,9.91863  ,50.3984,10.3327   ,50.5186,10.7062   ,50.739 ,11.0278   ,51.0763,11.3358    ,51.3964,11.578    ,51.7197,11.8218   ,52.0357,12.0717     ,52.3247,12.3097   ,52.6706,12.6076   ,50.2953,9.14665   ,50.0062,9.7358     ,49.9994,10.2028   ,50.0683,10.6937   ,50.2408,11.0944   ,50.5137,11.4118    ,50.8814,11.695     ,51.2104,11.9123   ,51.534 ,12.1253    ,51.8493,12.3251   ,52.1588,12.4967   ,52.6706,12.6076   ,52.5672,12.1882   ,52.3089,11.8883   ,51.9974,11.5896    ,51.6746,11.3123   ,51.3615,11.0474   ,51.041 ,10.7266    ,50.8471,10.4166   ,50.7531,10.0838   ,50.6899,9.75673   ,50.6137,9.48543   ,51.0458,-11.0129  ,-0.907188  ,531,122212,54.9102,11.2463,127.539,0
1224,50.301 ,9.291     ,50.3172,9.63737    ,50.367 ,10.0244  ,50.4388,10.4143   ,50.596 ,10.806    ,50.8393,11.102    ,51.1442,11.3567    ,51.4738,11.6083   ,51.764 ,11.8369   ,52.0482,12.0685     ,52.3527,12.3286   ,52.6782,12.6324   ,50.301 ,9.291     ,50.0161,9.8271     ,50.024 ,10.3117   ,50.1083,10.7657   ,50.3486,11.1926   ,50.679 ,11.5135    ,51.0266,11.7757    ,51.363 ,12.0104   ,51.6392,12.1946    ,51.9047,12.3572   ,52.2119,12.5249   ,52.6782,12.6324   ,52.5736,12.2046   ,52.2831,11.8554   ,51.9852,11.5567    ,51.6809,11.2808   ,51.3538,11.0078   ,51.0818,10.7675    ,50.9011,10.5092   ,50.7967,10.168    ,50.7268,9.85114   ,50.6304,9.55323   ,51.1007,-11.0848  ,-0.880597  ,513,118435,53.2031,11.1811,122.368,0
1225,50.1561,9.43112   ,50.2587,9.76955    ,50.3742,10.159   ,50.4855,10.5223   ,50.6698,10.8933   ,50.8936,11.1488   ,51.2258,11.4188    ,51.5274,11.647    ,51.8208,11.871    ,52.1488,12.1441     ,52.425 ,12.3731   ,52.7821,12.6072   ,50.1561,9.43112   ,50.0006,9.98697    ,50.0617,10.4513   ,50.1701,10.8527   ,50.4209,11.2548   ,50.7163,11.5422    ,51.086 ,11.8332    ,51.3919,12.0462   ,51.6801,12.2298    ,52.0136,12.4478   ,52.322 ,12.6052   ,52.7821,12.6072   ,52.619 ,12.2108   ,52.3768,11.9198   ,52.0566,11.588     ,51.7627,11.3231   ,51.4657,11.0803   ,51.1592,10.8347    ,50.9825,10.6204   ,50.8357,10.2895   ,50.7185,9.97476   ,50.5507,9.66235   ,51.1556,-11.1779  ,-0.845924  ,503,116748,52.5668,10.6939,120.368,0
1226,50.0562,9.5229    ,50.225 ,9.86605    ,50.3871,10.1809  ,50.5312,10.5478   ,50.7136,10.9195   ,50.9407,11.2019   ,51.226 ,11.4604    ,51.5285,11.6969   ,51.8769,11.9599   ,52.1635,12.1846     ,52.4724,12.4496   ,52.7744,12.7235   ,50.0562,9.5229    ,49.977 ,10.1184    ,50.1013,10.4872   ,50.2353,10.8973   ,50.4774,11.3029   ,50.7824,11.6246    ,51.1108,11.9076    ,51.4158,12.1188   ,51.7445,12.3108    ,52.0166,12.456    ,52.3424,12.6448   ,52.7744,12.7235   ,52.6851,12.3306   ,52.402 ,11.9877   ,52.1071,11.6849    ,51.7415,11.3496   ,51.4416,11.0953   ,51.1879,10.869     ,51.0144,10.6315   ,50.8626,10.2898   ,50.7126,9.96648   ,50.5226,9.70077   ,51.1717,-11.2182  ,-0.844949  ,504,115990,52.6787,10.7569,120.61 ,0
1227,50.0733,9.50743   ,50.1977,9.83659    ,50.3841,10.2028  ,50.5643,10.5619   ,50.7172,10.8799   ,50.9497,11.2009   ,51.2103,11.4592    ,51.5509,11.7339   ,51.8385,11.9506   ,52.1579,12.2028     ,52.4582,12.4555   ,52.7683,12.7156   ,50.0733,9.50743   ,49.9414,10.0875    ,50.1044,10.4919   ,50.2766,10.8616   ,50.4421,11.2111   ,50.7296,11.5686    ,51.0435,11.8604    ,51.4143,12.1438   ,51.7065,12.3247    ,52.0291,12.5029   ,52.3491,12.6695   ,52.7683,12.7156   ,52.6484,12.313    ,52.3749,11.9745   ,52.0642,11.649     ,51.785 ,11.3976   ,51.4718,11.1391   ,51.2501,10.9233    ,51.0467,10.64     ,50.8928,10.3529   ,50.7117,10.0033   ,50.497 ,9.67805   ,51.1697,-11.2198  ,-0.853275  ,504,116372,52.5677,10.2885,121.196,0
1228,50.0554,9.52972   ,50.1962,9.8647     ,50.3709,10.2142  ,50.5556,10.562    ,50.7707,10.9073   ,51.0195,11.1993   ,51.2702,11.4555    ,51.5792,11.7448   ,51.866 ,11.9916   ,52.169 ,12.2393     ,52.4892,12.5117   ,52.774 ,12.8026   ,50.0554,9.52972   ,49.9498,10.1206    ,50.0994,10.5042   ,50.279 ,10.8658   ,50.5159,11.2393   ,50.8032,11.5641    ,51.0812,11.8393    ,51.41  ,12.13     ,51.7071,12.354     ,52.0161,12.5382   ,52.353 ,12.7134   ,52.774 ,12.8026   ,52.6984,12.3787   ,52.4054,12.0081   ,52.1148,11.7037    ,51.8481,11.4483   ,51.563 ,11.1726   ,51.332 ,10.9367    ,51.0972,10.668    ,50.8786,10.343    ,50.6879,10.0117   ,50.4834,9.6959    ,51.2019,-11.2525  ,-0.849833  ,500,117281,52.9787,10.0886,120.853,0
1229,50.063 ,9.52637   ,50.1938,9.85738    ,50.3839,10.2374  ,50.564 ,10.5674   ,50.7609,10.8907   ,51.0334,11.2334   ,51.3221,11.5304    ,51.5753,11.7644   ,51.8996,12.0415   ,52.2092,12.2813     ,52.5153,12.5329   ,52.8337,12.827    ,50.063 ,9.52637   ,49.9443,10.0913    ,50.1015,10.5066   ,50.2763,10.8484   ,50.4601,11.18     ,50.7261,11.5263    ,51.0192,11.8189    ,51.2923,12.0563   ,51.6636,12.3385    ,52.0098,12.5517   ,52.363 ,12.7529   ,52.8337,12.827    ,52.7499,12.3865   ,52.4976,12.0806   ,52.2236,11.8149    ,51.9566,11.5593   ,51.7265,11.3388   ,51.4317,11.0406    ,51.128 ,10.6962   ,50.9041,10.3789   ,50.7168,10.0629   ,50.4871,9.71801   ,51.2372,-11.289   ,-0.84281   ,515,118574,53.7466,10.5068,124.267,0
1230,50.0711,9.52505   ,50.2055,9.87905    ,50.3832,10.2433  ,50.5901,10.5987   ,50.7987,10.9173   ,51.0696,11.2431   ,51.3586,11.5369    ,51.6209,11.7789   ,51.9356,12.0532   ,52.2324,12.3116     ,52.5282,12.5869   ,52.7963,12.9501   ,50.0711,9.52505   ,49.9533,10.1339    ,50.1176,10.5208   ,50.3211,10.8785   ,50.4969,11.1941   ,50.7712,11.5265    ,51.0883,11.8421    ,51.3607,12.0798   ,51.6685,12.3128    ,51.9606,12.5163   ,52.2906,12.735    ,52.7963,12.9501   ,52.8379,12.5149   ,52.5967,12.1887   ,52.3051,11.882     ,51.987 ,11.5719   ,51.7321,11.3297   ,51.4582,11.0566    ,51.1675,10.732    ,50.9159,10.4092   ,50.6968,10.0543   ,50.4983,9.71659   ,51.2635,-11.3004  ,-0.843886  ,520,119909,54.4364,10.208 ,125.924,0
1231,50.1108,9.60349   ,50.2771,9.97726    ,50.4616,10.3364  ,50.6629,10.6793   ,50.8949,10.9932   ,51.1932,11.3283   ,51.4718,11.6094    ,51.7979,11.918    ,52.1006,12.1966   ,52.3783,12.4638     ,52.6636,12.786    ,52.93  ,13.1508   ,50.1108,9.60349   ,49.9985,10.2017    ,50.1846,10.5821   ,50.3571,10.9333   ,50.5429,11.2367   ,50.814 ,11.5645    ,51.0908,11.8443    ,51.4299,12.1413   ,51.7495,12.382     ,52.0661,12.6168   ,52.4628,12.9301   ,52.93  ,13.1508   ,52.9386,12.7364   ,52.7772,12.4008   ,52.5482,12.1005    ,52.2696,11.7908   ,51.9646,11.4826   ,51.6818,11.2061    ,51.3376,10.8588   ,51.0374,10.5271   ,50.7892,10.1853   ,50.6001,9.83976   ,51.358 ,-11.398   ,-0.845398  ,540,123619,56.1079,11.5983,131.581,0
1232,50.2245,9.60025   ,50.3056,9.9578     ,50.4548,10.3457  ,50.6977,10.7369   ,50.947 ,11.0536   ,51.1977,11.331    ,51.5279,11.6617    ,51.8036,11.9184   ,52.1113,12.1997   ,52.4153,12.5008     ,52.6592,12.8064   ,52.8863,13.2131   ,50.2245,9.60025   ,50.0328,10.1644    ,50.179 ,10.5946   ,50.3877,10.9888   ,50.5888,11.2902   ,50.8087,11.5539    ,51.1221,11.8689    ,51.398 ,12.1093   ,51.7268,12.3691    ,52.0981,12.6562   ,52.4406,12.9458   ,52.8863,13.2131   ,52.937 ,12.7577   ,52.8091,12.4304   ,52.5904,12.1187    ,52.3164,11.8252   ,52.0455,11.5606   ,51.6937,11.2199    ,51.4002,10.9267   ,51.0824,10.5874   ,50.7798,10.1914   ,50.6075,9.85169   ,51.4003,-11.4412  ,-0.844817  ,549,125922,56.029 ,11.9396,129.338,0
1233,50.2413,9.6793    ,50.3395,10.0463    ,50.5278,10.4508  ,50.7681,10.8088   ,50.9928,11.0883   ,51.2965,11.4267   ,51.5979,11.7277    ,51.9149,12.0269   ,52.1862,12.2865   ,52.4849,12.6272     ,52.6994,12.9534   ,52.9248,13.3808   ,50.2413,9.6793    ,50.0526,10.2561    ,50.2318,10.6718   ,50.4214,11.0116   ,50.5954,11.2715   ,50.8423,11.5823    ,51.1085,11.8499    ,51.4412,12.1359   ,51.7743,12.4079    ,52.1738,12.7605   ,52.4973,13.0824   ,52.9248,13.3808   ,52.9641,12.9347   ,52.8735,12.5988   ,52.6883,12.2577    ,52.4781,12.0011   ,52.1819,11.6956   ,51.8535,11.3786    ,51.4885,11.0194   ,51.198 ,10.7151   ,50.8834,10.3285   ,50.663 ,9.94142   ,51.4367,-11.4867  ,-0.852513  ,550,127079,56.8699,13.2996,131.924,0
1234,50.186 ,9.69628   ,50.3428,10.0816    ,50.5339,10.4571  ,50.748 ,10.7874   ,50.9902,11.0955   ,51.2835,11.4149   ,51.5961,11.7219    ,51.9031,12.0143   ,52.1985,12.3152   ,52.4594,12.6384     ,52.6464,12.9788   ,52.7855,13.4263   ,50.186 ,9.69628   ,50.0682,10.3037    ,50.238 ,10.6834   ,50.3963,10.9916   ,50.5793,11.2767   ,50.8366,11.5809    ,51.1478,11.8848    ,51.482 ,12.1784   ,51.8266,12.4898    ,52.1622,12.8287   ,52.4392,13.1558   ,52.7855,13.4263   ,52.8975,12.9144   ,52.8312,12.5601   ,52.6641,12.2451    ,52.4246,11.9481   ,52.148 ,11.6574   ,51.8337,11.3539    ,51.4934,11.0206   ,51.1716,10.6826   ,50.8845,10.3228   ,50.6604,9.95614   ,51.4324,-11.5062  ,-0.863171  ,553,127411,56.6076,12.5798,131.338,0
1235,50.2067,9.68642   ,50.3464,10.0773    ,50.5199,10.4381  ,50.7387,10.7868   ,50.9958,11.1344   ,51.2856,11.4356   ,51.6112,11.7402    ,51.8789,11.9933   ,52.1878,12.309    ,52.4481,12.6384     ,52.6379,13.0582   ,52.6734,13.4924   ,50.2067,9.68642   ,50.0487,10.2624    ,50.1994,10.6096   ,50.3619,10.9246   ,50.5695,11.2648   ,50.834 ,11.5803    ,51.1574,11.8938    ,51.4452,12.1412   ,51.7976,12.4493    ,52.1323,12.7915   ,52.4072,13.1991   ,52.6734,13.4924   ,52.8953,13.0398   ,52.8361,12.6003   ,52.6736,12.276     ,52.4185,11.9487   ,52.1732,11.687    ,51.8436,11.3933    ,51.5096,11.1026   ,51.182 ,10.7491   ,50.9   ,10.3661   ,50.6862,9.99927   ,51.441 ,-11.533   ,-0.873144  ,558,129148,57.0953,12.713 ,132.51 ,0
1236,50.1944,9.68945   ,50.3322,10.047     ,50.5481,10.4751  ,50.7695,10.8362   ,51.0484,11.1985   ,51.3648,11.5124   ,51.6548,11.7777    ,51.9942,12.0974   ,52.3017,12.4271   ,52.5341,12.7793     ,52.6629,13.1689   ,52.7279,13.6542   ,50.1944,9.68945   ,50.0446,10.2485    ,50.2278,10.662    ,50.3994,10.996    ,50.6458,11.3642   ,50.9498,11.7       ,51.2425,11.9696    ,51.6071,12.2777   ,51.9677,12.6088    ,52.2695,12.968    ,52.4529,13.3315   ,52.7279,13.6542   ,52.8964,13.1385   ,52.8563,12.716    ,52.7259,12.3582    ,52.49  ,12.0252   ,52.1829,11.6918   ,51.8945,11.4312    ,51.5473,11.1355   ,51.2094,10.7808   ,50.9288,10.3907   ,50.6664,9.95757   ,51.4669,-11.5702  ,-0.882233  ,572,130735,59.1749,12.0464,135.095,0
1237,50.2119,9.68618   ,50.3399,10.0568    ,50.5389,10.4601  ,50.777 ,10.8151   ,51.0403,11.1457   ,51.353 ,11.4882   ,51.6242,11.7686    ,51.9378,12.0982   ,52.2173,12.4221   ,52.4597,12.807      ,52.582 ,13.2343   ,52.6307,13.7014   ,50.2119,9.68618   ,50.0529,10.2472    ,50.2224,10.6537   ,50.3861,10.9745   ,50.575 ,11.2694   ,50.8524,11.5925    ,51.1366,11.8781    ,51.5082,12.2366   ,51.8707,12.6045    ,52.1916,13.0051   ,52.3717,13.3831   ,52.6307,13.7014   ,52.8106,13.2114   ,52.7769,12.7252   ,52.6464,12.3469    ,52.4664,12.0685   ,52.2191,11.7697   ,51.9621,11.4973    ,51.6048,11.1359   ,51.247 ,10.7626   ,50.9158,10.3651   ,50.6686,9.97003   ,51.4562,-11.5976  ,-0.908083  ,574,132049,58.8862,13.6596,135.924,0
1238,50.1637,9.70423   ,50.3489,10.1008    ,50.5402,10.4615  ,50.7865,10.834    ,51.077 ,11.1889   ,51.3555,11.4919   ,51.6386,11.784     ,51.9466,12.1187   ,52.2375,12.4974   ,52.4385,12.8794     ,52.5641,13.2932   ,52.6316,13.7419   ,50.1637,9.70423   ,50.0736,10.3466    ,50.2471,10.6978   ,50.4347,11.0399   ,50.6489,11.3546   ,50.8922,11.6354    ,51.1849,11.9276    ,51.551 ,12.2839   ,51.9183,12.6902    ,52.1665,13.0587   ,52.3382,13.4129   ,52.6316,13.7419   ,52.8145,13.295    ,52.7555,12.8144   ,52.6243,12.4112    ,52.4359,12.0636   ,52.2009,11.7536   ,51.9341,11.4679    ,51.6126,11.1446   ,51.226 ,10.7427   ,50.8923,10.3265   ,50.6778,9.96217   ,51.4485,-11.6061  ,-0.920746  ,577,132321,59.1395,12.9419,136.51 ,0
1239,50.1759,9.69349   ,50.3513,10.0846    ,50.5413,10.4587  ,50.8003,10.8421   ,51.096 ,11.2025   ,51.3713,11.5058   ,51.7012,11.8548    ,51.9534,12.1368   ,52.2573,12.5273   ,52.446 ,12.8842     ,52.5668,13.3531   ,52.5737,13.8159   ,50.1759,9.69349   ,50.0634,10.2946    ,50.2278,10.6597   ,50.4111,11.0015   ,50.617 ,11.313    ,50.8515,11.5906    ,51.2036,11.9423    ,51.5176,12.2451   ,51.9168,12.6754    ,52.1596,13.0341   ,52.3617,13.4525   ,52.5737,13.8159   ,52.7875,13.3884   ,52.7795,12.8631   ,52.6719,12.4923    ,52.484 ,12.1406   ,52.3035,11.8808   ,52.0033,11.5397    ,51.6821,11.2141   ,51.28  ,10.7998   ,50.917 ,10.3624   ,50.6906,9.98469   ,51.4639,-11.6265  ,-0.922409  ,577,133066,60.0308,14.1398,136.51 ,0
1240,50.1918,9.68411   ,50.3617,10.0995    ,50.5469,10.4804  ,50.7849,10.836    ,51.0742,11.1863   ,51.4158,11.5531   ,51.7027,11.8484    ,52.0132,12.1901   ,52.3025,12.5684   ,52.4917,12.9545     ,52.604 ,13.4107   ,52.6607,13.875    ,50.1918,9.68411   ,50.0851,10.3212    ,50.255 ,10.7162   ,50.4478,11.0642   ,50.6701,11.3815   ,50.9812,11.7261    ,51.2886,12.0266    ,51.6657,12.3978   ,52.0262,12.8096    ,52.2489,13.1828   ,52.4194,13.5667   ,52.6607,13.875    ,52.8099,13.3888   ,52.7751,12.8486   ,52.6452,12.4318    ,52.4546,12.0941   ,52.2263,11.7852   ,51.9676,11.5005    ,51.5866,11.1128   ,51.2083,10.7195   ,50.8963,10.3425   ,50.6907,9.99322   ,51.4771,-11.6461  ,-0.925045  ,582,134645,61.0271,12.4106,139.095,0
1241,50.1988,9.65499   ,50.3374,10.086     ,50.5368,10.4553  ,50.7865,10.8262   ,51.055 ,11.1644   ,51.3716,11.5098   ,51.6913,11.8402    ,52.0243,12.2098   ,52.2842,12.5607   ,52.4812,12.9735     ,52.5942,13.391    ,52.6607,13.8775   ,50.1988,9.65499   ,50.0571,10.2943    ,50.2225,10.6488   ,50.3911,10.9813   ,50.5902,11.2905   ,50.8832,11.6277    ,51.2366,11.9771    ,51.6539,12.3891   ,51.9791,12.7784    ,52.2213,13.1809   ,52.399 ,13.5303   ,52.6607,13.8775   ,52.8116,13.3751   ,52.781 ,12.8797   ,52.6489,12.4406    ,52.4797,12.1338   ,52.2475,11.8104   ,51.9688,11.5048    ,51.6207,11.154    ,51.2627,10.7811   ,50.9165,10.3655   ,50.6675,9.9856    ,51.4769,-11.654   ,-0.924554  ,587,135332,61.3054,13.4001,138.51 ,0
1242,50.0532,9.74727   ,50.3104,10.0672    ,50.5105,10.4177  ,50.7391,10.7945   ,51.0001,11.1591   ,51.2817,11.4784   ,51.5943,11.7941    ,51.9256,12.1547   ,52.1619,12.4477   ,52.4021,12.8221     ,52.5489,13.2295   ,52.614 ,13.721    ,50.0532,9.74727   ,50.0453,10.3013    ,50.2121,10.6201   ,50.376 ,10.9668   ,50.5772,11.3087   ,50.8517,11.6521    ,51.196 ,12.0028    ,51.5795,12.391    ,51.8688,12.7028    ,52.1472,13.0749   ,52.3278,13.4121   ,52.614 ,13.721    ,52.8001,13.1707   ,52.7088,12.678    ,52.5361,12.3034    ,52.3748,12.039    ,52.1053,11.7024   ,51.8052,11.4006    ,51.4993,11.1035   ,51.1745,10.7316   ,50.8691,10.3196   ,50.6338,9.9301    ,51.4364,-11.6245  ,-0.923048  ,582,135121,59.1112,12.094 ,136.51 ,0
1243,50.0753,9.65497   ,50.2571,9.98286    ,50.4753,10.3954  ,50.6787,10.7409   ,50.9129,11.0769   ,51.235 ,11.4427   ,51.4953,11.7053    ,51.8055,12.0298   ,52.0913,12.3617   ,52.3506,12.7371     ,52.4911,13.084    ,52.6032,13.561    ,50.0753,9.65497   ,49.9762,10.1808    ,50.1654,10.5942   ,50.3492,10.9306   ,50.5432,11.2775   ,50.816 ,11.6317    ,51.0723,11.8937    ,51.4301,12.2465   ,51.7802,12.6091    ,52.0956,12.9945   ,52.2877,13.2919   ,52.6032,13.561    ,52.7292,12.9975   ,52.6623,12.5903   ,52.4886,12.2227    ,52.2811,11.9243   ,52.0236,11.6223   ,51.756 ,11.3594    ,51.3637,10.9772   ,51.0685,10.6467   ,50.8419,10.2982   ,50.5895,9.88667   ,51.3684,-11.5436  ,-0.913077  ,562,129983,57.8794,12.1323,133.095,0
1244,50.1406,9.59173   ,50.2752,9.96729    ,50.4427,10.3239  ,50.6475,10.6756   ,50.8558,10.9784   ,51.1021,11.2873   ,51.3701,11.5811    ,51.6599,11.8852   ,51.9123,12.1747   ,52.1742,12.51       ,52.3651,12.8123   ,52.5716,13.2236   ,50.1406,9.59173   ,49.9837,10.1688    ,50.152 ,10.5393   ,50.3365,10.8882   ,50.4929,11.1744   ,50.6777,11.4581    ,50.8961,11.7202    ,51.1764,12.0079   ,51.4825,12.3245    ,51.8383,12.6901   ,52.1356,12.9807   ,52.5716,13.2236   ,52.6611,12.7649   ,52.5921,12.4486   ,52.4309,12.131     ,52.2238,11.8526   ,51.9314,11.5318   ,51.6155,11.2188    ,51.2948,10.8847   ,51.0237,10.5633   ,50.7879,10.2093   ,50.6083,9.86706   ,51.2904,-11.426   ,-0.904169  ,535,122827,54.07  ,12.9866,126.853,0
1245,50.0903,9.55398   ,50.2361,9.87442    ,50.4137,10.1903  ,50.5963,10.5455   ,50.8042,10.899    ,51.029 ,11.217    ,51.2566,11.4733    ,51.561 ,11.7665   ,51.8495,12.0186   ,52.1264,12.2606     ,52.4025,12.5378   ,52.6698,12.8241   ,50.0903,9.55398   ,49.9846,10.1179    ,50.1531,10.4864   ,50.3372,10.8663   ,50.5428,11.2402   ,50.7663,11.5712    ,50.9851,11.8148    ,51.2674,12.0811   ,51.5546,12.2915    ,51.8532,12.4928   ,52.2036,12.7341   ,52.6698,12.8241   ,52.6699,12.4172   ,52.4857,12.1089   ,52.2405,11.8278    ,51.9483,11.5361   ,51.6115,11.2147   ,51.3622,10.9515    ,51.125 ,10.6485   ,50.9033,10.3118   ,50.7204,9.98555   ,50.539 ,9.71784   ,51.2346,-11.2822  ,-0.878156  ,510,117806,51.7102,10.6959,120.853,0
1246,50.1654,9.50433   ,50.265 ,9.80389    ,50.4232,10.1436  ,50.597 ,10.4825   ,50.7581,10.7866   ,50.9562,11.0987   ,51.1779,11.3605    ,51.4453,11.6047   ,51.7235,11.807    ,52.0594,11.9694     ,52.4128,12.0955   ,52.7625,12.1981   ,50.1654,9.50433   ,50.0163,10.039     ,50.1557,10.4486   ,50.3486,10.8306   ,50.5174,11.1733   ,50.7136,11.5059    ,50.9298,11.7573    ,51.206 ,11.9848   ,51.505 ,12.1697    ,51.9052,12.3127   ,52.3439,12.3785   ,52.7625,12.1981   ,52.5799,11.8464   ,52.3136,11.6618   ,52.0351,11.5002    ,51.7776,11.3      ,51.5103,11.0476   ,51.2656,10.7805    ,51.0481,10.4886   ,50.8913,10.2203   ,50.7322,9.92201   ,50.5506,9.65407   ,51.2068,-11.1473  ,-0.829337  ,491,113494,48.4732,11.2441,113.296,0
1247,50.1566,9.4545    ,50.2474,9.77221    ,50.3823,10.0634  ,50.5318,10.3772   ,50.6908,10.696    ,50.8727,10.9947   ,51.0673,11.2401    ,51.3394,11.4866   ,51.651 ,11.6563   ,51.9714,11.7093     ,52.3129,11.6263   ,52.6316,11.4453   ,50.1566,9.4545    ,50.0126,10.0172    ,50.1264,10.3867   ,50.2879,10.7578   ,50.4657,11.137    ,50.6924,11.4946    ,50.9291,11.7593    ,51.2619,11.9902   ,51.6442,12.1062    ,52.0272,12.1019   ,52.4233,11.9361   ,52.6316,11.4453   ,52.2833,11.286    ,52.0052,11.3076   ,51.7506,11.237     ,51.5019,11.0433   ,51.2771,10.7967   ,51.1137,10.58      ,50.9611,10.3383   ,50.8125,10.0749   ,50.6776,9.81911   ,50.5178,9.61317   ,51.1562,-11.0211  ,-0.781533  ,481,110802,46.6339,12.5539,111.882,0
1248,50.1383,9.46845   ,50.2184,9.7524     ,50.3656,10.0592  ,50.5091,10.3635   ,50.6648,10.6745   ,50.8333,10.9446   ,51.03  ,11.181     ,51.3435,11.377    ,51.6336,11.4673   ,51.9603,11.4647     ,52.2159,11.2773   ,52.3353,10.9346   ,50.1383,9.46845   ,50.0138,10.0213    ,50.1306,10.4384   ,50.2919,10.828    ,50.4901,11.2225   ,50.7219,11.554     ,50.9978,11.7986    ,51.4525,11.9338   ,51.8542,11.9404    ,52.2506,11.8134   ,52.4647,11.4721   ,52.3353,10.9346   ,52.0109,11.0155   ,51.7511,11.0903   ,51.5116,11.0102    ,51.3269,10.8595   ,51.1283,10.6206   ,50.9965,10.4092    ,50.8836,10.2045   ,50.7628,9.97611   ,50.6373,9.7555    ,50.4567,9.56157   ,51.1234,-10.9399  ,-0.753528  ,473,110733,44.7869,14.5357,108.811,0
1249,50.1596,9.4536    ,50.2256,9.75088    ,50.39  ,10.1085  ,50.5351,10.424    ,50.6943,10.7417   ,50.8761,11.0085   ,51.1271,11.2569    ,51.4385,11.4206   ,51.814 ,11.4039   ,52.0833,11.1932     ,52.2321,10.8848   ,52.268 ,10.5296   ,50.1596,9.4536    ,50.0145,10.0123    ,50.1558,10.5019   ,50.332 ,10.9148   ,50.5515,11.3229   ,50.8103,11.642     ,51.1576,11.8786    ,51.5739,11.9581   ,52.0563,11.7864    ,52.3613,11.4427   ,52.4767,11.0067   ,52.268 ,10.5296   ,52.0145,10.6725   ,51.8614,10.862    ,51.662 ,10.9827    ,51.3933,10.9019   ,51.1661,10.6868   ,50.9996,10.4456    ,50.8841,10.2391   ,50.775 ,10.0129   ,50.6611,9.79316   ,50.4688,9.57105   ,51.164 ,-10.8989  ,-0.690954  ,491,113993,47.5452,14.8554,114.468,0
1250,50.1409,9.53695   ,50.2435,9.83779    ,50.4135,10.1596  ,50.5682,10.4942   ,50.7551,10.8304   ,50.9632,11.0906   ,51.2613,11.2956    ,51.6403,11.38     ,51.961 ,11.2279   ,52.1112,10.9342     ,52.1726,10.5735   ,52.1328,10.1826   ,50.1409,9.53695   ,50.0357,10.155     ,50.1918,10.5933   ,50.385 ,11.0269   ,50.6546,11.4512   ,50.9494,11.73      ,51.3749,11.8746    ,51.8769,11.8356   ,52.2304,11.5533    ,52.373 ,11.1462   ,52.3823,10.6419   ,52.1328,10.1826   ,51.9686,10.3991   ,51.8763,10.625    ,51.7485,10.8307    ,51.4984,10.917    ,51.2353,10.758    ,51.0415,10.5129    ,50.9119,10.2913   ,50.7914,10.0462   ,50.6742,9.80814   ,50.494 ,9.60099   ,51.1899,-10.8374  ,-0.631025  ,501,116743,49.0107,14.9694,117.64 ,0
1251,50.2053,9.49874   ,50.2656,9.81884    ,50.413 ,10.1539  ,50.5589,10.488    ,50.7214,10.7869   ,50.9679,11.0659   ,51.2801,11.2515    ,51.6601,11.2874   ,51.9356,11.0917   ,52.0852,10.742      ,52.1677,10.3983   ,52.1705,10.0355   ,50.2053,9.49874   ,50.0292,10.0926    ,50.1662,10.5417   ,50.3496,10.9758   ,50.6002,11.361    ,50.9924,11.6825    ,51.4585,11.8152    ,51.9459,11.7257   ,52.2142,11.4239    ,52.3478,10.9587   ,52.4023,10.4955   ,52.1705,10.0355   ,51.9497,10.2057   ,51.8509,10.4279   ,51.7038,10.6831    ,51.4612,10.8271   ,51.1977,10.7183   ,51.0259,10.5166    ,50.9027,10.2976   ,50.807 ,10.0853   ,50.6963,9.84861   ,50.5357,9.63081   ,51.1918,-10.7848  ,-0.579635  ,499,116566,48.8488,14.3048,117.64 ,0
1252,50.1872,9.49631   ,50.2696,9.84748    ,50.4096,10.1618  ,50.5579,10.4973   ,50.7506,10.8343   ,51.0238,11.0956   ,51.3726,11.2287    ,51.7131,11.1961   ,51.9606,10.8873   ,52.0708,10.556      ,52.1532,10.2053   ,52.1117,9.79967   ,50.1872,9.49631   ,50.0373,10.1522    ,50.1659,10.573    ,50.3446,10.9864   ,50.6445,11.408    ,51.0802,11.678     ,51.5765,11.7223    ,51.9838,11.5805   ,52.2328,11.1456    ,52.3463,10.6989   ,52.3961,10.23     ,52.1117,9.79967   ,51.924 ,10.0852   ,51.8232,10.3124   ,51.7228,10.5395    ,51.5234,10.7713   ,51.2727,10.7469   ,51.0601,10.5679    ,50.923 ,10.3451   ,50.8092,10.0901   ,50.691 ,9.83843   ,50.5411,9.63392   ,51.1893,-10.717   ,-0.488422  ,499,116969,50.3067,13.6171,121.64 ,0
1253,50.205 ,9.48973   ,50.2803,9.85018    ,50.4171,10.1733  ,50.5863,10.5576   ,50.7588,10.8554   ,51.0759,11.1362   ,51.4189,11.2282    ,51.7573,11.036    ,51.951 ,10.748    ,52.0972,10.3708     ,52.2157,10.015    ,52.2894,9.60869   ,50.205 ,9.48973   ,50.0344,10.1369    ,50.1626,10.5642   ,50.3704,11.0342   ,50.635 ,11.3967   ,51.1208,11.668     ,51.5641,11.6999    ,51.9718,11.4423   ,52.1945,11.0852    ,52.3376,10.5974   ,52.4357,10.1226   ,52.2894,9.60869   ,52.0274,9.80671   ,51.8917,10.0442   ,51.7472,10.3205    ,51.6119,10.5556   ,51.3689,10.7406   ,51.1268,10.6513    ,50.948 ,10.3978   ,50.8421,10.1648   ,50.7091,9.87217   ,50.5641,9.65754   ,51.2164,-10.645   ,-0.297455  ,509,119264,51.8012,12.8388,123.296,0
1254,50.2273,9.44666   ,50.2824,9.79387    ,50.4145,10.1519  ,50.5513,10.4961   ,50.7525,10.8648   ,51.0412,11.1116   ,51.3798,11.1587    ,51.7223,10.9729   ,51.9426,10.637    ,52.0889,10.2787     ,52.2247,9.95661   ,52.3404,9.55237   ,50.2273,9.44666   ,50.0235,10.0437    ,50.1502,10.5151   ,50.3206,10.9311   ,50.6025,11.3658   ,51.0271,11.6081    ,51.4845,11.6326    ,51.9192,11.4101   ,52.1727,10.988     ,52.3223,10.5378   ,52.4412,10.1083   ,52.3404,9.55237   ,52.0466,9.71062   ,51.8928,9.92974   ,51.7523,10.196     ,51.5943,10.4621   ,51.3731,10.6631   ,51.1453,10.65      ,50.9623,10.4408   ,50.8188,10.1439   ,50.7115,9.87837   ,50.5721,9.63219   ,51.227 ,-10.5921  ,-0.155845  ,515,119234,51.8597,12.2907,122.468,0
1255,50.184 ,9.48557   ,50.2704,9.83129    ,50.4183,10.1896  ,50.5571,10.5287   ,50.7218,10.8381   ,51.0521,11.0849   ,51.3989,11.0977    ,51.7012,10.909    ,51.9184,10.5818   ,52.0734,10.2302     ,52.2183,9.906     ,52.3249,9.50799   ,50.184 ,9.48557   ,50.0332,10.0982    ,50.1655,10.5593   ,50.3361,10.9632   ,50.5609,11.3169   ,51.0542,11.5514    ,51.5374,11.5244    ,51.9391,11.2826   ,52.1892,10.879     ,52.3447,10.4595   ,52.4614,10.0419   ,52.3249,9.50799   ,52.0143,9.67561   ,51.8433,9.91096   ,51.6864,10.1972    ,51.5336,10.461    ,51.3572,10.6378   ,51.1433,10.6534    ,50.9386,10.4293   ,50.8137,10.1744   ,50.7056,9.90904   ,50.5443,9.65251   ,51.2374,-10.5415  ,0.00507036 ,506,118459,50.9675,11.8308,121.882,0
1256,50.2458,9.51804   ,50.3032,9.88581    ,50.4195,10.2288  ,50.5682,10.6009   ,50.7945,10.9266   ,51.1564,11.1089   ,51.5225,10.9973    ,51.7891,10.7601   ,52.0093,10.4297   ,52.18  ,10.0552     ,52.3345,9.71361   ,52.4924,9.2976    ,50.2458,9.51804   ,50.0337,10.1589    ,50.1496,10.6031   ,50.3476,11.0437   ,50.6648,11.3993   ,51.1437,11.5629    ,51.6343,11.4278    ,52.0073,11.1343   ,52.2792,10.7262    ,52.4382,10.2682   ,52.5399,9.83559   ,52.4924,9.2976    ,52.1718,9.49422   ,51.965 ,9.74646   ,51.7864,10.0396    ,51.6472,10.2938   ,51.5079,10.5013   ,51.2755,10.6555    ,50.9993,10.522    ,50.8344,10.246    ,50.7223,9.95233   ,50.6054,9.70873   ,51.2759,-10.5144  ,0.182537   ,519,119612,53.1513,11.5148,127.539,0
1257,50.2825,9.50761   ,50.2999,9.86028    ,50.4182,10.2424  ,50.5739,10.65     ,50.8192,10.9613   ,51.1693,11.111    ,51.5411,10.9992    ,51.8367,10.7172   ,52.0337,10.3822   ,52.2275,10.0357     ,52.4599,9.68551   ,52.72  ,9.34138   ,50.2825,9.50761   ,50.023 ,10.0909    ,50.143 ,10.5791   ,50.3487,11.058    ,50.6791,11.4158   ,51.1294,11.5611    ,51.6364,11.4493    ,52.0502,11.1089   ,52.2824,10.7054    ,52.4483,10.2904   ,52.6251,9.86216   ,52.72  ,9.34138   ,52.3588,9.4285    ,52.0598,9.69058   ,51.8297,9.9751     ,51.6821,10.2422   ,51.5303,10.4941   ,51.3051,10.6588    ,51.0381,10.5688   ,50.8454,10.326    ,50.7228,10.0025   ,50.6043,9.72114   ,51.328 ,-10.4907  ,0.318254   ,529,122684,54.3704,11.786 ,128.368,0
1258,50.2216,9.5475    ,50.3002,9.92321    ,50.4336,10.3057  ,50.5922,10.6918   ,50.835 ,11.0095   ,51.2098,11.1261   ,51.6079,10.9477    ,51.8933,10.6552   ,52.1093,10.2766   ,52.2891,9.9627      ,52.5181,9.60963   ,52.707 ,9.20052   ,50.2216,9.5475    ,50.0306,10.1824    ,50.1525,10.6342   ,50.3546,11.0684   ,50.7097,11.4261   ,51.2091,11.556     ,51.7506,11.3745    ,52.1284,11.0257   ,52.3543,10.5685    ,52.5215,10.1984   ,52.7179,9.75439   ,52.707 ,9.20052   ,52.375 ,9.37845   ,52.1131,9.63796   ,51.9111,9.89301    ,51.7254,10.1907   ,51.5555,10.4489   ,51.3133,10.6774    ,51.0419,10.6533   ,50.8754,10.4036   ,50.7527,10.0819   ,50.6075,9.7717    ,51.3546,-10.4725  ,0.339251   ,538,123550,55.7673,11.6018,130.953,0
1259,50.3422,9.52424   ,50.3238,9.86604    ,50.424 ,10.2838  ,50.5775,10.6587   ,50.841 ,10.9554   ,51.2284,11.0295   ,51.5715,10.8798    ,51.8651,10.6177   ,52.0899,10.3169   ,52.3102,9.98347     ,52.575 ,9.63644   ,52.818 ,9.31451   ,50.3422,9.52424   ,50.035 ,10.0751    ,50.1367,10.6001   ,50.3379,11.0298   ,50.6805,11.3613   ,51.182 ,11.4761    ,51.6445,11.3451    ,52.034 ,11.0532   ,52.2879,10.6981    ,52.517 ,10.288    ,52.76  ,9.84003   ,52.818 ,9.31451   ,52.4532,9.35971   ,52.1604,9.59854   ,51.9461,9.85021    ,51.7697,10.0982   ,51.5897,10.3494   ,51.3765,10.5605    ,51.0892,10.5996   ,50.8676,10.3735   ,50.7429,10.0684   ,50.6315,9.75789   ,51.378 ,-10.4374  ,0.332086   ,527,122890,53.7679,12.2304,128.368,0
1260,50.3541,9.53858   ,50.3441,9.91369    ,50.4191,10.2862  ,50.5927,10.6414   ,50.8848,10.8853   ,51.2705,10.9169   ,51.607 ,10.7462    ,51.8759,10.5071   ,52.1373,10.1987   ,52.3776,9.8868      ,52.6066,9.5998    ,52.8368,9.25134   ,50.3541,9.53858   ,50.097 ,10.1923    ,50.1673,10.6943   ,50.4254,11.1111   ,50.8387,11.3498   ,51.3341,11.3732    ,51.7464,11.1877    ,52.0584,10.9161   ,52.328 ,10.5612    ,52.5607,10.1963   ,52.7718,9.83588   ,52.8368,9.25134   ,52.4977,9.29577   ,52.2531,9.50229   ,52.0077,9.75704    ,51.7639,10.0237   ,51.5477,10.2432   ,51.2944,10.4351    ,51.0113,10.4518   ,50.8122,10.2407   ,50.6989,9.96466   ,50.6035,9.73047   ,51.3957,-10.3796  ,0.354766   ,519,120415,52.3909,11.837 ,123.196,0
1261,50.2933,9.53166   ,50.3067,9.86597    ,50.3957,10.2536  ,50.5774,10.5981   ,50.8766,10.8375   ,51.2446,10.8835   ,51.6001,10.7265    ,51.884 ,10.4791   ,52.1418,10.1914   ,52.3642,9.91248     ,52.624 ,9.59639   ,52.8635,9.28496   ,50.2933,9.53166   ,50.0818,10.0924    ,50.1329,10.5955   ,50.3794,11.0063   ,50.8019,11.2648   ,51.2824,11.3284    ,51.7245,11.1661    ,52.0641,10.8746   ,52.3527,10.5326    ,52.5704,10.2059   ,52.8051,9.81537   ,52.8635,9.28496   ,52.5014,9.3132    ,52.2162,9.54387   ,51.9991,9.76785    ,51.7815,10.0032   ,51.5592,10.2263   ,51.2999,10.4182    ,51.0404,10.4431   ,50.838 ,10.2651   ,50.6916,10.0047   ,50.547 ,9.73556   ,51.414 ,-10.3609  ,0.342587   ,506,118729,51.6889,11.7035,119.782,0
1262,50.3278,9.53147   ,50.3312,9.9056     ,50.411 ,10.2733  ,50.6218,10.6396   ,50.9701,10.8595   ,51.3581,10.8357   ,51.7102,10.627     ,51.9995,10.357    ,52.2636,10.0609   ,52.5293,9.73428     ,52.7744,9.43738   ,53.0422,9.11712   ,50.3278,9.53147   ,50.0882,10.1486    ,50.1467,10.6145   ,50.4454,11.0415   ,50.9155,11.2808   ,51.3874,11.292     ,51.7937,11.0972    ,52.1301,10.7917   ,52.426 ,10.4314    ,52.6888,10.0154   ,52.9093,9.62073   ,53.0422,9.11712   ,52.6995,9.18605   ,52.4321,9.37465   ,52.1716,9.60688    ,51.9482,9.83813   ,51.7107,10.0875   ,51.4213,10.3427    ,51.1235,10.4584   ,50.8727,10.3141   ,50.7114,10.0328   ,50.5886,9.76783   ,51.4571,-10.3266  ,0.379996   ,510,119362,54.2525,12.4251,126.024,0
1263,50.4389,9.62025   ,50.3836,9.98273    ,50.4513,10.3654  ,50.6807,10.7147   ,51.0015,10.8738   ,51.4148,10.8046   ,51.7424,10.5818    ,52.0093,10.3506   ,52.3044,10.0517   ,52.5838,9.72116     ,52.8217,9.42448   ,53.0808,9.10257   ,50.4389,9.62025   ,50.0967,10.1939    ,50.1642,10.6927   ,50.5097,11.1031   ,50.9586,11.2768   ,51.4648,11.2479    ,51.8505,11.0167    ,52.1625,10.7485   ,52.4792,10.397     ,52.7366,10.0011   ,52.9459,9.6197    ,53.0808,9.10257   ,52.7538,9.16294   ,52.4933,9.36227   ,52.2064,9.62142    ,51.9446,9.86859   ,51.7221,10.0765   ,51.4429,10.3179    ,51.1324,10.4815   ,50.9225,10.3862   ,50.7717,10.1266   ,50.6765,9.86907   ,51.4708,-10.3153  ,0.36066    ,513,118429,53.7219,11.6389,124.61 ,0
1264,50.429 ,9.53841   ,50.3741,9.88558    ,50.4329,10.288   ,50.6354,10.6603   ,50.9478,10.8237   ,51.3755,10.7865   ,51.7244,10.5936    ,52.0197,10.3378   ,52.306 ,10.0447   ,52.5642,9.75361     ,52.8173,9.45147   ,53.0434,9.1036    ,50.429 ,9.53841   ,50.1141,10.0944    ,50.1591,10.6255   ,50.4463,11.0573   ,50.8809,11.2169   ,51.4617,11.2039    ,51.8877,10.9972    ,52.2235,10.7008   ,52.5245,10.3563    ,52.7708,10.0128   ,52.989 ,9.63547   ,53.0434,9.1036    ,52.7041,9.19563   ,52.4255,9.41516   ,52.1652,9.64813    ,51.9   ,9.89378   ,51.6452,10.1243   ,51.3814,10.336     ,51.1059,10.4444   ,50.8891,10.3251   ,50.7364,10.046    ,50.6379,9.77717   ,51.4955,-10.2933  ,0.355291   ,516,119274,53.8662,11.111 ,124.368,0
1265,50.3982,9.61796   ,50.3846,9.98106    ,50.477 ,10.3523  ,50.6678,10.6588   ,51.0403,10.7947   ,51.3755,10.7263   ,51.7243,10.5464    ,52.0023,10.3224   ,52.2865,10.0569   ,52.5644,9.77756     ,52.8548,9.48874   ,53.1316,9.2241    ,50.3982,9.61796   ,50.1042,10.1915    ,50.1806,10.6558   ,50.4059,11.0129   ,50.8653,11.2106   ,51.2935,11.2179    ,51.7161,11.0719    ,52.0629,10.8135   ,52.4036,10.4844    ,52.7128,10.1226   ,53.002 ,9.72356   ,53.1316,9.2241    ,52.7759,9.19063   ,52.4922,9.35477   ,52.25  ,9.55007    ,52.0226,9.75886   ,51.8119,9.96399   ,51.5522,10.2004    ,51.3103,10.3717   ,50.9989,10.3695   ,50.8157,10.1488   ,50.6804,9.87709   ,51.5042,-10.2841  ,0.346158   ,511,120081,51.5219,13.6381,124.61 ,0
1266,50.2838,9.6096    ,50.3246,9.97066    ,50.4409,10.3373  ,50.6707,10.6809   ,51.0213,10.8184   ,51.4239,10.7318   ,51.7706,10.5257    ,52.0474,10.2939   ,52.3586,9.99259   ,52.6321,9.70777     ,52.9177,9.40262   ,53.1159,9.06559   ,50.2838,9.6096    ,50.0781,10.2296    ,50.1735,10.6802   ,50.4487,11.055    ,50.8857,11.2168   ,51.3959,11.1991    ,51.8089,11.016     ,52.1502,10.7511   ,52.5133,10.3735    ,52.8197,9.99891   ,53.1128,9.5853    ,53.1159,9.06559   ,52.7855,9.14804   ,52.5203,9.33707   ,52.2826,9.53062    ,52.023 ,9.76567   ,51.8119,9.9741    ,51.5469,10.2226    ,51.2553,10.4172   ,50.9671,10.3701   ,50.7535,10.093    ,50.5965,9.81721   ,51.5334,-10.2765  ,0.372726   ,517,121708,53.7243,12.7778,126.024,0
1267,50.2916,9.59221   ,50.337 ,9.99435    ,50.4601,10.3694  ,50.6756,10.6773   ,51.0899,10.8074   ,51.4546,10.7091   ,51.8281,10.4816    ,52.1399,10.2234   ,52.4353,9.94761   ,52.7186,9.67658     ,53.0379,9.40539   ,53.363 ,9.10852   ,50.2916,9.59221   ,50.0823,10.236     ,50.1889,10.6884   ,50.4442,11.0294   ,50.9526,11.2204   ,51.4021,11.1982    ,51.8181,11.0108    ,52.16  ,10.7405   ,52.4831,10.4084    ,52.8056,10.0413   ,53.1673,9.63195   ,53.363 ,9.10852   ,52.9908,9.1124    ,52.7103,9.24012   ,52.4696,9.407      ,52.2071,9.62844   ,51.9273,9.88395   ,51.6068,10.174     ,51.3307,10.382    ,50.9846,10.3906   ,50.7808,10.1509   ,50.6175,9.86091   ,51.611 ,-10.2426  ,0.390211   ,532,125116,55.3757,13.8848,130.61 ,0
1268,50.307 ,9.70903   ,50.3517,10.0631    ,50.5066,10.4451  ,50.8504,10.6917   ,51.2143,10.6904   ,51.5945,10.5803   ,51.9453,10.3831    ,52.2697,10.1314   ,52.5977,9.85026   ,52.89  ,9.59592     ,53.1875,9.34214   ,53.5238,9.02802   ,50.307 ,9.70903   ,50.0904,10.26      ,50.213 ,10.7229   ,50.5562,11.091    ,50.962 ,11.2193   ,51.4067,11.2047    ,51.8032,11.0354    ,52.179 ,10.7416   ,52.5803,10.3522    ,52.9401,9.96448   ,53.2855,9.55644   ,53.5238,9.02802   ,53.185 ,9.04614   ,52.9397,9.14183   ,52.7108,9.26457    ,52.4526,9.4441    ,52.1817,9.6639    ,51.8877,9.90926    ,51.5725,10.1441   ,51.2416,10.3105   ,50.8571,10.2484   ,50.6403,9.96695   ,51.6848,-10.2322  ,0.408298   ,543,125734,54.6781,17.4488,129.439,0
1269,50.2527,9.81246   ,50.3818,10.1802    ,50.5741,10.5363  ,50.8772,10.7488   ,51.2558,10.7298   ,51.652 ,10.5733   ,51.9713,10.3638    ,52.2892,10.1105   ,52.6186,9.83832   ,52.8938,9.61549     ,53.2159,9.37099   ,53.5801,9.11913   ,50.2527,9.81246   ,50.1239,10.4024    ,50.3219,10.8267   ,50.6595,11.1234   ,51.0871,11.2354   ,51.5302,11.1763    ,51.8749,10.9804    ,52.239 ,10.6758   ,52.6427,10.2945    ,52.9802,9.95912   ,53.3428,9.58621   ,53.5801,9.11913   ,53.1922,9.08304   ,52.9166,9.18555   ,52.705 ,9.29173    ,52.448 ,9.45537   ,52.1725,9.66754   ,51.883 ,9.90905    ,51.538 ,10.1938   ,51.1976,10.3937   ,50.8972,10.3327   ,50.6863,10.064    ,51.7304,-10.2421  ,0.418378   ,530,122505,53.9977,16.5099,126.267,0
1270,50.1451,10.0538   ,50.364 ,10.3152    ,50.6624,10.5742  ,50.9734,10.7144   ,51.3661,10.6949   ,51.7349,10.5406   ,52.0536,10.3253    ,52.3227,10.1104   ,52.6105,9.86248   ,52.9114,9.59453     ,53.2023,9.32932   ,53.4607,9.04943   ,50.1451,10.0538   ,50.194 ,10.5992    ,50.4989,10.9214   ,50.8577,11.0977   ,51.3167,11.1577   ,51.722 ,11.0738    ,52.0469,10.8856    ,52.3423,10.6372   ,52.6878,10.2936    ,53.0534,9.89206   ,53.3715,9.4819    ,53.4607,9.04943   ,53.1224,9.09276   ,52.8694,9.20702   ,52.6327,9.34349    ,52.3959,9.50566   ,52.1485,9.69727   ,51.8437,9.95136    ,51.5267,10.1997   ,51.2002,10.3482   ,50.9234,10.2912   ,50.609 ,10.1067   ,51.7991,-10.2294  ,0.432317   ,510,118344,51.1162,14.627 ,120.61 ,0
1271,50.1369,10.2185   ,50.4306,10.4192    ,50.7623,10.6224  ,51.1339,10.7272   ,51.4605,10.6767   ,51.8278,10.4902   ,52.1327,10.2684    ,52.4359,10.0266   ,52.7285,9.78615   ,53.0022,9.56569     ,53.2886,9.33584   ,53.6033,9.0596    ,50.1369,10.2185   ,50.3372,10.7743    ,50.7097,11.0216   ,51.126 ,11.1372   ,51.4858,11.1226   ,51.8701,10.9906    ,52.1825,10.7795    ,52.5135,10.4878   ,52.8363,10.1634    ,53.1283,9.85341   ,53.4257,9.50533   ,53.6033,9.0596    ,53.2481,9.08775   ,52.9687,9.20449   ,52.7136,9.33273    ,52.4582,9.48397   ,52.1845,9.6775    ,51.8873,9.92201    ,51.5424,10.19     ,51.2507,10.3207   ,50.9152,10.2716   ,50.6151,10.123    ,51.8553,-10.2282  ,0.436098   ,497,115271,51.0522,13.515 ,119.782,0
1272,50.0953,10.3402   ,50.4379,10.4767    ,50.7793,10.5898  ,51.1398,10.6847   ,51.4732,10.6798   ,51.8498,10.535    ,52.1467,10.3247    ,52.4173,10.0958   ,52.739 ,9.81109   ,52.9809,9.59866     ,53.2793,9.36937   ,53.6393,9.14816   ,50.0953,10.3402   ,50.3985,10.8351    ,50.7503,10.9697   ,51.169 ,11.0641   ,51.5823,11.0602   ,52.0113,10.934     ,52.3143,10.7349    ,52.5698,10.5094   ,52.8787,10.1884    ,53.1318,9.90089   ,53.4334,9.57119   ,53.6393,9.14816   ,53.2126,9.11211   ,52.9135,9.22582   ,52.6785,9.36406    ,52.348 ,9.60813   ,52.0738,9.83745   ,51.7903,10.0737    ,51.4757,10.2752   ,51.2162,10.3248   ,50.9068,10.2433   ,50.5747,10.1482   ,51.8872,-10.2241  ,0.417265   ,493,114768,50.48  ,11.3952,119.054,0
1273,50.083 ,10.3963   ,50.4246,10.4659    ,50.7605,10.5419  ,51.1215,10.6064   ,51.5005,10.5975   ,51.8417,10.4971   ,52.1765,10.286     ,52.4648,10.0381   ,52.7384,9.80273   ,53.0325,9.55851     ,53.299 ,9.34819   ,53.6396,9.12054   ,50.083 ,10.3963   ,50.4238,10.8159    ,50.7542,10.9192   ,51.1534,10.981    ,51.5893,10.9762   ,51.9634,10.8971    ,52.3114,10.7069    ,52.6216,10.4533   ,52.8936,10.1788    ,53.1929,9.84308   ,53.4565,9.54818   ,53.6396,9.12054   ,53.2326,9.08436   ,52.9592,9.20163   ,52.6653,9.35977    ,52.3844,9.55382   ,52.1297,9.79568   ,51.8229,10.047     ,51.5333,10.198    ,51.2159,10.2413   ,50.8831,10.1907   ,50.5341,10.1387   ,51.9134,-10.1826  ,0.406914   ,487,114141,49.8827,11.4088,118.811,0
1274,50.1005,10.2872   ,50.438 ,10.4142    ,50.815 ,10.5194  ,51.1803,10.5685   ,51.5514,10.5514   ,51.915 ,10.434    ,52.2308,10.2338    ,52.5162,10.0111   ,52.8125,9.76079   ,53.1052,9.50859     ,53.3907,9.27362   ,53.7082,9.00711   ,50.1005,10.2872   ,50.4203,10.7869    ,50.8146,10.9243   ,51.1994,10.9798   ,51.5985,10.9628   ,51.9837,10.8572    ,52.3049,10.6829    ,52.6051,10.4564   ,52.9298,10.1593    ,53.2546,9.81667   ,53.5529,9.45848   ,53.7082,9.00711   ,53.32  ,9.01568   ,53.0521,9.11929   ,52.7939,9.27683    ,52.5253,9.48499   ,52.249 ,9.71666   ,51.9382,9.9617     ,51.6192,10.1194   ,51.2878,10.1616   ,50.9322,10.1378   ,50.556 ,10.0743   ,51.9315,-10.1563  ,0.404469   ,498,113734,51.1904,11.9534,119.296,0
1275,50.1412,10.2106   ,50.4327,10.3709    ,50.8058,10.4897  ,51.1909,10.5227   ,51.5827,10.4803   ,51.9235,10.3678   ,52.2665,10.1707    ,52.5566,9.95271   ,52.8545,9.71367   ,53.1572,9.46934     ,53.4571,9.24407   ,53.7929,9.00953   ,50.1412,10.2106   ,50.3433,10.6898    ,50.7072,10.8489   ,51.1218,10.906    ,51.5778,10.9002   ,51.9746,10.8224    ,52.3518,10.6247    ,52.6606,10.3866   ,52.9836,10.1027    ,53.3104,9.7843    ,53.6132,9.46164   ,53.7929,9.00953   ,53.3974,8.95827   ,53.1049,9.07531   ,52.8259,9.243      ,52.5509,9.44111   ,52.2768,9.64916   ,51.9749,9.8652     ,51.7098,10.0314   ,51.3937,10.1363   ,51.0266,10.1506   ,50.618 ,10.0939   ,52.0117,-10.0941  ,0.416987   ,498,115941,51.2952,11.9998,119.882,0
1276,50.2244,10.2453   ,50.5337,10.3814    ,50.9044,10.498   ,51.3231,10.5185   ,51.7055,10.4401   ,52.0534,10.2689   ,52.3546,10.0684    ,52.6811,9.83219   ,52.9791,9.61083   ,53.2954,9.38241     ,53.6149,9.17521   ,53.9808,8.96466   ,50.2244,10.2453   ,50.4718,10.7162    ,50.852 ,10.8692   ,51.3014,10.9115   ,51.7391,10.8684   ,52.1334,10.7309    ,52.449 ,10.5239    ,52.7984,10.2481   ,53.1329,9.96903    ,53.4825,9.66199   ,53.8012,9.35849   ,53.9808,8.96466   ,53.5315,8.93078   ,53.2156,9.02941   ,52.9285,9.17615    ,52.6605,9.34496   ,52.351 ,9.5477    ,52.056 ,9.75599    ,51.7681,9.97666   ,51.4623,10.114    ,51.0741,10.1453   ,50.6926,10.0873   ,52.1077,-10.0443  ,0.436924   ,507,118648,52.2102,12.0328,123.296,0
1277,50.2891,10.3175   ,50.632 ,10.4381    ,50.9992,10.5096  ,51.3792,10.5108   ,51.7807,10.3965   ,52.1351,10.196    ,52.4239,9.99601    ,52.7637,9.75908   ,53.0672,9.55685   ,53.4352,9.32348     ,53.7589,9.12505   ,54.0993,8.90814   ,50.2891,10.3175   ,50.6075,10.7619    ,50.9739,10.883    ,51.3794,10.9113   ,51.8259,10.8354   ,52.2059,10.6599    ,52.505 ,10.461     ,52.8664,10.1909   ,53.197 ,9.93326    ,53.5957,9.60974   ,53.9141,9.31117   ,54.0993,8.90814   ,53.7086,8.87527   ,53.3826,8.97033   ,53.0409,9.11376    ,52.7604,9.25933   ,52.4386,9.46363   ,52.1616,9.66705    ,51.8411,9.90798   ,51.501 ,10.0924   ,51.1529,10.1465   ,50.7725,10.1463   ,52.2322,-9.99075  ,0.454712   ,517,120948,52.6808,12.2589,123.539,0
1278,50.3473,10.3587   ,50.6739,10.4536    ,51.0614,10.515   ,51.5208,10.4863   ,51.8543,10.3516   ,52.2067,10.1357   ,52.5616,9.89565    ,52.8725,9.682     ,53.1866,9.48482   ,53.5582,9.27498     ,53.8937,9.07778   ,54.2504,8.81775   ,50.3473,10.3587   ,50.6891,10.7888    ,51.0982,10.8912   ,51.5905,10.8797   ,51.9358,10.7652   ,52.3012,10.5783    ,52.6736,10.3338    ,53.0072,10.0805   ,53.3405,9.83471    ,53.7312,9.55314   ,54.0636,9.25055   ,54.2504,8.81775   ,53.8345,8.83371   ,53.4952,8.93587   ,53.1374,9.07365    ,52.8422,9.21449   ,52.5526,9.38579   ,52.213 ,9.62721    ,51.8745,9.87975   ,51.5714,10.0612   ,51.1603,10.1473   ,50.779 ,10.1466   ,52.324 ,-9.95378  ,0.462908   ,522,121504,54.0189,11.7216,125.539,0
1279,50.5124,10.4983   ,50.8782,10.5318    ,51.2695,10.5213  ,51.6407,10.4426   ,52.0191,10.2643   ,52.3188,10.0722   ,52.6791,9.81534    ,52.9944,9.60259   ,53.3043,9.41604   ,53.668 ,9.21013     ,54.0018,9.02549   ,54.3807,8.79802   ,50.5124,10.4983   ,50.9364,10.868     ,51.3357,10.8978   ,51.7249,10.8366   ,52.1167,10.7      ,52.4209,10.5237    ,52.8004,10.2391    ,53.1332,9.98322   ,53.4569,9.75449    ,53.8444,9.48485   ,54.1766,9.21216   ,54.3807,8.79802   ,53.9358,8.77881   ,53.6013,8.87482   ,53.2531,9.01907    ,52.9605,9.1559    ,52.6626,9.31801   ,52.3176,9.55012    ,52.0224,9.76895   ,51.6714,10.0072   ,51.3329,10.1298   ,50.9466,10.1994   ,52.4239,-9.91898  ,0.491406   ,514,119172,53.242 ,12.0074,124.953,0
1280,50.6596,10.5981   ,51.0227,10.574     ,51.386 ,10.5163  ,51.7865,10.4023   ,52.1379,10.221    ,52.4482,10.01     ,52.7701,9.78484    ,53.078 ,9.58267   ,53.4315,9.36435   ,53.7573,9.18206     ,54.101 ,9.01374   ,54.4768,8.84435   ,50.6596,10.5981   ,51.1433,10.9016    ,51.5409,10.8685   ,51.9652,10.7589   ,52.3133,10.6016   ,52.6078,10.4155    ,52.9163,10.1961    ,53.23  ,9.96765   ,53.6079,9.68502    ,53.944 ,9.43362   ,54.2706,9.18911   ,54.4768,8.84435   ,54.0449,8.78848   ,53.6838,8.87092   ,53.3601,8.98248    ,53.0259,9.13383   ,52.729 ,9.30289   ,52.396 ,9.52747    ,52.0625,9.77692   ,51.712 ,10.0033   ,51.3521,10.138    ,51.0191,10.2322   ,52.5415,-9.89479  ,0.504462   ,504,116503,52.315 ,11.1971,122.125,0
1281,50.7729,10.7419   ,51.0927,10.6114    ,51.4876,10.4939  ,51.7998,10.3873   ,52.1811,10.1991   ,52.4651,10.017    ,52.8039,9.78376    ,53.0974,9.59217   ,53.4446,9.38248   ,53.7573,9.20691     ,54.1011,9.0614    ,54.5149,8.94975   ,50.7729,10.7419   ,51.2769,10.9007    ,51.6899,10.8228   ,52.0078,10.721    ,52.3891,10.5588   ,52.6645,10.3921    ,52.9965,10.1626    ,53.2892,9.95011   ,53.6398,9.6924     ,53.9536,9.4594    ,54.2627,9.24417   ,54.5149,8.94975   ,54.0577,8.84034   ,53.6714,8.90013   ,53.35  ,9.01284    ,53.0044,9.17268   ,52.7085,9.33977   ,52.3618,9.57603    ,52.067 ,9.78324   ,51.6896,10.0133   ,51.395 ,10.1324   ,51.0189,10.2854   ,52.5974,-9.88654  ,0.501848   ,496,115870,51.2578,10.692 ,120.468,0
1282,50.9229,10.9038   ,51.1672,10.6433    ,51.5164,10.4767  ,51.8739,10.3551   ,52.1964,10.2104   ,52.5169,10.0233   ,52.8538,9.7898     ,53.143 ,9.58883   ,53.4772,9.37496   ,53.7879,9.2042      ,54.1313,9.05835   ,54.543 ,8.93355   ,50.9229,10.9038   ,51.4424,10.9079    ,51.7863,10.7785   ,52.1376,10.6661   ,52.4526,10.5313   ,52.7562,10.3563    ,53.0737,10.1415    ,53.3573,9.93406   ,53.6993,9.67722    ,54.0019,9.4538    ,54.2981,9.24381   ,54.543 ,8.93355   ,54.0815,8.83232   ,53.6848,8.9009    ,53.3537,9.01398    ,53.0239,9.17997   ,52.7309,9.36962   ,52.3723,9.62723    ,52.0299,9.84305   ,51.7059,10.0063   ,51.3523,10.1406   ,50.9823,10.3174   ,52.6082,-9.90085  ,0.502009   ,496,115581,51.1185,10.3589,119.882,0
1283,50.9241,10.8853   ,51.1935,10.62      ,51.508 ,10.4625  ,51.8661,10.3167   ,52.2465,10.1426   ,52.5722,9.97569   ,52.9138,9.75849    ,53.2136,9.54978   ,53.5093,9.35776   ,53.8803,9.15856     ,54.2451,9.02264   ,54.628 ,8.92354   ,50.9241,10.8853   ,51.4739,10.8907    ,51.7997,10.7538   ,52.1554,10.6118   ,52.5295,10.4507   ,52.8436,10.2874    ,53.1764,10.0691    ,53.4722,9.85488   ,53.7697,9.64134    ,54.1283,9.38688   ,54.4332,9.18403   ,54.628 ,8.92354   ,54.1825,8.82623   ,53.7481,8.87876   ,53.3489,9.01425    ,53.054 ,9.17712   ,52.7511,9.37885   ,52.396 ,9.60938    ,52.0561,9.78942   ,51.6743,9.97927   ,51.3236,10.1295   ,51.0114,10.2861   ,52.6375,-9.8769   ,0.490378   ,501,116228,51.9184,9.97421,121.882,0
1284,50.8857,10.7002   ,51.2063,10.564     ,51.5385,10.4386  ,51.9139,10.2727   ,52.2697,10.1044   ,52.6046,9.94169   ,52.9394,9.75598    ,53.234 ,9.57245   ,53.5392,9.37623   ,53.8609,9.18479     ,54.2066,9.01107   ,54.602 ,8.84161   ,50.8857,10.7002   ,51.4133,10.865     ,51.7533,10.755    ,52.1208,10.6111   ,52.4754,10.4688   ,52.8127,10.3046    ,53.1547,10.0911    ,53.4538,9.89135   ,53.7613,9.68345    ,54.09  ,9.45024   ,54.4167,9.20643   ,54.602 ,8.84161   ,54.1142,8.76519   ,53.7433,8.85694   ,53.4217,9.00435    ,53.1142,9.18857   ,52.8212,9.36293   ,52.4911,9.52951    ,52.1617,9.6942    ,51.8113,9.88494   ,51.4328,10.0772   ,51.1098,10.2217   ,52.6953,-9.84085  ,0.483673   ,509,117982,51.0774,10.2922,122.711,0
1285,50.8825,10.7922   ,51.1669,10.5822    ,51.5643,10.4253  ,51.9318,10.259    ,52.2445,10.1014   ,52.5989,9.91438   ,52.9547,9.71228    ,53.3086,9.51858   ,53.6627,9.31574   ,53.9853,9.1305      ,54.3619,8.97692   ,54.7711,8.84232   ,50.8825,10.7922   ,51.4099,10.8451    ,51.8171,10.7107   ,52.1808,10.5541   ,52.4917,10.4243   ,52.8346,10.2543    ,53.1844,10.0491    ,53.537 ,9.83776   ,53.8981,9.60723    ,54.223 ,9.38646   ,54.551 ,9.16687   ,54.7711,8.84232   ,54.3051,8.74169   ,53.8654,8.81824   ,53.5301,8.96159    ,53.1813,9.14311   ,52.8264,9.31914   ,52.4647,9.51686    ,52.0996,9.72691   ,51.7868,9.91135   ,51.4215,10.0974   ,51.0327,10.2653   ,52.7531,-9.80532  ,0.474368   ,512,119980,53.5674,10.119 ,125.296,0
1286,50.9365,10.725    ,51.2692,10.5265    ,51.6051,10.3961  ,51.988 ,10.2149   ,52.3746,10.0212   ,52.6964,9.84482   ,53.0589,9.63247    ,53.417 ,9.43655   ,53.7853,9.25812   ,54.1252,9.10554     ,54.5207,8.97376   ,54.9512,8.86686   ,50.9365,10.725    ,51.5126,10.8077    ,51.8619,10.6801   ,52.239 ,10.5174   ,52.6189,10.3585   ,52.9349,10.1841    ,53.2976,9.97704    ,53.6628,9.76404   ,54.0249,9.56105    ,54.3436,9.37425   ,54.6805,9.17052   ,54.9512,8.86686   ,54.5006,8.73948   ,54.0297,8.78957   ,53.6546,8.90327    ,53.2742,9.05582   ,52.9224,9.23164   ,52.5626,9.44287    ,52.2403,9.62786   ,51.845 ,9.85517   ,51.4614,10.0678   ,51.134 ,10.1989   ,52.85  ,-9.75707  ,0.462457   ,527,122012,54.4892,10.2344,127.882,0
1287,51.0438,10.6686   ,51.3732,10.5037    ,51.7645,10.3299  ,52.1299,10.146    ,52.5076,9.94559   ,52.8364,9.75193   ,53.2017,9.54498    ,53.5556,9.36459   ,53.922 ,9.20196   ,54.3262,9.05353     ,54.7034,8.92545   ,55.1226,8.78813   ,51.0438,10.6686   ,51.5939,10.7713    ,52.0101,10.6224   ,52.3871,10.4553   ,52.7734,10.264    ,53.0887,10.0845    ,53.4576,9.868      ,53.8192,9.67892   ,54.1766,9.50216    ,54.5386,9.31939   ,54.8662,9.13292   ,55.1226,8.78813   ,54.6665,8.67734   ,54.2364,8.74519   ,53.7765,8.8572     ,53.3944,9.00254   ,53.0474,9.16654   ,52.6911,9.35857    ,52.3521,9.56004   ,51.9781,9.78609   ,51.6256,9.98521   ,51.2653,10.1845   ,52.9975,-9.69338  ,0.454403   ,530,124019,55.2327,10.151 ,128.711,0
1288,51.1716,10.5696   ,51.5504,10.429     ,51.8987,10.2801  ,52.2678,10.0897   ,52.6289,9.8756    ,52.9887,9.67038   ,53.3404,9.48927    ,53.711 ,9.30875   ,54.1021,9.15067   ,54.457 ,9.02711     ,54.838 ,8.89269   ,55.2876,8.72695   ,51.1716,10.5696   ,51.764 ,10.7145    ,52.1342,10.5959   ,52.5055,10.4195   ,52.8721,10.2033   ,53.2332,10.0131    ,53.5919,9.83183    ,53.9802,9.62991   ,54.3573,9.4531     ,54.6681,9.29464   ,54.9983,9.10042   ,55.2876,8.72695   ,54.8073,8.63996   ,54.3695,8.71651   ,53.9623,8.80747    ,53.5527,8.93914   ,53.1905,9.09528   ,52.8453,9.27379    ,52.4894,9.48629   ,52.1323,9.70234   ,51.7731,9.91242   ,51.4564,10.095    ,53.1378,-9.64203  ,0.448541   ,537,124536,55.4516,10.2877,128.711,0
1289,51.3825,10.5889   ,51.7157,10.3995    ,52.0502,10.2261  ,52.4124,10.0234   ,52.767 ,9.82068   ,53.1238,9.61008   ,53.4756,9.42304    ,53.8388,9.26468   ,54.2123,9.11281   ,54.6125,8.96158     ,54.9893,8.82868   ,55.3953,8.65894   ,51.3825,10.5889   ,51.9443,10.6628    ,52.2901,10.5272   ,52.6453,10.3502   ,52.9987,10.1706   ,53.3634,9.95751    ,53.7209,9.76877    ,54.074 ,9.59359   ,54.4258,9.41814    ,54.8003,9.22617   ,55.1515,9.02941   ,55.3953,8.65894   ,54.9515,8.58319   ,54.5475,8.6523    ,54.1079,8.76464    ,53.7095,8.892     ,53.3314,9.02989   ,52.9858,9.2033     ,52.6366,9.41346   ,52.281 ,9.63786   ,51.9169,9.86833   ,51.6002,10.0751   ,53.2803,-9.58487  ,0.453994   ,527,122403,54.753 ,10.3441,127.539,0
1290,51.5527,10.5351   ,51.8534,10.3564    ,52.2243,10.1686  ,52.5899,9.95311   ,52.9007,9.74936   ,53.2561,9.53459   ,53.6176,9.36211    ,53.9424,9.21767   ,54.3366,9.0583    ,54.6806,8.93491     ,55.0526,8.81746   ,55.4838,8.68852   ,51.5527,10.5351   ,52.0999,10.6117    ,52.4929,10.4653   ,52.8493,10.2687   ,53.1531,10.0825   ,53.5097,9.87826    ,53.887 ,9.69778    ,54.217 ,9.53344   ,54.5894,9.33925    ,54.8904,9.1879    ,55.2147,9.01323   ,55.4838,8.68852   ,55.0182,8.58392   ,54.5903,8.64261   ,54.1969,8.73427    ,53.7784,8.85537   ,53.4554,8.97778   ,53.103 ,9.13848    ,52.751 ,9.35059   ,52.435 ,9.56857   ,52.0611,9.81735   ,51.71  ,10.0461   ,53.3864,-9.5454   ,0.456626   ,514,118231,53.5246,10.3536,125.296,0
1291,51.7236,10.5074   ,52.0102,10.2962    ,52.3446,10.0803  ,52.678 ,9.90021   ,52.961 ,9.73636   ,53.3247,9.52466   ,53.6399,9.36468    ,54.0094,9.20179   ,54.3518,9.06761   ,54.669 ,8.94969     ,55.0664,8.8229    ,55.4393,8.69247   ,51.7236,10.5074   ,52.274 ,10.5241    ,52.6215,10.3697   ,52.9658,10.1995   ,53.2551,10.0455   ,53.6193,9.86132    ,53.9369,9.70288    ,54.3   ,9.52202   ,54.6185,9.36094    ,54.9016,9.20402   ,55.2406,9.01511   ,55.4393,8.69247   ,55.0049,8.59735   ,54.5474,8.65576   ,54.1871,8.73589    ,53.8135,8.84222   ,53.4343,8.9847    ,53.12  ,9.13882    ,52.7592,9.37247   ,52.4858,9.54777   ,52.1622,9.73647   ,51.8418,10.003    ,53.4637,-9.51466  ,0.444929   ,505,116781,50.9912,10.7708,121.054,0
1292,51.885 ,10.5539   ,52.057 ,10.2764    ,52.3607,10.0523  ,52.6969,9.89053   ,53.0329,9.70072   ,53.367 ,9.51191   ,53.6992,9.33185    ,53.9939,9.2013    ,54.3603,9.06449   ,54.6997,8.93913     ,55.0715,8.81258   ,55.4428,8.69434   ,51.885 ,10.5539   ,52.3861,10.459     ,52.7366,10.2964   ,53.0655,10.1394   ,53.3872,9.97789   ,53.7099,9.81627    ,54.0328,9.65489    ,54.3088,9.51768   ,54.6313,9.35587    ,54.9278,9.18998   ,55.2459,8.9943    ,55.4428,8.69434   ,55.0214,8.59157   ,54.592 ,8.64456   ,54.1979,8.73326    ,53.781 ,8.84493   ,53.4614,8.96212   ,53.1191,9.15409    ,52.7747,9.3681    ,52.4241,9.59048   ,52.0814,9.76218   ,51.8016,10.0134   ,53.4892,-9.49637  ,0.44177    ,497,114310,50.1203,11.0136,120.468,0
1293,51.8093,10.4977   ,52.0594,10.248     ,52.3394,10.0432  ,52.6844,9.85816   ,53.0325,9.68386   ,53.3363,9.52833   ,53.6859,9.35772    ,54.0388,9.20006   ,54.3577,9.05829   ,54.7025,8.92473     ,55.0758,8.8162    ,55.4551,8.72167   ,51.8093,10.4977   ,52.3376,10.4975    ,52.6289,10.3219   ,52.9595,10.1501   ,53.3116,9.99978   ,53.6256,9.84741    ,53.9842,9.67842    ,54.3378,9.51579   ,54.6456,9.35054    ,54.9434,9.17839   ,55.2447,9.01457   ,55.4551,8.72167   ,55.0325,8.5871    ,54.5832,8.63003   ,54.1804,8.72014    ,53.8445,8.83862   ,53.4859,8.99079   ,53.1478,9.1578     ,52.8551,9.31647   ,52.5067,9.51784   ,52.1494,9.70579   ,51.8674,9.92521   ,53.5045,-9.48703  ,0.438327   ,494,114640,50.2575,10.4148,120.468,0
1294,51.7866,10.4268   ,52.0891,10.2224    ,52.3808,10.016   ,52.7199,9.81937   ,53.0493,9.66018   ,53.3866,9.50741   ,53.7608,9.32347    ,54.1   ,9.17037   ,54.4623,9.0118    ,54.8063,8.88453     ,55.1854,8.78713   ,55.5644,8.72114   ,51.7866,10.4268   ,52.3527,10.4752    ,52.6398,10.3134   ,52.9672,10.1448   ,53.3073,9.98735   ,53.6614,9.83967    ,54.0387,9.65201    ,54.38  ,9.48986   ,54.7443,9.30495    ,55.0437,9.13184   ,55.3459,8.97103   ,55.5644,8.72114   ,55.1525,8.58044   ,54.6912,8.59853   ,54.2896,8.67337    ,53.9198,8.80692   ,53.5774,8.94985   ,53.2063,9.12974    ,52.8872,9.28953   ,52.5666,9.44618   ,52.2202,9.65523   ,51.9203,9.89856   ,53.5414,-9.46581  ,0.433124   ,500,115813,51.2555,10.3423,120.225,0
1295,51.7812,10.4169   ,52.0643,10.237     ,52.4324,9.9927   ,52.7533,9.80833   ,53.1329,9.6142    ,53.5064,9.44489   ,53.8559,9.27918    ,54.2196,9.12405   ,54.5984,8.97716   ,54.9512,8.84851     ,55.3251,8.73433   ,55.7412,8.63165   ,51.7812,10.4169   ,52.3175,10.4906    ,52.7061,10.2595   ,53.0365,10.0804   ,53.4156,9.92672   ,53.7883,9.77555    ,54.1361,9.60367    ,54.4811,9.43096   ,54.8493,9.27157    ,55.1694,9.10592   ,55.4777,8.93896   ,55.7412,8.63165   ,55.2966,8.49886   ,54.8563,8.54835   ,54.461 ,8.64149    ,54.0636,8.77415   ,53.6776,8.90882   ,53.3254,9.06713    ,52.9596,9.24956   ,52.5767,9.4792    ,52.2664,9.66238   ,51.9118,9.91082   ,53.6248,-9.43182  ,0.427351   ,511,117496,53.5697,10.379 ,125.054,0
1296,51.7956,10.3964   ,52.1228,10.1916    ,52.4195,9.99277  ,52.8143,9.76677   ,53.1723,9.58813   ,53.531 ,9.42121   ,53.886 ,9.25796    ,54.2509,9.1168    ,54.621 ,8.98032   ,54.9999,8.84245     ,55.3628,8.74163   ,55.8001,8.63569   ,51.7956,10.3964   ,52.3881,10.4428    ,52.6928,10.2519   ,53.0915,10.0548   ,53.4537,9.90406   ,53.8161,9.75139    ,54.1664,9.58936    ,54.5263,9.43469   ,54.8778,9.2743     ,55.2173,9.10738   ,55.5264,8.9535    ,55.8001,8.63569   ,55.3262,8.49963   ,54.8977,8.54129   ,54.4694,8.64594    ,54.0829,8.76168   ,53.7061,8.88237   ,53.3488,9.04347    ,52.9931,9.22339   ,52.6385,9.42608   ,52.2445,9.67312   ,51.9557,9.87169   ,53.6785,-9.40807  ,0.417054   ,521,120290,53.9781,10.4033,126.468,0
1297,51.8533,10.4289   ,52.1692,10.1841    ,52.4814,9.95952  ,52.8406,9.74818   ,53.1982,9.57733   ,53.6144,9.38465   ,53.98  ,9.21551    ,54.3656,9.07509   ,54.7678,8.94319   ,55.1373,8.83052     ,55.5311,8.72189   ,55.9827,8.64079   ,51.8533,10.4289   ,52.4495,10.4226    ,52.7643,10.2121   ,53.1156,10.0322   ,53.4921,9.88089   ,53.9233,9.70533    ,54.2793,9.53559    ,54.6658,9.38965   ,55.0515,9.24333    ,55.3773,9.09236   ,55.6962,8.91796   ,55.9827,8.64079   ,55.499 ,8.49813   ,55.0253,8.52937   ,54.6038,8.60627    ,54.1776,8.72196   ,53.7869,8.85165   ,53.4106,9.01334    ,53.0067,9.22769   ,52.6672,9.41045   ,52.3027,9.64024   ,51.9896,9.86807   ,53.7629,-9.38517  ,0.406205   ,534,124295,55.7654,10.5625,130.468,0
1298,51.9054,10.351    ,52.2114,10.1566    ,52.605 ,9.8981   ,52.9238,9.71475   ,53.3313,9.51711   ,53.6802,9.35861   ,54.0754,9.17353    ,54.4589,9.03839   ,54.8746,8.91743   ,55.2537,8.82063     ,55.6539,8.73845   ,56.1198,8.66241   ,51.9054,10.351    ,52.445 ,10.4094    ,52.8572,10.203    ,53.1813,10.0278   ,53.6122,9.8316    ,53.9778,9.67875    ,54.3823,9.49271    ,54.7713,9.35551   ,55.1569,9.21648    ,55.4764,9.09111   ,55.7929,8.95077   ,56.1198,8.66241   ,55.6492,8.50213   ,55.1621,8.52064   ,54.7149,8.58419    ,54.2617,8.68575   ,53.8731,8.81244   ,53.4802,8.99147    ,53.1508,9.15737   ,52.7697,9.34687   ,52.4618,9.5273    ,52.091 ,9.82778   ,53.8357,-9.36671  ,0.393402   ,551,127445,56.2421,10.4215,131.64 ,0
1299,51.8223,10.3427   ,52.1972,10.1575    ,52.5505,9.9393   ,52.9406,9.7149    ,53.3184,9.52318   ,53.7379,9.33145   ,54.1128,9.16892    ,54.576 ,9.00658   ,54.9582,8.90175   ,55.3698,8.80855     ,55.7996,8.72032   ,56.2895,8.58064   ,51.8223,10.3427   ,52.4353,10.4133    ,52.8069,10.2261   ,53.2091,10.0124   ,53.6094,9.83228   ,54.052 ,9.64612    ,54.4495,9.48957    ,54.9106,9.31479   ,55.2656,9.19208    ,55.6177,9.06995   ,55.9701,8.9246    ,56.2895,8.58064   ,55.7729,8.48563   ,55.2624,8.51696   ,54.7845,8.57894    ,54.3635,8.66102   ,53.8891,8.80617   ,53.5272,8.96775    ,53.1333,9.1656    ,52.7812,9.35669   ,52.4087,9.58308   ,52.0781,9.83088   ,53.9063,-9.35056  ,0.381785   ,563,130713,59.3126,10.8391,135.882,0
1300,51.9497,10.3379   ,52.2488,10.1349    ,52.6037,9.91172  ,52.9741,9.70107   ,53.3505,9.5155    ,53.7303,9.34583   ,54.1122,9.18695    ,54.498 ,9.0503    ,54.887 ,8.93573   ,55.356 ,8.82038     ,55.746 ,8.72713   ,56.1812,8.62354   ,51.9497,10.3379   ,52.4679,10.379     ,52.838 ,10.2034   ,53.2064,10.0205   ,53.5787,9.85572   ,53.9519,9.69595    ,54.3263,9.54206    ,54.7016,9.39296   ,55.0802,9.26335    ,55.533 ,9.09866   ,55.9043,8.93841   ,56.1812,8.62354   ,55.7368,8.483     ,55.3352,8.50682   ,54.8506,8.57126    ,54.4496,8.65898   ,54.0523,8.77655   ,53.6605,8.9275     ,53.2738,9.10564   ,52.8914,9.30282   ,52.5173,9.5346    ,52.1636,9.80231   ,53.9094,-9.35298  ,0.381815   ,562,132140,56.4545,10.0793,138.468,0
1301,51.9497,10.3379   ,52.2515,10.133     ,52.6091,9.90854  ,52.9818,9.69666   ,53.3606,9.51084   ,53.7421,9.33737   ,54.1266,9.17858    ,54.5148,9.04163   ,54.9853,8.90976   ,55.3783,8.81254     ,55.7713,8.72714   ,56.2325,8.62305   ,51.9497,10.3379   ,52.4713,10.3776    ,52.8433,10.2006   ,53.2138,10.0172   ,53.5881,9.85136   ,53.9634,9.69051    ,54.3398,9.53566    ,54.7175,9.38738   ,55.1742,9.23012    ,55.5534,9.0906    ,55.9316,8.94537   ,56.2325,8.62305   ,55.7683,8.47986   ,55.3602,8.49852   ,54.9535,8.54908    ,54.4685,8.64856   ,54.0684,8.76517   ,53.6738,8.91617    ,53.2856,9.10017   ,52.9005,9.29803   ,52.5238,9.53065   ,52.167 ,9.79899   ,53.9494,-9.33906  ,0.377326   ,573,134981,57.0744,10.1393,137.64 ,0
1302,51.9497,10.3379   ,52.2483,10.1342    ,52.6033,9.91127  ,52.973 ,9.6984    ,53.4242,9.47405   ,53.8037,9.30371   ,54.1868,9.15192    ,54.5738,9.02442   ,54.9634,8.91575   ,55.4328,8.8025      ,55.8228,8.71453   ,56.2829,8.61078   ,51.9497,10.3379   ,52.4648,10.3802    ,52.833 ,10.2061   ,53.1995,10.0241   ,53.6424,9.82002   ,54.0136,9.66063    ,54.3873,9.514      ,54.7621,9.37387   ,55.1385,9.2438     ,55.5905,9.08919   ,55.9634,8.93803   ,56.2829,8.61078   ,55.8384,8.46067   ,55.4314,8.48064   ,54.9449,8.55042    ,54.5415,8.63179   ,54.1408,8.73659   ,53.7461,8.88138    ,53.3566,9.05459   ,52.896 ,9.29399   ,52.5202,9.52654   ,52.1659,9.80009   ,53.9738,-9.32793  ,0.375454   ,581,136284,57.7228,10.1046,140.711,0
1303,51.9497,10.3379   ,52.2524,10.1326    ,52.6106,9.90709  ,52.9834,9.69261   ,53.363 ,9.50658   ,53.8224,9.30162   ,54.2089,9.1499     ,54.5994,9.02224   ,54.993 ,8.91692   ,55.4661,8.80434     ,55.8589,8.70905   ,56.3141,8.58526   ,51.9497,10.3379   ,52.4731,10.3769    ,52.8461,10.199    ,53.2179,10.0153   ,53.5933,9.849     ,54.0444,9.65279    ,54.4236,9.50607    ,54.8051,9.37307   ,55.188 ,9.2488     ,55.6454,9.08682   ,56.0222,8.92854   ,56.3141,8.58526   ,55.852 ,8.45441   ,55.4439,8.48002   ,54.9559,8.5487     ,54.5513,8.62955   ,54.15  ,8.73998   ,53.754 ,8.88418    ,53.2855,9.09395   ,52.9   ,9.29185   ,52.5231,9.52474   ,52.1674,9.79861   ,53.9986,-9.32444  ,0.371534   ,589,137231,58.157 ,10.077 ,141.296,0
1304,51.9497,10.3379   ,52.2573,10.1309    ,52.6193,9.90223  ,52.9957,9.68611   ,53.3792,9.49915   ,53.7664,9.32998   ,54.1561,9.17372    ,54.5499,9.04142   ,55.026 ,8.90736   ,55.4245,8.81548     ,55.8207,8.71038   ,56.2636,8.5601    ,51.9497,10.3379   ,52.4834,10.3727    ,52.8623,10.1901   ,53.2408,10.0053   ,53.6225,9.83556   ,54.0052,9.67097    ,54.3903,9.51885    ,54.7779,9.38136   ,55.2454,9.23115    ,55.6336,9.09768   ,56.0171,8.93758   ,56.2636,8.5601    ,55.7821,8.44143   ,55.3739,8.49071   ,54.9661,8.54712    ,54.4808,8.6583    ,54.0792,8.7746    ,53.682 ,8.91901    ,53.2901,9.09182   ,52.9036,9.28996   ,52.5256,9.52317   ,52.1687,9.79732   ,54.0039,-9.32417  ,0.371614   ,589,137447,57.6389,10.038 ,139.882,0
1305,51.9445,10.377    ,52.2406,10.1488    ,52.5963,9.91633  ,52.9685,9.70145   ,53.3475,9.51506   ,53.7304,9.34724   ,54.1156,9.19065    ,54.505 ,9.05866   ,54.975 ,8.91892   ,55.3687,8.82213     ,55.7606,8.71825   ,56.2087,8.57411   ,51.9445,10.377    ,52.489 ,10.375     ,52.8575,10.1893   ,53.228 ,10.0114   ,53.6006,9.84375   ,53.9759,9.69011    ,54.3514,9.53733    ,54.7296,9.39943   ,55.1857,9.24767    ,55.5654,9.11948   ,55.9391,8.95451   ,56.2087,8.57411   ,55.7383,8.43851   ,55.3299,8.49211   ,54.9222,8.55339    ,54.4364,8.66736   ,54.0348,8.78681   ,53.6381,8.93701    ,53.2457,9.11035   ,52.8593,9.31166   ,52.4824,9.55103   ,52.128 ,9.83168   ,53.9716,-9.33377  ,0.37768    ,584,136786,57.2644,10.123 ,139.296,0
1306,51.9377,10.4008   ,52.2206,10.1678    ,52.5694,9.92878  ,52.9432,9.71714   ,53.3219,9.52685   ,53.7055,9.35873   ,54.0912,9.20121    ,54.481 ,9.06729   ,54.9512,8.92325   ,55.345 ,8.82198     ,55.7326,8.70686   ,56.163 ,8.52224   ,51.9377,10.4008   ,52.4736,10.3902    ,52.8434,10.2005   ,53.2159,10.0162   ,53.5921,9.84936   ,53.9705,9.69353    ,54.3494,9.54096    ,54.7305,9.40054   ,55.1905,9.24803    ,55.5713,9.10622   ,55.9293,8.91044   ,56.163 ,8.52224   ,55.6824,8.44933   ,55.2757,8.49893   ,54.8694,8.55601    ,54.3873,8.67993   ,53.9881,8.80247   ,53.5943,8.95772    ,53.204 ,9.13132   ,52.8204,9.33568   ,52.4434,9.56659   ,52.0969,9.85234   ,53.9272,-9.34815  ,0.383917   ,584,135787,57.1862,10.1353,139.296,0
1307,51.9109,10.3903   ,52.2108,10.1624    ,52.5713,9.92637  ,52.9505,9.71459   ,53.3348,9.52444   ,53.7226,9.35006   ,54.1122,9.18478    ,54.5056,9.04066   ,54.9029,8.92148   ,55.3017,8.82006     ,55.763 ,8.65828   ,56.1336,8.44423   ,51.9109,10.3903   ,52.4478,10.4049    ,52.8271,10.2142   ,53.2081,10.027    ,53.5922,9.8546    ,53.9777,9.68919    ,54.3646,9.53148    ,54.7522,9.37677   ,55.1439,9.24601    ,55.5323,9.09645   ,55.951 ,8.8047    ,56.1336,8.44423   ,55.7196,8.44137   ,55.2295,8.50088   ,54.8215,8.55652    ,54.417 ,8.65171   ,54.0168,8.77917   ,53.6217,8.93692    ,53.2312,9.11778   ,52.8453,9.31977   ,52.4659,9.54857   ,52.1095,9.82974   ,53.883 ,-9.35564  ,0.394874   ,575,134395,57.4403,10.2068,139.539,0
1308,51.9601,10.5597   ,52.1638,10.2671    ,52.4827,9.98555  ,52.8725,9.76033   ,53.2371,9.58892   ,53.6124,9.40287   ,53.9974,9.23541    ,54.3941,9.086     ,54.8342,8.95855   ,55.2483,8.86814     ,55.652 ,8.79669   ,56.0975,8.76587   ,51.9601,10.5597   ,52.4706,10.4269    ,52.811 ,10.2182   ,53.1836,10.0356   ,53.5494,9.87361   ,53.922 ,9.71314    ,54.2996,9.55614    ,54.6912,9.40942   ,55.1041,9.27768    ,55.4647,9.16834   ,55.7924,9.03432   ,56.0975,8.76587   ,55.6412,8.54289   ,55.1708,8.54103   ,54.6987,8.60681    ,54.2161,8.7233    ,53.8057,8.86984   ,53.4111,9.04001    ,53.0312,9.25423   ,52.6663,9.43449   ,52.2686,9.67458   ,51.9525,10.0053   ,53.8209,-9.40351  ,0.386201   ,552,128325,56.9006,10.37  ,133.296,0
1309,51.898 ,10.4762   ,52.1436,10.2505    ,52.501 ,9.9944   ,52.8481,9.788     ,53.1909,9.61843   ,53.5302,9.44322   ,53.9243,9.26326    ,54.2971,9.127     ,54.6774,9.04432   ,55.0403,9.01678     ,55.4645,9.02877   ,55.886 ,9.07792   ,51.898 ,10.4762   ,52.3946,10.4775    ,52.7478,10.2732   ,53.0656,10.1014   ,53.399 ,9.96372   ,53.7181,9.81251    ,54.0843,9.64016    ,54.4211,9.50272   ,54.7516,9.41009    ,55.0787,9.35596   ,55.505 ,9.29213   ,55.886 ,9.07792   ,55.5545,8.7779    ,55.1485,8.67495   ,54.7445,8.66181    ,54.2889,8.7167    ,53.866 ,8.84513   ,53.4394,9.02521    ,53.0802,9.22508   ,52.7285,9.42264   ,52.3554,9.65055   ,51.9922,9.94573   ,53.7233,-9.47388  ,0.370712   ,529,121961,53.6693,10.2427,125.983,0
1310,51.9016,10.4752   ,52.1383,10.2534    ,52.4905,10.0013  ,52.7849,9.82239   ,53.1703,9.62749   ,53.5037,9.45548   ,53.8396,9.29411    ,54.2277,9.16345   ,54.5587,9.1156    ,54.9757,9.15052     ,55.3418,9.3085    ,55.6613,9.54437   ,51.9016,10.4752   ,52.3832,10.4816    ,52.7301,10.2848   ,52.995 ,10.1349   ,53.3632,9.97898   ,53.6748,9.83342    ,53.9811,9.68033    ,54.324 ,9.55092   ,54.6034,9.49907    ,54.9624,9.51706   ,55.3031,9.59918   ,55.6613,9.54437   ,55.487 ,9.08571   ,55.1209,8.82084   ,54.6538,8.72755    ,54.2572,8.74857   ,53.7987,8.8648    ,53.4274,9.02892    ,53.0733,9.22903   ,52.6712,9.45637   ,52.3509,9.6532    ,51.991 ,9.94909   ,53.672 ,-9.53131  ,0.333851   ,516,119884,52.0841,10.3226,122.811,0
1311,51.8967,10.4783   ,52.1274,10.2572    ,52.4274,10.0427  ,52.7709,9.82331   ,53.1069,9.63627   ,53.4453,9.47434   ,53.7464,9.3408     ,54.1237,9.21074   ,54.5178,9.16983   ,54.8362,9.28227     ,55.1189,9.50618   ,55.392 ,9.82842   ,51.8967,10.4783   ,52.3619,10.4924    ,52.655 ,10.3315   ,52.9541,10.1547   ,53.2611,10.0207   ,53.5667,9.88626    ,53.818 ,9.75798    ,54.1401,9.62521   ,54.4918,9.57707    ,54.7657,9.6635    ,55.022 ,9.80153   ,55.392 ,9.82842   ,55.2998,9.29418   ,55.0062,8.96501   ,54.6539,8.77922    ,54.2212,8.76924   ,53.777 ,8.88119   ,53.4229,9.01608    ,53.0484,9.20538   ,52.684 ,9.43338   ,52.3   ,9.6874    ,51.9898,9.94732   ,53.5992,-9.58304  ,0.306622   ,504,117054,50.4249,10.817 ,119.64 ,0
1312,51.9103,10.4789   ,52.1275,10.2557    ,52.4114,10.0662  ,52.6933,9.8866    ,53.0029,9.6945    ,53.3225,9.52662   ,53.6429,9.41033    ,53.9924,9.33938   ,54.3308,9.35137   ,54.6264,9.47934     ,54.8776,9.76391   ,55.0257,10.0891   ,51.9103,10.4789   ,52.3133,10.5362    ,52.5657,10.4203   ,52.7904,10.2848   ,53.0455,10.1381   ,53.313 ,9.99993    ,53.544 ,9.88872    ,53.7859,9.7979    ,54.0641,9.77659    ,54.3705,9.8604    ,54.706 ,10.0337   ,55.0257,10.0891   ,55.0988,9.57733   ,54.9557,9.15489   ,54.6885,8.9488     ,54.299 ,8.87094   ,53.8393,8.90516   ,53.4187,9.0154     ,53.0368,9.20691   ,52.675 ,9.4378    ,52.339 ,9.66005   ,52.0197,9.91927   ,53.5162,-9.65917  ,0.275932   ,492,114515,46.9387,12.9939,113.983,0
1313,51.9483,10.5223   ,52.1381,10.2776    ,52.3732,10.087   ,52.659 ,9.89672   ,52.9684,9.71737   ,53.2661,9.56142   ,53.5545,9.4376     ,53.8819,9.36924   ,54.2154,9.45094   ,54.4469,9.67167     ,54.5947,9.96424   ,54.6812,10.3032   ,51.9483,10.5223   ,52.3462,10.5457    ,52.5565,10.4275   ,52.784 ,10.287    ,53.0345,10.1511   ,53.2842,10.0202    ,53.5133,9.90729    ,53.7681,9.83472   ,54.0302,9.8757     ,54.2145,10.0204   ,54.3781,10.1956   ,54.6812,10.3032   ,54.8471,9.831     ,54.7401,9.4152    ,54.4882,9.08242    ,54.0928,8.90398   ,53.6856,8.93856   ,53.325 ,9.06464    ,52.9769,9.24341   ,52.6137,9.45781   ,52.2723,9.68729   ,52.0033,9.94359   ,53.4368,-9.72646  ,0.250951   ,485,113215,44.8691,12.0894,110.569,0
1314,51.9412,10.5245   ,52.1186,10.2825    ,52.3494,10.0958  ,52.6314,9.90641   ,52.9032,9.74427   ,53.2082,9.59091   ,53.5168,9.49398    ,53.8545,9.45766   ,54.148 ,9.53288   ,54.3458,9.80919     ,54.3785,10.1211   ,54.3559,10.4628   ,51.9412,10.5245   ,52.3037,10.5647    ,52.4983,10.4634   ,52.7086,10.3313   ,52.9093,10.2169   ,53.1366,10.0988    ,53.3374,9.9909     ,53.5456,9.88486   ,53.763 ,9.83865    ,53.9499,10.0136   ,54.0668,10.2632   ,54.3559,10.4628   ,54.6903,10.0634   ,54.7632,9.6936    ,54.6025,9.27363    ,54.2556,9.03514   ,53.7926,8.97796   ,53.3604,9.04973    ,52.9734,9.22966   ,52.633 ,9.43304   ,52.2818,9.66921   ,52.005 ,9.9366    ,53.3856,-9.77467  ,0.23007    ,483,112277,43.9673,13.6202,110.569,0
1315,51.97  ,10.5465   ,52.1026,10.296     ,52.3593,10.0857  ,52.6683,9.88347   ,52.9306,9.72889   ,53.2366,9.58868   ,53.5876,9.51176    ,53.9133,9.53813   ,54.197 ,9.74365   ,54.229 ,10.0689     ,54.0684,10.3601   ,53.8178,10.5768   ,51.97  ,10.5465   ,52.2801,10.5743    ,52.4726,10.4797   ,52.676 ,10.3507   ,52.8478,10.2449   ,53.0506,10.1276    ,53.2666,10.0156    ,53.4904,9.9274    ,53.7593,9.91762    ,53.8132,10.1115   ,53.7488,10.3354   ,53.8178,10.5768   ,54.3349,10.4491   ,54.6187,10.1035   ,54.6703,9.63072    ,54.4071,9.17288   ,53.9972,9.00201   ,53.5057,9.02179    ,53.0876,9.17341   ,52.7361,9.3695    ,52.3245,9.63633   ,51.9912,9.95467   ,53.3665,-9.82233  ,0.208835   ,493,115500,45.4033,15.3235,114.225,0
1316,51.9516,10.5461   ,52.1355,10.2698    ,52.4258,10.0406  ,52.7184,9.84513   ,53.0121,9.67251   ,53.3534,9.56093   ,53.733 ,9.53324    ,54.0802,9.64942   ,54.1796,10.0035   ,54.027 ,10.3006     ,53.7921,10.5778   ,53.4973,10.8335   ,51.9516,10.5461   ,52.3254,10.5585    ,52.5512,10.4305   ,52.7619,10.2902   ,52.9727,10.1565   ,53.1922,10.0403    ,53.4198,9.94741    ,53.6732,9.90907   ,53.7382,10.1175    ,53.6175,10.3345   ,53.4951,10.553    ,53.4973,10.8335   ,54.0209,10.673    ,54.3744,10.3495   ,54.5955,9.97704    ,54.5468,9.44839   ,54.1487,9.12799   ,53.6227,9.06289    ,53.1405,9.14742   ,52.7568,9.34669   ,52.386 ,9.59091   ,52.0228,9.91258   ,53.3395,-9.88894  ,0.18869    ,501,117412,49.1047,13.4501,119.64 ,0
1317,51.8887,10.4762   ,52.0979,10.2471    ,52.4006,10.0372  ,52.6916,9.85228   ,53.0138,9.66693   ,53.3482,9.56303   ,53.7043,9.54859    ,54.0529,9.72244   ,54.1026,10.0221   ,53.9396,10.3647     ,53.719 ,10.6373   ,53.4408,10.9041   ,51.8887,10.4762   ,52.2401,10.538     ,52.4914,10.4439   ,52.7093,10.3224   ,52.9475,10.1749   ,53.1647,10.0549    ,53.389 ,9.95694    ,53.6497,9.92563   ,53.6602,10.11      ,53.5324,10.3722   ,53.427 ,10.6116   ,53.4408,10.9041   ,53.9462,10.7362   ,54.2883,10.438    ,54.5225,10.025     ,54.5026,9.59016   ,54.1137,9.15589   ,53.6353,9.05438    ,53.1681,9.12089   ,52.7528,9.33198   ,52.3964,9.575     ,52.0388,9.89393   ,53.3099,-9.91128  ,0.157177   ,497,117342,48.4208,13.56  ,116.468,0
1318,51.9745,10.4682   ,52.1586,10.2305    ,52.4287,10.0303  ,52.7413,9.82641   ,53.0124,9.67332   ,53.3483,9.55669   ,53.7055,9.58485    ,53.9428,9.79078   ,53.9733,10.1236   ,53.8464,10.4481     ,53.6455,10.7203   ,53.3765,10.9918   ,51.9745,10.4682   ,52.3245,10.5241    ,52.5436,10.4324   ,52.77  ,10.2896   ,52.9645,10.1623   ,53.1975,10.0409    ,53.4357,9.98376    ,53.5708,10.0702   ,53.5191,10.2641    ,53.4154,10.4741   ,53.3301,10.6959   ,53.3765,10.9918   ,53.9026,10.813    ,54.2248,10.5068   ,54.4071,10.0809    ,54.3505,9.59888   ,54.0585,9.2217    ,53.5889,9.05972    ,53.1401,9.14628   ,52.7891,9.31603   ,52.3933,9.574     ,52.0654,9.87796   ,53.2818,-9.96015  ,0.14497    ,504,117585,46.4753,12.9559,117.054,0
1319,51.9665,10.4818   ,52.1666,10.2212    ,52.4541,10.013   ,52.7389,9.82976   ,53.0629,9.65649   ,53.4111,9.56092   ,53.7589,9.5939     ,53.9929,9.87367   ,53.9666,10.1968   ,53.7837,10.5319     ,53.5551,10.7958   ,53.2547,11.0313   ,51.9665,10.4818   ,52.3329,10.5275    ,52.5546,10.4276   ,52.754 ,10.2992   ,52.9785,10.1522   ,53.2163,10.0331    ,53.4573,9.98315    ,53.5703,10.1368   ,53.4898,10.3277    ,53.3627,10.5507   ,53.2595,10.755    ,53.2547,11.0313   ,53.7825,10.9053   ,54.1441,10.592    ,54.4129,10.1552    ,54.4273,9.70046   ,54.138 ,9.237     ,53.6958,9.08224    ,53.231 ,9.1259    ,52.8036,9.31171   ,52.4368,9.543     ,52.0787,9.85287   ,53.2738,-9.98114  ,0.137668   ,507,117772,48.4527,13.0603,118.468,0
1320,51.8569,10.3726   ,52.1076,10.1829    ,52.4333,10.001   ,52.7406,9.80719   ,53.0763,9.64211   ,53.4338,9.5604    ,53.7781,9.64228    ,53.956 ,9.96963   ,53.8704,10.2969   ,53.6905,10.623      ,53.4731,10.9575   ,53.256 ,11.2683   ,51.8569,10.3726   ,52.2367,10.5164    ,52.5027,10.4238   ,52.7319,10.2852   ,52.9706,10.1382   ,53.2165,10.0201    ,53.4632,10.0059    ,53.4873,10.244    ,53.3786,10.4568    ,53.2704,10.6831   ,53.1954,10.9753   ,53.256 ,11.2683   ,53.7001,11.0231   ,54.0548,10.6505   ,54.3185,10.2334    ,54.4193,9.78365   ,54.1668,9.33017   ,53.7416,9.10078    ,53.2685,9.11348   ,52.8328,9.28033   ,52.4558,9.52072   ,52.0692,9.80413   ,53.2504,-10.0262  ,0.120991   ,515,119787,49.6975,13.0877,122.468,0
1321,51.7673,10.3693   ,52.069 ,10.2008    ,52.3961,10.0219  ,52.7092,9.82223   ,53.0276,9.67937   ,53.3755,9.61251   ,53.7555,9.70197    ,53.8766,10.0202   ,53.8078,10.3742   ,53.6404,10.6882     ,53.4157,11.0288   ,53.1873,11.3334   ,51.7673,10.3693   ,52.1775,10.5303    ,52.4599,10.4413   ,52.7035,10.2997   ,52.9253,10.1634   ,53.1531,10.0544    ,53.4245,10.0609    ,53.4103,10.3075   ,53.2818,10.5684    ,53.1729,10.8173   ,53.1059,11.0903   ,53.1873,11.3334   ,53.6592,11.0623   ,54.0485,10.6541   ,54.2959,10.2672    ,54.3448,9.82192   ,54.1435,9.40447   ,53.6959,9.16654    ,53.2266,9.16645   ,52.8023,9.29443   ,52.4248,9.54378   ,52.0519,9.82857   ,53.2132,-10.0715  ,0.0721725  ,509,119474,49.8165,12.9747,120.468,0
1322,51.7604,10.3641   ,52.0548,10.2027    ,52.3789,10.0296  ,52.6929,9.83463   ,53.0152,9.69574   ,53.4175,9.64624   ,53.7153,9.82078    ,53.8026,10.1669   ,53.6978,10.5301   ,53.5248,10.8419     ,53.3285,11.1535   ,53.1326,11.499    ,51.7604,10.3641   ,52.1414,10.5402    ,52.416 ,10.4642   ,52.6535,10.3292   ,52.866 ,10.1929   ,53.1449,10.0708    ,53.3526,10.1491    ,53.3154,10.4113   ,53.1878,10.6961    ,53.091 ,10.95     ,53.0395,11.1973   ,53.1326,11.499    ,53.5654,11.19     ,53.903 ,10.8251   ,54.1646,10.4517    ,54.2819,10.0155   ,54.1275,9.56881   ,53.7732,9.23958    ,53.2583,9.17031   ,52.8213,9.29125   ,52.4339,9.53764   ,52.0583,9.82459   ,53.175 ,-10.1264  ,-0.011752  ,505,118447,49.8917,13.4327,124.711,0
1323,51.7751,10.3868   ,52.0447,10.2031    ,52.4117,10.0071  ,52.7293,9.81037   ,53.0932,9.66557   ,53.4506,9.64837   ,53.7485,9.88621    ,53.7899,10.2373   ,53.6688,10.5894   ,53.47  ,10.9426     ,53.258 ,11.2516   ,52.9843,11.5392   ,51.7751,10.3868   ,52.1502,10.537     ,52.4789,10.4324   ,52.7271,10.2812   ,52.9565,10.1429   ,53.1956,10.0658    ,53.3626,10.2152    ,53.2913,10.4729   ,53.1726,10.7474    ,53.0648,11.0284   ,52.9861,11.2738   ,52.9843,11.5392   ,53.4651,11.3125   ,53.8186,10.9467   ,54.1213,10.5184    ,54.2733,10.0909   ,54.1667,9.63909   ,53.7884,9.25638    ,53.3231,9.16473   ,52.8174,9.29413   ,52.4204,9.53284   ,52.023 ,9.83112   ,53.163 ,-10.1503  ,-0.0450785 ,515,119274,51.3949,12.9228,123.882,0
1324,51.8818,10.3952   ,52.114 ,10.1676    ,52.4071,9.98262  ,52.7344,9.79378   ,53.0541,9.68934   ,53.4419,9.6971    ,53.6869,9.94496    ,53.7067,10.2961   ,53.5918,10.6278   ,53.4456,10.9619     ,53.3235,11.2737   ,53.1717,11.6467   ,51.8818,10.3952   ,52.267 ,10.5027    ,52.5063,10.4137   ,52.7515,10.2657   ,52.9584,10.1464   ,53.1903,10.096     ,53.2742,10.2688    ,53.2019,10.5145   ,53.1133,10.7878    ,53.0563,11.0906   ,53.0524,11.361    ,53.1717,11.6467   ,53.562 ,11.2757   ,53.7985,10.9207   ,54.0346,10.5486    ,54.1929,10.1646   ,54.1254,9.70613   ,53.7795,9.33222    ,53.2488,9.21579   ,52.8016,9.28342   ,52.3917,9.49903   ,52.0412,9.78202   ,53.1321,-10.1898  ,-0.391786  ,515,120089,48.6482,12.8893,120.569,0
1325,51.7837,10.4168   ,52.0511,10.2082    ,52.3618,10.0152  ,52.7036,9.80013   ,53.0266,9.68045   ,53.4014,9.70067   ,53.6166,10.0154    ,53.6264,10.3556   ,53.512 ,10.7409   ,53.3653,11.0892     ,53.2269,11.4354   ,53.0399,11.7573   ,51.7837,10.4168   ,52.1906,10.5347    ,52.4574,10.4343   ,52.7266,10.2554   ,52.9403,10.1145   ,53.1613,10.0979    ,53.1999,10.3761    ,53.1335,10.6231   ,53.044 ,10.9146    ,52.9759,11.2247   ,52.9439,11.5138   ,53.0399,11.7573   ,53.475 ,11.4402   ,53.7184,11.0413   ,53.9431,10.6556    ,54.1028,10.1894   ,54.0511,9.74626   ,53.7173,9.34729    ,53.2124,9.22894   ,52.766 ,9.30023   ,52.3553,9.53761   ,51.9967,9.83131   ,53.095 ,-10.2351  ,-0.881269  ,511,118733,50.458 ,13.023 ,121.64 ,0
1326,51.8872,10.4862   ,52.0734,10.2261    ,52.3622,10.0097  ,52.6931,9.79086   ,53.0236,9.66524   ,53.3622,9.79098   ,53.5388,10.0997    ,53.574 ,10.4762   ,53.4985,10.8187   ,53.3448,11.1479     ,53.1769,11.4854   ,52.9713,11.7995   ,51.8872,10.4862   ,52.2857,10.4965    ,52.5375,10.3675   ,52.792 ,10.2014   ,53.0298,10.1082   ,53.1904,10.247     ,53.1799,10.4746    ,53.1088,10.7101   ,53.0273,10.95      ,52.9421,11.233    ,52.8808,11.5107   ,52.9713,11.7995   ,53.4315,11.5426   ,53.7057,11.146    ,53.9356,10.7729    ,54.0294,10.3487   ,53.9249,9.8287    ,53.6013,9.40692    ,53.1078,9.21914   ,52.6726,9.33509   ,52.273 ,9.59144   ,51.9366,9.89267   ,53.0844,-10.2855  ,-1.06818   ,509,119553,49.4782,12.1287,119.64 ,0
1327,51.8656,10.439    ,52.0746,10.1946    ,52.3715,9.98412  ,52.7101,9.7751    ,53.0507,9.6725    ,53.38  ,9.81696   ,53.5604,10.1465    ,53.5727,10.4887   ,53.4735,10.8643   ,53.3235,11.2147     ,53.184 ,11.5285   ,53.0013,11.8917   ,51.8656,10.439    ,52.2524,10.4754    ,52.517 ,10.3518   ,52.7917,10.1934   ,53.045 ,10.1128   ,53.1921,10.2752    ,53.1626,10.541     ,53.0821,10.7752   ,52.9795,11.0436    ,52.8963,11.3304   ,52.8704,11.5988   ,53.0013,11.8917   ,53.4586,11.5479   ,53.7105,11.1873   ,53.9338,10.7735    ,54.0484,10.3005   ,53.9777,9.84665   ,53.6321,9.42747    ,53.1466,9.23774   ,52.7098,9.31483   ,52.3137,9.55783   ,51.9757,9.85361   ,53.0802,-10.3372  ,-1.24974   ,521,120369,49.9225,13.2036,121.64 ,0
1328,51.909 ,10.5596   ,52.0586,10.2614    ,52.3504,10.0143  ,52.7071,9.77523   ,53.0644,9.66699   ,53.4009,9.79826   ,53.5659,10.1694    ,53.5527,10.5668   ,53.4291,10.9337   ,53.2773,11.2889     ,53.1299,11.6064   ,52.8812,11.9536   ,51.909 ,10.5596   ,52.2758,10.5267    ,52.5185,10.3673   ,52.7917,10.1807   ,53.0561,10.0921   ,53.2076,10.249     ,53.1635,10.5455    ,53.0634,10.8127   ,52.9608,11.0857    ,52.8741,11.3838   ,52.8089,11.6399   ,52.8812,11.9536   ,53.406 ,11.6629   ,53.6391,11.2842   ,53.8617,10.8703    ,54.0197,10.4179   ,53.9793,9.89067   ,53.655 ,9.41179    ,53.167 ,9.24764   ,52.708 ,9.32336   ,52.2738,9.5931    ,51.9134,9.92352   ,53.0711,-10.3616  ,-1.28272   ,520,120862,52.5342,12.8301,125.296,0
1329,51.8733,10.4462   ,52.0804,10.1835    ,52.4239,9.93125  ,52.7374,9.74963   ,53.117 ,9.69526   ,53.404 ,9.92034   ,53.5131,10.3293    ,53.4847,10.6997   ,53.3841,11.0849   ,53.2514,11.4294     ,53.1276,11.8233   ,53.0044,12.1923   ,51.8733,10.4462   ,52.2519,10.4564    ,52.5476,10.3052   ,52.7843,10.1714   ,53.0445,10.1542   ,53.1281,10.4192    ,53.0765,10.7345    ,53.0022,10.9748   ,52.925 ,11.2656    ,52.8792,11.5819   ,52.8795,11.9389   ,53.0044,12.1923   ,53.3507,11.7955   ,53.5918,11.3632   ,53.8116,10.992     ,53.9484,10.5278   ,53.9514,10.0285   ,53.7227,9.49776    ,53.2686,9.26267   ,52.7764,9.28992   ,52.3914,9.49727   ,51.9863,9.84712   ,53.0585,-10.4102  ,-1.34847   ,526,122074,52.3877,13.788 ,126.811,0
1330,51.848 ,10.4428   ,52.0625,10.1847    ,52.3729,9.96509  ,52.711 ,9.79489   ,53.0731,9.76573   ,53.3788,10.0035   ,53.4862,10.3363    ,53.448 ,10.7419   ,53.3531,11.0975   ,53.2476,11.4323     ,53.1387,11.8163   ,53.0193,12.1834   ,51.848 ,10.4428   ,52.1958,10.486     ,52.4629,10.3685   ,52.7162,10.2397   ,52.9447,10.2055   ,53.0541,10.4282    ,53.0374,10.7019    ,52.9743,11.0161   ,52.9153,11.3015    ,52.8764,11.5971   ,52.8773,11.9275   ,53.0193,12.1834   ,53.3786,11.7879   ,53.5934,11.3524   ,53.7647,10.9783    ,53.9012,10.5589   ,53.9408,10.0588   ,53.7474,9.65613    ,53.2872,9.35015   ,52.7949,9.32336   ,52.3656,9.50994   ,51.9999,9.82775   ,53.0341,-10.4469  ,-1.33006   ,515,120005,50.8004,13.6003,122.569,0
1331,51.8659,10.4746   ,52.0742,10.1932    ,52.393 ,9.96358  ,52.737 ,9.79344   ,53.1062,9.79002   ,53.3546,10.0542   ,53.4353,10.4444    ,53.3994,10.7819   ,53.3075,11.1568   ,53.1881,11.5472     ,53.0708,11.9219   ,52.8819,12.2518   ,51.8659,10.4746   ,52.2357,10.4822    ,52.5022,10.3526   ,52.7504,10.224    ,52.986 ,10.236    ,53.0442,10.4869    ,52.9994,10.7955    ,52.9432,11.0422   ,52.8773,11.3292    ,52.8163,11.6632   ,52.7844,11.9808   ,52.8819,12.2518   ,53.3279,11.9424   ,53.5346,11.5168   ,53.7111,11.0733    ,53.8366,10.6182   ,53.8699,10.1883   ,53.6997,9.69988    ,53.2977,9.38069   ,52.8095,9.33684   ,52.3693,9.52156   ,51.9846,9.84494   ,53.0078,-10.5042  ,-1.33426   ,510,118422,51.5725,13.0173,122.569,0
1332,51.839 ,10.4151   ,52.0657,10.1582    ,52.3955,9.94346  ,52.738 ,9.78684   ,53.1188,9.81772   ,53.3377,10.1221   ,53.4043,10.5004    ,53.3671,10.8733   ,53.2819,11.2459   ,53.1723,11.6277     ,53.0645,11.9885   ,52.9128,12.3429   ,51.839 ,10.4151   ,52.184 ,10.4695    ,52.449 ,10.3514   ,52.6958,10.2199   ,52.9396,10.2447   ,52.9877,10.5624    ,52.9522,10.8872    ,52.897 ,11.1705   ,52.8409,11.4554    ,52.7957,11.7789   ,52.7902,12.0884   ,52.9128,12.3429   ,53.3146,11.9683   ,53.5242,11.557    ,53.6993,11.1254    ,53.819 ,10.6716   ,53.8572,10.2038   ,53.7127,9.75973    ,53.3579,9.43461   ,52.864 ,9.33096   ,52.4279,9.4861    ,52.0242,9.7929    ,52.9943,-10.5442  ,-1.35474   ,520,119720,51.6676,13.9086,123.983,0
1333,51.9522,10.5645   ,52.0868,10.2379    ,52.3841,9.95427  ,52.7219,9.77882   ,53.1066,9.78815   ,53.3505,10.0615   ,53.4242,10.475     ,53.3861,10.8447   ,53.305 ,11.2206   ,53.1924,11.6086     ,53.0473,12.0114   ,52.8283,12.335    ,51.9522,10.5645   ,52.2943,10.5111    ,52.487 ,10.348    ,52.7081,10.195    ,52.9633,10.1976   ,53.0374,10.4795    ,52.9884,10.8378    ,52.927 ,11.1176   ,52.8642,11.3987    ,52.8006,11.7284   ,52.7444,12.0802   ,52.8283,12.335    ,53.3109,12.0287   ,53.5543,11.5803   ,53.7191,11.1442    ,53.8255,10.6817   ,53.8594,10.2134   ,53.6926,9.72602    ,53.3234,9.41951   ,52.8245,9.33682   ,52.3621,9.50316   ,51.9444,9.88846   ,53.0024,-10.5481  ,-1.33245   ,522,120978,53.2908,13.1436,127.64 ,0
1334,51.8735,10.4942   ,52.0991,10.1821    ,52.3934,9.94981  ,52.798 ,9.76523   ,53.1658,9.83813   ,53.3761,10.1891   ,53.4177,10.5671    ,53.3625,10.993    ,53.277 ,11.357    ,53.1501,11.7781     ,53.0107,12.1441   ,52.7772,12.5047   ,51.8735,10.4942   ,52.2574,10.4888    ,52.4991,10.3465   ,52.7965,10.1826   ,53.0184,10.2848   ,53.0272,10.6458    ,52.9695,10.9661    ,52.9011,11.2865   ,52.8411,11.566     ,52.7669,11.9195   ,52.7148,12.2163   ,52.7772,12.5047   ,53.2631,12.1616   ,53.5039,11.7284   ,53.6857,11.2457    ,53.8026,10.808    ,53.8615,10.2703   ,53.7455,9.82023    ,53.3752,9.4447    ,52.8904,9.33006   ,52.3755,9.49702   ,52.019 ,9.80456   ,53.0061,-10.6123  ,-1.39892   ,537,124365,54.9168,13.8743,130.225,0
1335,51.8586,10.4879   ,52.0738,10.2081    ,52.4048,9.94743  ,52.7736,9.76961   ,53.1551,9.83402   ,53.3754,10.1908   ,53.418 ,10.5725    ,53.36  ,11.0056   ,53.2714,11.3762   ,53.1541,11.7583     ,53.011 ,12.1759   ,52.8173,12.531    ,51.8586,10.4879   ,52.2293,10.5044    ,52.5096,10.3361   ,52.7815,10.1834   ,53.0164,10.2864   ,53.0305,10.6579    ,52.9685,10.9791    ,52.897 ,11.3029   ,52.8353,11.5889    ,52.7659,11.9128   ,52.7072,12.2582   ,52.8173,12.531    ,53.2771,12.1855   ,53.5128,11.697    ,53.6792,11.2629    ,53.8009,10.8188   ,53.8625,10.2692   ,53.7412,9.81268    ,53.3583,9.4362    ,52.8595,9.33369   ,52.3894,9.50109   ,51.9921,9.84422   ,53.0148,-10.6299  ,-1.41456   ,536,125170,54.9892,14.0008,131.054,0
1336,51.8678,10.4959   ,52.0943,10.2057    ,52.4351,9.93571  ,52.8101,9.76158   ,53.1757,9.88503   ,53.355 ,10.2594   ,53.383 ,10.6232    ,53.3342,11.0584   ,53.2388,11.4356   ,53.0959,11.8667     ,52.942 ,12.2477   ,52.7179,12.5904   ,51.8678,10.4959   ,52.277 ,10.4907    ,52.574 ,10.3102   ,52.8616,10.1787   ,53.0402,10.3899   ,53.0094,10.7399    ,52.9534,11.0077    ,52.8789,11.3032   ,52.8047,11.5903    ,52.7131,11.9656   ,52.6434,12.2899   ,52.7179,12.5904   ,53.1947,12.2984   ,53.446 ,11.8635   ,53.6415,11.3792    ,53.7661,10.9295   ,53.807 ,10.3658   ,53.7227,9.8936     ,53.3706,9.45301   ,52.8528,9.32786   ,52.3877,9.50249   ,51.9879,9.85027   ,52.9975,-10.6681  ,-1.43489   ,542,125349,55.5405,13.5736,131.054,0
1337,51.9935,10.55     ,52.1387,10.2069    ,52.4315,9.93093  ,52.8071,9.78544   ,53.1642,9.91421   ,53.3452,10.2606   ,53.3716,10.6491    ,53.3279,11.0568   ,53.2436,11.4157   ,53.1098,11.8209     ,52.9772,12.1713   ,52.7207,12.5247   ,51.9935,10.55     ,52.3667,10.4687    ,52.6012,10.2937   ,52.8369,10.188    ,52.9694,10.4012   ,52.9759,10.7433    ,52.9345,11.0363    ,52.8726,11.3076   ,52.8081,11.5724    ,52.7256,11.9121   ,52.6589,12.2028   ,52.7207,12.5247   ,53.2563,12.2242   ,53.4642,11.8187   ,53.6504,11.3525    ,53.763 ,10.9156   ,53.8029,10.3804   ,53.7346,9.88092    ,53.4245,9.49648   ,52.88  ,9.37972   ,52.3467,9.51298   ,51.9722,9.86855   ,53.0039,-10.6613  ,-1.42169   ,536,124900,53.9723,14.0866,127.74 ,0
1338,51.9783,10.5159   ,52.1384,10.1923    ,52.4425,9.92604  ,52.8267,9.78788   ,53.213 ,9.96322   ,53.3612,10.3389   ,53.3687,10.7446    ,53.3132,11.15     ,53.2234,11.5086   ,53.0938,11.9352     ,52.9837,12.298    ,52.8369,12.7167   ,51.9783,10.5159   ,52.3506,10.4741    ,52.5918,10.3017   ,52.8323,10.1941   ,52.9736,10.4491   ,52.9718,10.7993    ,52.9268,11.097     ,52.8624,11.3777   ,52.7975,11.6616    ,52.7329,12.051    ,52.7051,12.3848   ,52.8369,12.7167   ,53.238 ,12.2993   ,53.4255,11.9116   ,53.6211,11.4527    ,53.7414,11.0305   ,53.801 ,10.512    ,53.7635,9.98798    ,53.5102,9.55606   ,52.9245,9.38031   ,52.3804,9.49692   ,51.9913,9.83746   ,53.0097,-10.695   ,-1.43401   ,543,126655,55.2073,13.903 ,131.74 ,0
1339,51.9847,10.5144   ,52.1475,10.1786    ,52.4541,9.93908  ,52.8744,9.82156   ,53.2142,10.0102   ,53.3551,10.3904   ,53.3593,10.7681    ,53.3008,11.2084   ,53.2205,11.559    ,53.1191,11.9962     ,53.0374,12.3709   ,52.9423,12.7981   ,51.9847,10.5144   ,52.3598,10.4659    ,52.5846,10.3186   ,52.8377,10.2589   ,52.965 ,10.5097   ,52.961 ,10.8623    ,52.916 ,11.133     ,52.8517,11.4422   ,52.8066,11.7317    ,52.7804,12.1364   ,52.7973,12.4934   ,52.9423,12.7981   ,53.2596,12.3392   ,53.4364,11.9522   ,53.6105,11.4834    ,53.7289,11.0785   ,53.7943,10.5164   ,53.7588,10.0199    ,53.5146,9.58036   ,53.0045,9.3955    ,52.4116,9.51049   ,51.9996,9.82638   ,53.014 ,-10.733   ,-1.43414   ,545,126761,55.029 ,14.2287,130.083,0
1340,51.9611,10.5108   ,52.1497,10.1993    ,52.4476,9.96566  ,52.8572,9.85544   ,53.1949,10.0371   ,53.3497,10.4064   ,53.3631,10.7817    ,53.3126,11.1689   ,53.2208,11.5896   ,53.1246,11.987      ,53.0492,12.3746   ,52.9758,12.7876   ,51.9611,10.5108   ,52.3399,10.4706    ,52.5725,10.3362   ,52.828 ,10.2598   ,52.9651,10.4662   ,52.9677,10.7886    ,52.9206,11.0825    ,52.8594,11.38     ,52.8015,11.7396    ,52.7768,12.1249   ,52.8012,12.4938   ,52.9758,12.7876   ,53.2833,12.3493   ,53.4497,11.9466   ,53.6155,11.5408    ,53.7451,11.0661   ,53.7976,10.5921   ,53.7462,10.1275    ,53.4835,9.68789   ,52.9887,9.46202   ,52.4196,9.5437    ,52.0334,9.85496   ,53.0169,-10.7792  ,-1.40252   ,525,122589,54.0604,12.5264,125.74 ,0
1341,51.9784,10.504    ,52.1622,10.1948    ,52.4557,9.97518  ,52.8159,9.91816   ,53.1096,10.1787   ,53.2508,10.5089   ,53.2927,10.8869    ,53.2627,11.2728   ,53.1993,11.6357   ,53.1226,12.0225     ,53.0635,12.3939   ,52.9739,12.803    ,51.9784,10.504    ,52.3491,10.4588    ,52.5803,10.3496   ,52.8062,10.3746   ,52.8879,10.6476   ,52.8869,10.9193    ,52.8592,11.2066    ,52.824 ,11.5045   ,52.794 ,11.8136    ,52.781 ,12.174    ,52.803 ,12.5096   ,52.9739,12.803    ,53.3117,12.3664   ,53.4471,11.9658   ,53.5846,11.5569    ,53.6859,11.1481   ,53.7244,10.6785   ,53.6384,10.2026    ,53.3829,9.79458   ,52.9004,9.49173   ,52.4106,9.56157   ,52.041 ,9.86811   ,52.9827,-10.8432  ,-1.38639   ,510,119146,51.6007,12.736 ,122.912,0
1342,51.9568,10.478    ,52.135 ,10.1858    ,52.4591,9.99811  ,52.8266,10.0037   ,53.0849,10.2416   ,53.1907,10.589    ,53.218 ,10.9542    ,53.2101,11.3392   ,53.1803,11.7066   ,53.1328,12.0875     ,53.0778,12.4699   ,52.9701,12.8325   ,51.9568,10.478    ,52.2753,10.4702    ,52.4977,10.3941   ,52.6882,10.4717   ,52.7718,10.7396   ,52.7959,11.0406    ,52.7993,11.325     ,52.7956,11.6179   ,52.7923,11.9127    ,52.7963,12.2399   ,52.825 ,12.5696   ,52.9701,12.8325   ,53.3183,12.449    ,53.457 ,12.0245   ,53.5574,11.6004    ,53.6182,11.1687   ,53.6379,10.693    ,53.5992,10.2362    ,53.4361,9.81944   ,53.0374,9.56767   ,52.5027,9.57987   ,52.0559,9.84891   ,52.9624,-10.8847  ,-1.38353   ,508,118573,50.3845,13.9432,119.012,0
1343,51.965 ,10.4929   ,52.1656,10.1959    ,52.4876,10.0016  ,52.842 ,10.0273   ,53.1072,10.3028   ,53.2024,10.651    ,53.2104,11.006     ,53.1862,11.3945   ,53.1474,11.7914   ,53.1063,12.1722     ,53.0725,12.5266   ,53.0055,12.9375   ,51.965 ,10.4929   ,52.3483,10.4741    ,52.5978,10.4009   ,52.7794,10.5176   ,52.822 ,10.7926   ,52.8039,11.057     ,52.7811,11.3117    ,52.7668,11.6116   ,52.7624,11.9518    ,52.7747,12.3032   ,52.8155,12.6285   ,53.0055,12.9375   ,53.3208,12.5193   ,53.4272,12.1464   ,53.5203,11.7424    ,53.5955,11.291    ,53.636 ,10.8085   ,53.6092,10.3409    ,53.4307,9.89276   ,52.9804,9.57824   ,52.4686,9.57934   ,52.0523,9.85666   ,52.9555,-10.946   ,-1.39331   ,514,118814,51.122 ,13.3233,122.083,0
1344,52.0491,10.3801   ,52.2348,10.0921    ,52.596 ,9.95144  ,52.9211,10.0889   ,53.116 ,10.3922   ,53.2017,10.7396   ,53.2271,11.126     ,53.2166,11.5174   ,53.1871,11.8865   ,53.1467,12.2744     ,53.1118,12.6301   ,53.0473,13.0286   ,52.0491,10.3801   ,52.3762,10.3786    ,52.612 ,10.3656   ,52.7399,10.573    ,52.7838,10.8573   ,52.7993,11.142     ,52.8068,11.4478    ,52.8134,11.7658   ,52.8243,12.0862    ,52.8469,12.4395   ,52.8911,12.7554   ,53.0473,13.0286   ,53.3244,12.588    ,53.4369,12.2017   ,53.5398,11.7877    ,53.6131,11.3779   ,53.648 ,10.9171   ,53.6173,10.4444    ,53.4823,10.0192   ,53.1619,9.66508   ,52.6592,9.54129   ,52.1544,9.75827   ,52.985 ,-10.9982  ,-1.42021   ,519,120434,50.7585,13.3806,121.012,0
1345,51.9983,10.1376   ,52.3066,9.96795    ,52.6909,9.9632   ,53.0181,10.1644   ,53.1764,10.4857   ,53.2235,10.8851   ,53.2173,11.2738    ,53.1887,11.6666   ,53.1496,12.0442   ,53.1008,12.446      ,53.0547,12.8127   ,52.9679,13.2171   ,51.9983,10.1376   ,52.3463,10.2952    ,52.6069,10.3872   ,52.764 ,10.6229   ,52.8079,10.9112   ,52.8088,11.2267    ,52.7973,11.523     ,52.7858,11.8427   ,52.7809,12.1769    ,52.788 ,12.5544   ,52.8191,12.8958   ,52.9679,13.2171   ,53.2798,12.8159   ,53.4014,12.4329   ,53.5064,12.0158    ,53.5812,11.6008   ,53.6312,11.1376   ,53.6404,10.6516    ,53.5664,10.1525   ,53.3264,9.77512   ,52.8595,9.56222   ,52.3468,9.62299   ,53.011 ,-11.0797  ,-1.44824   ,522,121545,52.2576,13.1572,124.426,0
1346,52.1555,9.86052   ,52.4837,9.85934    ,52.8527,10.0306  ,53.0684,10.2947   ,53.1781,10.6433   ,53.2149,11.0467   ,53.2128,11.419     ,53.1918,11.7867   ,53.1531,12.1832   ,53.1061,12.5458     ,53.0539,12.9197   ,52.9686,13.2918   ,52.1555,9.86052   ,52.3422,10.1794    ,52.5596,10.4152   ,52.6841,10.6649   ,52.7547,10.964    ,52.7892,11.2979    ,52.8031,11.6099    ,52.8098,11.9325   ,52.815 ,12.3007    ,52.8245,12.6523   ,52.8521,13.0021   ,52.9686,13.2918   ,53.2444,12.9152   ,53.3757,12.5257   ,53.48  ,12.16      ,53.5656,11.7435   ,53.6184,11.3345   ,53.6431,10.9011    ,53.617 ,10.4187   ,53.4913,10.0037   ,53.2106,9.70009   ,52.7011,9.55863   ,53.0284,-11.1207  ,-1.46892   ,518,120189,50.6897,12.7964,121.355,0
1347,52.1548,9.90822   ,52.5145,9.85512    ,52.8846,9.96085  ,53.1141,10.2109   ,53.2086,10.58     ,53.2252,10.9681   ,53.2112,11.3842    ,53.185 ,11.7369   ,53.1453,12.1275   ,53.1033,12.492      ,53.0581,12.8733   ,52.9858,13.2891   ,52.1548,9.90822   ,52.4324,10.165     ,52.6588,10.2942   ,52.7737,10.5135   ,52.8068,10.8281   ,52.8063,11.1534    ,52.7979,11.5122    ,52.7917,11.8369   ,52.7896,12.2198    ,52.7968,12.5896   ,52.8268,12.9644   ,52.9858,13.2891   ,53.2785,12.8704   ,53.3982,12.4944   ,53.4891,12.1424    ,53.568 ,11.7518   ,53.6171,11.3752   ,53.643 ,10.9001    ,53.6206,10.4366   ,53.4916,9.98956   ,53.1823,9.67324   ,52.6816,9.55408   ,53.056 ,-11.1503  ,-1.4884    ,506,117796,51.7199,11.0762,118.77 ,0
1348,52.3822,9.70369   ,52.6974,9.82144    ,52.9773,10.0395  ,53.1489,10.3489   ,53.2114,10.7149   ,53.2223,11.0991   ,53.2121,11.4469    ,53.1897,11.7886   ,53.1515,12.1615   ,53.0965,12.5438     ,53.0345,12.8796   ,52.9076,13.2246   ,52.3822,9.70369   ,52.4812,10.0836    ,52.6623,10.3321   ,52.7793,10.6262   ,52.8119,10.9452   ,52.8103,11.2598    ,52.8006,11.5503    ,52.7904,11.8538   ,52.78  ,12.2091    ,52.7732,12.5929   ,52.7774,12.9205   ,52.9076,13.2246   ,53.2755,12.9164   ,53.4049,12.5836   ,53.5102,12.2148    ,53.5795,11.8338   ,53.6176,11.4592   ,53.633 ,11.0534    ,53.618 ,10.5886   ,53.5419,10.1528   ,53.3429,9.80665   ,52.9821,9.59924   ,53.083 ,-11.203   ,-1.50455   ,496,115317,49.0432,11.0081,116.77 ,0
1349,52.3267,9.65732   ,52.6429,9.78899    ,52.8951,10.0165  ,53.105 ,10.3536   ,53.1871,10.6783   ,53.218 ,11.0627   ,53.2193,11.4178    ,53.2056,11.7702   ,53.1766,12.1529   ,53.1409,12.4965     ,53.1007,12.8485   ,53.0415,13.2394   ,52.3267,9.65732   ,52.4459,10.0606    ,52.6064,10.3182   ,52.7423,10.662    ,52.792 ,10.9715   ,52.8066,11.3048    ,52.8044,11.5981    ,52.7992,11.8939   ,52.7993,12.2366    ,52.8156,12.5676   ,52.8623,12.9164   ,53.0415,13.2394   ,53.3294,12.8627   ,53.4559,12.5179   ,53.544 ,12.1719    ,53.6052,11.7605   ,53.6314,11.3566   ,53.6324,10.9374    ,53.5962,10.4884   ,53.4994,10.1301   ,53.2408,9.78213   ,52.9055,9.56498   ,53.0898,-11.2026  ,-1.48243   ,491,115295,49.058 ,11.5068,117.012,0
1350,52.4722,9.44847   ,52.7162,9.71755    ,52.9296,10.0087  ,53.1264,10.3201   ,53.2489,10.6759   ,53.2876,11.0106   ,53.2864,11.3859    ,53.2595,11.7806   ,53.2177,12.1693   ,53.1708,12.5367     ,53.1308,12.8828   ,53.0846,13.2867   ,52.4722,9.44847   ,52.454 ,9.90695    ,52.597 ,10.2082   ,52.7582,10.5134   ,52.8503,10.8246   ,52.8721,11.0858    ,52.8693,11.39      ,52.8618,11.7572   ,52.8617,12.1645    ,52.8746,12.5752   ,52.9105,12.9518   ,53.0846,13.2867   ,53.3413,12.9066   ,53.4545,12.6002   ,53.5602,12.2814    ,53.6468,11.9172   ,53.6983,11.4934   ,53.7069,11.0384    ,53.6643,10.617    ,53.5295,10.1986   ,53.3128,9.87857   ,53.032 ,9.60128   ,53.125 ,-11.1871  ,-1.46972   ,499,115565,50.2973,10.3035,118.669,0
1351,52.4979,9.49749   ,52.7637,9.73665    ,52.981 ,10.0165  ,53.1653,10.3167   ,53.2684,10.6699   ,53.3006,11.0466   ,53.2983,11.4532    ,53.2761,11.7935   ,53.2326,12.1627   ,53.1745,12.5544     ,53.1203,12.922    ,53.0577,13.2914   ,52.4979,9.49749   ,52.4838,9.95137    ,52.6294,10.2081   ,52.7739,10.4665   ,52.859 ,10.7749   ,52.8873,11.0978    ,52.8925,11.4531    ,52.8885,11.7715   ,52.8832,12.151     ,52.8859,12.5808   ,52.9064,12.9762   ,53.0577,13.2914   ,53.3197,12.9566   ,53.449 ,12.623    ,53.5677,12.2751    ,53.6532,11.9249   ,53.6992,11.5692   ,53.7168,11.11      ,53.6926,10.6654   ,53.5921,10.2467   ,53.3852,9.89809   ,53.097 ,9.58749   ,53.1402,-11.1798  ,-1.47873   ,497,117077,50.0667,10.3898,119.598,0
1352,52.344 ,9.52119   ,52.6389,9.7291     ,52.9069,9.99033  ,53.1302,10.2882   ,53.2593,10.6222   ,53.3055,11.0075   ,53.303 ,11.3601    ,53.2677,11.7604   ,53.2119,12.1305   ,53.1413,12.5135     ,53.0836,12.8651   ,53.0039,13.2585   ,52.344 ,9.52119   ,52.4056,9.92211    ,52.5791,10.187    ,52.7436,10.4773   ,52.8496,10.8012   ,52.891 ,11.1542    ,52.8894,11.4656    ,52.8625,11.8261   ,52.8266,12.1767    ,52.7969,12.5525   ,52.8148,12.8966   ,53.0039,13.2585   ,53.3403,12.9171   ,53.4692,12.5654   ,53.5797,12.1846    ,53.6588,11.8046   ,53.7101,11.3716   ,53.7236,10.9773    ,53.6906,10.547    ,53.566 ,10.1888   ,53.3073,9.87546   ,52.9488,9.6036    ,53.1256,-11.1883  ,-1.47844   ,503,117552,50.7505,10.775 ,119.255,0
1353,52.4455,9.59646   ,52.7344,9.80864    ,52.9976,10.0847  ,53.186 ,10.3957   ,53.2808,10.7596   ,53.295 ,11.1209   ,53.2669,11.4947    ,53.2076,11.913    ,53.1541,12.2775   ,53.11  ,12.6407     ,53.0704,13.0311   ,53.0224,13.4171   ,52.4455,9.59646   ,52.5067,10.0153    ,52.681 ,10.3115   ,52.8242,10.603    ,52.8843,10.9196   ,52.8772,11.2218    ,52.8447,11.5447    ,52.8055,11.9449   ,52.7854,12.3209    ,52.7862,12.7011   ,52.8253,13.1004   ,53.0224,13.4171   ,53.3071,13.0524   ,53.4226,12.6819   ,53.5088,12.3387    ,53.5937,11.9848   ,53.6764,11.5506   ,53.7089,11.1267    ,53.6881,10.6989   ,53.5821,10.2727   ,53.3711,9.93203   ,53.0318,9.66622   ,53.1059,-11.2953  ,-1.50582   ,517,119089,51.0486,10.2664,120.426,0
1354,52.4031,9.54544   ,52.673 ,9.75057    ,52.9627,10.0523  ,53.1697,10.3724   ,53.2721,10.7402   ,53.2907,11.1169   ,53.2602,11.5117    ,53.1986,11.8884   ,53.1234,12.3011   ,53.076 ,12.6657     ,53.0463,13.0306   ,53.0051,13.4601   ,52.4031,9.54544   ,52.4692,9.9727     ,52.6766,10.3047   ,52.8406,10.6315   ,52.8967,10.9915   ,52.8741,11.3228    ,52.8212,11.6543    ,52.7653,11.989    ,52.7267,12.3852    ,52.7304,12.7486   ,52.7741,13.1109   ,53.0051,13.4601   ,53.3118,13.0505   ,53.4113,12.6883   ,53.5037,12.3201    ,53.6122,11.892    ,53.6844,11.4797   ,53.7036,11.0235    ,53.6602,10.5913   ,53.5351,10.1976   ,53.313 ,9.87822   ,52.9512,9.5985    ,53.1023,-11.3286  ,-1.51283   ,517,121372,52.3458,10.8149,123.255,0
1355,52.3402,9.67184   ,52.6851,9.84141    ,52.9702,10.0846  ,53.1815,10.4075   ,53.2764,10.8174   ,53.2843,11.1798   ,53.2408,11.6165    ,53.1767,11.9754   ,53.101 ,12.3827   ,53.0461,12.791      ,53.0135,13.1856   ,52.9999,13.6165   ,52.3402,9.67184   ,52.4805,10.1351    ,52.6872,10.3606   ,52.8461,10.6614   ,52.8871,11.0474   ,52.8573,11.3691    ,52.7965,11.7549    ,52.7423,12.0883   ,52.7007,12.4891    ,52.7041,12.9006   ,52.7596,13.2938   ,52.9999,13.6165   ,53.2614,13.1847   ,53.3764,12.7968   ,53.4824,12.393     ,53.5883,11.9795   ,53.6657,11.6      ,53.705 ,11.1159    ,53.6749,10.7038   ,53.5521,10.244    ,53.3218,9.88369   ,52.9766,9.61042   ,53.0881,-11.3782  ,-1.52601   ,536,123384,53.9186,10.8504,127.497,0
1356,52.3364,9.61901   ,52.6593,9.8183     ,52.9733,10.0906  ,53.184 ,10.4163   ,53.2818,10.8357   ,53.2871,11.2044   ,53.2384,11.6438    ,53.1715,12.0051   ,53.0944,12.4171   ,53.0367,12.8314     ,52.9965,13.2314   ,52.9403,13.6682   ,52.3364,9.61901   ,52.4312,10.078     ,52.6606,10.3329   ,52.8354,10.6364   ,52.8888,11.0195   ,52.8623,11.3414    ,52.8038,11.732     ,52.751 ,12.0727   ,52.7073,12.479     ,52.7028,12.8927   ,52.7452,13.292    ,52.9403,13.6682   ,53.2367,13.2784   ,53.3578,12.8876   ,53.4621,12.4733    ,53.569 ,12.0558   ,53.6525,11.6783   ,53.704 ,11.1938    ,53.684 ,10.7706   ,53.5694,10.2886   ,53.3525,9.92286   ,52.97  ,9.62162   ,53.0878,-11.4004  ,-1.53092   ,539,124363,54.9674,10.4804,128.083,0
1357,52.3259,9.63657   ,52.6761,9.82997    ,52.9812,10.0937  ,53.1853,10.4129   ,53.2831,10.8134   ,53.2891,11.2235   ,53.2404,11.6394    ,53.166 ,12.0423   ,53.0893,12.4423   ,53.0237,12.8501     ,52.9718,13.2475   ,52.8991,13.7055   ,52.3259,9.63657   ,52.4508,10.0907    ,52.6755,10.3375   ,52.8398,10.6423   ,52.8932,11.0107   ,52.8672,11.3534    ,52.8099,11.7012    ,52.7493,12.0676   ,52.7052,12.4693    ,52.6881,12.9002   ,52.708 ,13.3157   ,52.8991,13.7055   ,53.2227,13.2867   ,53.3428,12.9164   ,53.4527,12.5308    ,53.5606,12.1314   ,53.6514,11.6939   ,53.7026,11.214     ,53.6833,10.7286   ,53.5663,10.2733   ,53.3514,9.92266   ,52.9819,9.62942   ,53.0846,-11.4318  ,-1.54419   ,546,125278,55.5743,10.3884,129.497,0
1358,52.3283,9.62803   ,52.677 ,9.82202    ,52.9865,10.0969  ,53.1899,10.4246   ,53.283 ,10.8363   ,53.2884,11.2508   ,53.2397,11.6709    ,53.1645,12.0785   ,53.0872,12.4824   ,53.0234,12.8938     ,52.9816,13.2951   ,52.96  ,13.725    ,52.3283,9.62803   ,52.451 ,10.0918    ,52.6808,10.3424   ,52.8451,10.6555   ,52.8942,11.0367   ,52.8661,11.3937    ,52.8091,11.7583    ,52.7476,12.1367   ,52.7032,12.5467    ,52.6912,12.9843   ,52.7286,13.3979   ,52.96  ,13.725    ,53.2273,13.3011   ,53.3407,12.9205   ,53.4506,12.5346    ,53.5591,12.1359   ,53.6506,11.7012   ,53.7024,11.2291    ,53.6814,10.7505   ,53.5692,10.2861   ,53.3573,9.92658   ,52.9846,9.61474   ,53.0844,-11.4392  ,-1.54306   ,547,126286,55.7614,10.4539,129.497,0
1359,52.4199,9.65425   ,52.6905,9.84472    ,53.0108,10.1858  ,53.1999,10.5233   ,53.2818,10.8912   ,53.2814,11.3387   ,53.2311,11.711     ,53.151 ,12.1563   ,53.0841,12.527    ,53.0199,12.8974     ,52.9379,13.3395   ,52.8563,13.7617   ,52.4199,9.65425   ,52.5075,10.129     ,52.7505,10.4873   ,52.8733,10.8152   ,52.8888,11.1575   ,52.8379,11.5672    ,52.7883,11.9082    ,52.7193,12.3168   ,52.6879,12.659     ,52.673 ,13.0015   ,52.6796,13.4129   ,52.8563,13.7617   ,53.1757,13.4134   ,53.3401,12.9407   ,53.4544,12.5434    ,53.5546,12.1441   ,53.651 ,11.6625   ,53.7093,11.2593    ,53.6879,10.7738   ,53.5762,10.3762   ,53.3651,10.0131   ,52.9881,9.65838   ,53.0821,-11.4909  ,-1.5536    ,560,128624,54.9247,11.3341,132.083,0
1360,52.4514,9.64466   ,52.7592,9.90505    ,53.015 ,10.2036  ,53.2011,10.5417   ,53.2894,10.986    ,53.2784,11.3604   ,53.2151,11.8084    ,53.15  ,12.1807   ,53.0704,12.627    ,53.0017,12.9979     ,52.9166,13.4409   ,52.81  ,13.8643   ,52.4514,9.64466   ,52.5334,10.1753    ,52.7305,10.4807   ,52.8615,10.8096   ,52.8824,11.2249   ,52.8373,11.5703    ,52.7797,11.9846    ,52.7266,12.3295   ,52.6895,12.745     ,52.6727,13.0916   ,52.6725,13.5084   ,52.81  ,13.8643   ,53.1305,13.5215   ,53.3043,13.0523   ,53.4262,12.6578    ,53.5439,12.1806   ,53.6299,11.7815   ,53.7052,11.3002    ,53.7047,10.8967   ,53.5893,10.4194   ,53.3891,10.0541   ,53.0926,9.74601   ,53.0784,-11.5211  ,-1.56028   ,566,130530,55.9709,11.1484,136.912,0
1361,52.4514,9.64466   ,52.759 ,9.90829    ,53.0149,10.207   ,53.2008,10.5453   ,53.2926,10.9876   ,53.2814,11.3622   ,53.2211,11.8107    ,53.1591,12.1834   ,53.0766,12.6294   ,53.0016,13.0003     ,52.9164,13.444    ,52.8162,13.8643   ,52.4514,9.64466   ,52.5341,10.1762    ,52.7314,10.4822   ,52.8656,10.8114   ,52.8886,11.2272   ,52.8432,11.5731    ,52.7855,11.9881    ,52.7387,12.334    ,52.7017,12.7502    ,52.6686,13.0969   ,52.6661,13.5144   ,52.8162,13.8643   ,53.1366,13.5219   ,53.3044,13.0519   ,53.4263,12.6576    ,53.55  ,12.1814   ,53.636 ,11.7826   ,53.7047,11.301     ,53.7049,10.8978   ,53.5896,10.4212   ,53.3882,10.0593   ,53.0916,9.75158   ,53.08  ,-11.5291  ,-1.55983   ,565,131310,55.9606,11.0804,136.912,0
1362,52.4514,9.64466   ,52.7093,9.86916    ,53.0234,10.2399  ,53.2064,10.5958   ,53.2823,10.9741   ,53.2698,11.4328   ,53.2203,11.8143    ,53.1541,12.1945   ,53.0716,12.65     ,52.9881,13.0281     ,52.8909,13.4806   ,52.8041,13.9019   ,52.4514,9.64466   ,52.4996,10.1317    ,52.7364,10.5126   ,52.8584,10.8566   ,52.8807,11.2147   ,52.8261,11.6431    ,52.7783,12.0001    ,52.7285,12.3569   ,52.6817,12.7859    ,52.6339,13.1429   ,52.6154,13.5733   ,52.8041,13.9019   ,53.1356,13.5386   ,53.3062,13.0642   ,53.4302,12.6657    ,53.5495,12.1837   ,53.6365,11.7807   ,53.6993,11.3754    ,53.6966,10.8863   ,53.6021,10.4843   ,53.4013,10.101    ,53.0298,9.71697   ,53.069 ,-11.5701  ,-1.5691    ,578,132189,56.3164,11.2018,138.569,0
1363,52.4514,9.64466   ,52.7088,9.86858    ,53.0226,10.2386  ,53.2064,10.5938   ,53.2854,10.9712   ,53.2733,11.4293   ,53.2206,11.81      ,53.1581,12.19     ,53.0757,12.6449   ,52.9894,13.022      ,52.8886,13.4732   ,52.7978,13.8826   ,52.4514,9.64466   ,52.499 ,10.1308    ,52.7354,10.5109   ,52.864 ,10.8532   ,52.8871,11.2106   ,52.8331,11.6382    ,52.7788,11.9941    ,52.7296,12.3504   ,52.6828,12.7785    ,52.6347,13.1348   ,52.6093,13.56     ,52.7978,13.8826   ,53.1376,13.5341   ,53.3079,13.0599   ,53.4373,12.6627    ,53.5565,12.1812   ,53.6397,11.7782   ,53.6995,11.373     ,53.6963,10.8844   ,53.6015,10.4828   ,53.4007,10.1001   ,53.0293,9.71656   ,53.0707,-11.5673  ,-1.56794   ,577,131979,56.122 ,11.1127,137.154,0
1364,52.4514,9.64466   ,52.7071,9.86534    ,53.019 ,10.2325  ,53.2061,10.5839   ,53.2884,10.9584   ,53.2772,11.4134   ,53.2235,11.7915    ,53.1615,12.1688   ,53.0797,12.6206   ,52.9928,12.995      ,52.8905,13.4428   ,52.7917,13.8579   ,52.4514,9.64466   ,52.4948,10.1239    ,52.7284,10.4988   ,52.8598,10.8351   ,52.8869,11.1874   ,52.8376,11.6094    ,52.7831,11.9605    ,52.7358,12.3119   ,52.6896,12.7343    ,52.6418,13.0857   ,52.6215,13.5095   ,52.7917,13.8579   ,53.1287,13.5261   ,53.31  ,13.0541   ,53.4389,12.6573    ,53.5576,12.1762   ,53.6404,11.7736   ,53.6994,11.3688    ,53.7021,10.8809   ,53.6067,10.4799   ,53.3999,10.099    ,53.0287,9.71612   ,53.0736,-11.5497  ,-1.56559   ,574,131664,55.8769,10.9739,137.154,0
1365,52.4514,9.64466   ,52.7602,9.91866    ,53.017 ,10.2298  ,53.2044,10.5797   ,53.2937,11.0284   ,53.2691,11.4819   ,53.213 ,11.8586    ,53.134 ,12.3096   ,53.0464,12.7593   ,52.9637,13.1323     ,52.8665,13.5745   ,52.7664,14.0149   ,52.4514,9.64466   ,52.5315,10.1859    ,52.7276,10.4974   ,52.8593,10.833    ,52.8864,11.2552   ,52.8272,11.6761    ,52.7764,12.0268    ,52.7189,12.4479   ,52.6679,12.8693    ,52.6411,13.2211   ,52.6432,13.6443   ,52.7664,14.0149   ,53.0523,13.6483   ,53.2616,13.1932   ,53.3951,12.799     ,53.524 ,12.3216   ,53.6287,11.8411   ,53.6923,11.4385    ,53.7093,10.9528   ,53.6041,10.4731   ,53.3967,10.0945   ,53.0951,9.76851   ,53.073 ,-11.561   ,-1.56735   ,576,132126,57.8247,11.0027,141.983,0
1366,52.4514,9.63822   ,52.707 ,9.86407    ,53.0144,10.2356  ,53.1977,10.5893   ,53.2756,10.9658   ,53.2694,11.4228   ,53.2219,11.8029    ,53.1385,12.2569   ,53.0666,12.6347   ,52.9853,13.0107     ,52.8903,13.4589   ,52.8043,13.9019   ,52.4514,9.63822   ,52.4959,10.1256    ,52.7205,10.5068   ,52.8379,10.8488   ,52.8616,11.2044   ,52.8218,11.6306    ,52.7797,11.9856    ,52.7153,12.4108   ,52.6723,12.7657    ,52.6474,13.1212   ,52.6562,13.5451   ,52.8043,13.9019   ,53.095 ,13.5183   ,53.2931,13.0501   ,53.427 ,12.6541    ,53.5333,12.2542   ,53.6406,11.7719   ,53.6995,11.3672    ,53.7018,10.8793   ,53.6061,10.4783   ,53.3989,10.0976   ,53.0273,9.71553   ,53.0727,-11.5089  ,-1.5585    ,570,130781,56.3271,11.2391,136.569,0
1367,52.2589,9.69303   ,52.5975,9.81939    ,52.9064,10.0832  ,53.1318,10.4251   ,53.2421,10.8645   ,53.2647,11.2379   ,53.2371,11.6727    ,53.1693,12.0723   ,53.0735,12.4921   ,52.983 ,12.8986     ,52.8894,13.2904   ,52.7703,13.7026   ,52.2589,9.69303   ,52.4125,10.1189    ,52.6367,10.3636   ,52.7787,10.6839   ,52.824 ,11.1002   ,52.819 ,11.4395    ,52.7842,11.8231    ,52.7302,12.1798   ,52.6644,12.5697    ,52.6234,12.963    ,52.6372,13.3503   ,52.7703,13.7026   ,53.1176,13.3268   ,53.3199,12.9332   ,53.4591,12.517     ,53.5853,12.073    ,53.6745,11.6413   ,53.7092,11.163     ,53.6738,10.7505   ,53.5242,10.2649   ,53.2455,9.87935   ,52.8616,9.57592   ,53.0585,-11.4307  ,-1.54389   ,556,126886,55.6977,11.4315,128.912,0
1368,52.2475,9.67084   ,52.5524,9.80535    ,52.8457,10.0336  ,53.0849,10.3322   ,53.2079,10.6733   ,53.2597,11.0805   ,53.2573,11.4433    ,53.204 ,11.8324   ,53.111 ,12.1635   ,52.9923,12.5131     ,52.8586,12.879    ,52.6722,13.2415   ,52.2475,9.67084   ,52.3633,10.0791    ,52.5784,10.2985   ,52.744 ,10.5875   ,52.8115,10.9183   ,52.8229,11.2892    ,52.8001,11.6003    ,52.7429,11.9254   ,52.6638,12.2143    ,52.5743,12.5408   ,52.5337,12.8962   ,52.6722,13.2415   ,53.1446,12.9534   ,53.3806,12.5749   ,53.5284,12.2005    ,53.6424,11.8406   ,53.7056,11.4042   ,53.7015,10.993     ,53.6271,10.5389   ,53.4703,10.1643   ,53.1828,9.83484   ,52.814 ,9.58075   ,53.045 ,-11.3033  ,-1.53659   ,526,120589,50.7811,11.3721,120.326,0
1369,52.3553,9.53582   ,52.6095,9.74973    ,52.8325,9.99583  ,53.0535,10.3072   ,53.1872,10.6171   ,53.2564,10.9674   ,53.2644,11.3303    ,53.2032,11.7014   ,53.0731,12.0099   ,52.8707,12.2976     ,52.6214,12.5632   ,52.3192,12.7656   ,52.3553,9.53582   ,52.3574,9.92511    ,52.4972,10.1946   ,52.6674,10.5138   ,52.7736,10.8067   ,52.8219,11.1104    ,52.8179,11.4038    ,52.7551,11.6958   ,52.6338,11.9401    ,52.4712,12.1742   ,52.3147,12.4211   ,52.3192,12.7656   ,52.8651,12.7627   ,53.2109,12.4919   ,53.4696,12.1522    ,53.6263,11.7897   ,53.7035,11.357    ,53.7006,10.9283    ,53.6287,10.5235   ,53.4849,10.1839   ,53.2295,9.87131   ,52.9246,9.64034   ,52.9934,-11.1616  ,-1.55897   ,508,116214,48.0228,11.0474,113.983,0
1370,52.3598,9.54079   ,52.5946,9.72286    ,52.8277,9.97819  ,53.0333,10.2636   ,53.1807,10.5876   ,53.2511,10.906    ,53.2631,11.2361    ,53.203 ,11.5817   ,53.0285,11.891    ,52.7645,12.0923     ,52.4427,12.2279   ,52.0888,12.2965   ,52.3598,9.54079   ,52.3468,9.8791     ,52.4776,10.149    ,52.6306,10.4272   ,52.7534,10.715    ,52.811 ,10.9757    ,52.814 ,11.2335    ,52.7426,11.4977   ,52.5692,11.7299    ,52.3726,11.8889   ,52.1844,12.0446   ,52.0888,12.2965   ,52.6204,12.4362   ,53.0793,12.3365   ,53.4326,12.1101    ,53.6367,11.7434   ,53.7058,11.3308   ,53.7018,10.9306    ,53.6352,10.5478   ,53.4795,10.1759   ,53.2344,9.87558   ,52.8998,9.62558   ,52.9687,-11.0585  ,-1.5604    ,488,113754,46.2761,11.5711,109.74 ,0
1371,52.2669,9.61429   ,52.5215,9.74113    ,52.7823,9.98697  ,52.9977,10.2325   ,53.1609,10.5121   ,53.2507,10.8375   ,53.2543,11.1854    ,53.1585,11.5067   ,52.9542,11.7514   ,52.637 ,11.8925     ,52.3218,11.8986   ,51.9852,11.8113   ,52.2669,9.61429   ,52.2487,9.93293    ,52.3802,10.1502   ,52.5387,10.3401   ,52.6898,10.5429   ,52.7956,10.7667    ,52.8318,11.0062    ,52.7817,11.2303   ,52.6328,11.396     ,52.388 ,11.5091   ,52.1644,11.5944   ,51.9852,11.8113   ,52.4021,12.196    ,52.8085,12.2885   ,53.2122,12.153     ,53.4955,11.8545   ,53.6647,11.4499   ,53.7167,10.9948    ,53.663 ,10.5578   ,53.5045,10.1905   ,53.2419,9.8824    ,52.8508,9.59877   ,52.9253,-10.9823  ,1.56456    ,486,112929,45.119 ,11.9861,109.497,0
1372,52.227 ,9.65689   ,52.5245,9.77043    ,52.7707,9.9871   ,53.0259,10.2771   ,53.1836,10.5814   ,53.2548,10.9326   ,53.2262,11.2866    ,53.0641,11.5804   ,52.7662,11.7284   ,52.4181,11.6999     ,52.0742,11.5377   ,51.8284,11.2862   ,52.227 ,9.65689   ,52.2532,9.98707    ,52.3926,10.1761   ,52.5761,10.3973   ,52.7149,10.6136   ,52.7938,10.851     ,52.7948,11.0901    ,52.7008,11.2784   ,52.5153,11.3357    ,52.3012,11.2921   ,52.0581,11.228    ,51.8284,11.2862   ,52.0253,11.7997   ,52.4506,12.0849   ,52.9311,12.1317    ,53.3654,11.9396   ,53.6336,11.5657   ,53.7202,11.1052    ,53.6797,10.6326   ,53.524 ,10.2274   ,53.2104,9.85801   ,52.8556,9.60153   ,52.8761,-10.9488  ,1.53548    ,493,114921,47.6241,11.8359,115.397,0
1373,52.216 ,9.70937   ,52.5122,9.78755    ,52.8135,10.0254  ,53.0343,10.2863   ,53.1864,10.5876   ,53.2517,10.929    ,53.2065,11.2658    ,52.9818,11.5544   ,52.6251,11.6172   ,52.317 ,11.5021     ,52.0544,11.2945   ,51.8516,10.9734   ,52.216 ,9.70937   ,52.2526,9.99367    ,52.409 ,10.2006   ,52.57  ,10.3849   ,52.7103,10.5837   ,52.7942,10.8017    ,52.7989,11.0208    ,52.6807,11.1856   ,52.4769,11.1698    ,52.2925,11.0801   ,52.107 ,10.9838   ,51.8516,10.9734   ,51.9454,11.5475   ,52.2706,11.8802   ,52.6918,12.0506    ,53.2114,11.9626   ,53.5838,11.5884   ,53.7109,11.1434    ,53.6891,10.6734   ,53.5453,10.2581   ,53.2794,9.91141   ,52.8414,9.62416   ,52.8497,-10.898   ,1.55777    ,492,114973,47.5353,12.0622,113.397,0
1374,52.2142,9.71875   ,52.5025,9.78511    ,52.7994,10.0121  ,53.0181,10.2652   ,53.1714,10.5581   ,53.2443,10.8804   ,53.1863,11.2241    ,52.934 ,11.4575   ,52.6056,11.4944   ,52.2829,11.3885     ,52.0006,11.1714   ,51.7943,10.9024   ,52.2142,9.71875   ,52.2537,9.99368    ,52.4018,10.1938   ,52.5559,10.3693   ,52.6944,10.5534   ,52.7801,10.7502    ,52.769 ,10.9641    ,52.6156,11.0655   ,52.4298,11.0176    ,52.2405,10.9251   ,52.028 ,10.8431   ,51.7943,10.9024   ,51.9215,11.4486   ,52.2528,11.8106   ,52.6961,11.9591    ,53.1765,11.8767   ,53.5671,11.5516   ,53.7124,11.0916    ,53.676 ,10.6416   ,53.5267,10.2297   ,53.2576,9.88961   ,52.8197,9.61666   ,52.8294,-10.8567  ,1.55842    ,487,113801,46.203 ,12.1765,112.225,0
1375,52.1762,9.71314   ,52.4852,9.78193    ,52.7628,9.98599  ,52.9954,10.2399   ,53.1602,10.5342   ,53.2391,10.8564   ,53.1933,11.1905    ,52.9303,11.4109   ,52.5864,11.4079   ,52.2805,11.3046     ,51.9941,11.1045   ,51.7634,10.8346   ,52.1762,9.71314   ,52.2228,9.99171    ,52.366 ,10.1721   ,52.5309,10.3472   ,52.6816,10.5304   ,52.7842,10.7261    ,52.7923,10.9391    ,52.6046,11.0113   ,52.4093,10.9366    ,52.2372,10.8502   ,52.0188,10.774    ,51.7634,10.8346   ,51.9224,11.3878   ,52.2449,11.7202   ,52.6721,11.8602    ,53.1784,11.826    ,53.5649,11.5062   ,53.6984,11.0663    ,53.6682,10.6175   ,53.5096,10.2014   ,53.224 ,9.85945   ,52.8197,9.61306   ,52.8151,-10.816   ,-1.56664   ,481,113063,46.2633,12.2206,112.225,0
1376,52.1774,9.71544   ,52.4921,9.78532    ,52.7747,9.99849  ,53.0031,10.2542   ,53.1743,10.5911   ,53.2319,10.9118   ,53.103 ,11.2627    ,52.8066,11.4074   ,52.4522,11.3256   ,52.1632,11.1222     ,51.9337,10.843    ,51.7754,10.5256   ,52.1774,9.71544   ,52.2235,9.98822    ,52.3606,10.1657   ,52.5199,10.3378   ,52.6834,10.5381   ,52.7761,10.7253    ,52.7449,10.9303    ,52.5625,10.9406   ,52.3685,10.8206    ,52.2011,10.6829   ,52.0036,10.5509   ,51.7754,10.5256   ,51.8217,11.0722   ,52.0641,11.5009   ,52.4574,11.7913    ,52.9741,11.8781   ,53.4073,11.6497   ,53.6841,11.1761    ,53.6911,10.7246   ,53.5338,10.2397   ,53.2535,9.89221   ,52.8341,9.62551   ,52.786 ,-10.7909  ,-1.47962   ,493,115159,47.9404,12.5691,115.054,0
1377,52.154 ,9.69187   ,52.4868,9.76484    ,52.7531,9.96908  ,52.9998,10.2561   ,53.1481,10.5528   ,53.2046,10.928    ,53.0386,11.237     ,52.6967,11.2775   ,52.3631,11.1593   ,52.1015,10.9317     ,51.8924,10.6042   ,51.7978,10.2598   ,52.154 ,9.69187   ,52.1993,9.95123    ,52.3201,10.1129   ,52.486 ,10.288    ,52.6324,10.4429   ,52.7674,10.6417    ,52.7082,10.7998    ,52.5092,10.7333   ,52.3252,10.6085    ,52.1541,10.474    ,51.9717,10.3268   ,51.7978,10.2598   ,51.781 ,10.8142   ,51.9968,11.3255   ,52.3251,11.663     ,52.798 ,11.8076   ,53.3065,11.7033   ,53.6328,11.2822    ,53.6902,10.7405   ,53.5591,10.2938   ,53.2477,9.88424   ,52.8437,9.61988   ,52.7626,-10.7427  ,-1.31424   ,497,115614,48.5817,13.6435,117.882,0
1378,52.1441,9.71198   ,52.4501,9.76034    ,52.7448,9.9639   ,52.9732,10.1994   ,53.1369,10.5302   ,53.1766,10.864    ,53.0306,11.1546    ,52.6952,11.206    ,52.3652,11.0797   ,52.1074,10.8451     ,51.8694,10.5708   ,51.6545,10.2954   ,52.1441,9.71198   ,52.2   ,9.96179    ,52.3336,10.1337   ,52.478 ,10.2839   ,52.6411,10.4556   ,52.7576,10.6062    ,52.7628,10.7369    ,52.5787,10.6739   ,52.3591,10.5372    ,52.1291,10.3935   ,51.8803,10.2766   ,51.6545,10.2954   ,51.8124,10.8145   ,52.0352,11.2391   ,52.3065,11.5792    ,52.7332,11.7241   ,53.233 ,11.609    ,53.5869,11.2       ,53.6547,10.6881   ,53.516 ,10.1801   ,53.2183,9.84858   ,52.7675,9.5932    ,52.7342,-10.675   ,-1.18253   ,485,114474,46.9538,13.0184,113.054,0
1379,52.1847,9.68517   ,52.4261,9.67642    ,52.6553,9.82499  ,52.8275,10.026    ,52.9128,10.2781   ,52.877 ,10.5744   ,52.7285,10.7872    ,52.4705,10.8823   ,52.2046,10.8175   ,51.9972,10.6492     ,51.8319,10.4235   ,51.7456,10.1866   ,52.1847,9.68517   ,52.1571,9.7913     ,52.1676,9.87857   ,52.1845,9.95553   ,52.1944,10.0279   ,52.178 ,10.0868    ,52.1311,10.1065    ,52.0654,10.0944   ,51.9983,10.0732    ,51.9249,10.0669   ,51.8382,10.1075   ,51.7456,10.1866   ,51.8002,10.7073   ,52.0402,11.1942   ,52.3589,11.5362    ,52.8129,11.6708   ,53.2758,11.5062   ,53.5507,11.1243    ,53.6358,10.5924   ,53.5001,10.1465   ,53.1856,9.81121   ,52.7437,9.58082   ,52.7284,-10.6346  ,-1.1149    ,481,113821,36.9627,22.175 ,93.7401,1
1380,51.6202,10.0732   ,51.7946,10.1653    ,51.9775,10.1629  ,52.1975,10.19     ,52.3902,10.2885   ,52.5712,10.4428   ,52.7143,10.6112    ,52.8332,10.8089   ,52.9169,11.0276   ,52.9622,11.2472     ,52.963 ,11.4674   ,52.8471,11.6687   ,51.6202,10.0732   ,51.6006,10.2898    ,51.7393,10.655    ,51.8206,10.8312   ,51.8873,10.9674   ,51.9628,11.1054    ,52.0391,11.2239    ,52.1294,11.3385   ,52.2362,11.4435    ,52.361 ,11.5309   ,52.5278,11.6006   ,52.8471,11.6687   ,53.3896,11.3851   ,53.5706,11.0329   ,53.618 ,10.6862    ,53.5701,10.3499   ,53.4332,10.0607   ,53.2293,9.83188    ,52.9464,9.64749   ,52.6303,9.56904   ,52.2527,9.66451   ,52.0274,10.0736   ,52.6964,-10.6234  ,-0.911234  ,498,116167,30.7598,22.2674,96.3259,1
1381,51.4657,9.95531   ,51.6852,10.0628    ,51.8768,10.2244  ,52.0954,10.1213   ,52.3328,10.2206   ,52.5297,10.3694   ,52.7011,10.5402    ,52.8297,10.7548   ,52.8939,10.9835   ,52.9166,11.2632     ,52.8744,11.4956   ,52.7178,11.6538   ,51.4657,9.95531   ,51.4787,10.1462    ,51.5661,10.3262   ,51.7404,10.6441   ,51.8332,10.8065   ,51.9153,10.9501    ,51.9909,11.0922    ,52.0654,11.2295   ,52.1405,11.339     ,52.255 ,11.4502   ,52.3977,11.5413   ,52.7178,11.6538   ,53.3703,11.3937   ,53.5794,10.9993   ,53.6317,10.5478    ,53.5642,10.211    ,53.3666,9.93604   ,53.0906,9.74293    ,52.7731,9.5988    ,52.3952,9.59164   ,52.15  ,10.1127   ,51.8464,9.93894   ,52.669 ,-10.5968  ,-0.73674   ,512,117720,33.9394,22.2246,99.1543,1
1382,51.459 ,9.92059   ,51.6813,10.0499    ,51.8719,10.1656  ,52.101 ,10.1293   ,52.3076,10.2007   ,52.4976,10.341    ,52.6709,10.5065    ,52.8353,10.7006   ,52.9639,10.8922   ,53.0705,11.0922     ,53.1552,11.3111   ,53.1493,11.519    ,51.459 ,9.92059   ,51.4748,10.1415    ,51.5677,10.3275   ,51.7266,10.6065   ,51.8208,10.7724   ,51.9103,10.9405    ,52.0106,11.111     ,52.1438,11.2778   ,52.2898,11.4037    ,52.4616,11.497    ,52.6846,11.5726   ,53.1493,11.519    ,53.6078,10.9954   ,53.6475,10.6215   ,53.5977,10.3146    ,53.4809,10.0635   ,53.2828,9.85254   ,53.0333,9.69671    ,52.736 ,9.59835   ,52.42  ,9.64636   ,52.1403,9.99964   ,51.8351,9.91757   ,52.649 ,-10.551   ,-0.681281  ,509,117010,31.7334,22.1521,95.1543,1
1383,51.531 ,9.87844   ,51.7155,9.99314    ,51.9133,10.0665  ,52.1376,10.107    ,52.3345,10.206    ,52.5158,10.3523   ,52.6658,10.4989    ,52.8131,10.6582   ,52.9533,10.8274   ,53.0919,11.0367     ,53.1919,11.2192   ,53.2101,11.4043   ,51.531 ,9.87844   ,51.5009,10.1155    ,51.6033,10.3852   ,51.7151,10.6017   ,51.8087,10.7746   ,51.9071,10.9539    ,52.0074,11.1085    ,52.1351,11.2516   ,52.2923,11.3676    ,52.5069,11.4608   ,52.7444,11.5031   ,53.2101,11.4043   ,53.6173,10.8883   ,53.6431,10.5464   ,53.5695,10.2299    ,53.4425,10.0099   ,53.2744,9.83884   ,53.0739,9.70479    ,52.8059,9.60248   ,52.5033,9.59348   ,52.1874,9.74859   ,51.8878,9.83478   ,52.6326,-10.5144  ,-0.621486  ,499,115868,29.8133,22.1139,92.9117,1
1384,51.7284,9.73207   ,51.8308,9.8959     ,52.0537,9.99048  ,52.2173,10.0841   ,52.3968,10.231    ,52.5379,10.3752   ,52.6846,10.5316    ,52.8044,10.662    ,52.9521,10.8207   ,53.0929,10.9662     ,53.2387,11.117    ,53.3791,11.2679   ,51.7284,9.73207   ,51.4957,10.0691    ,51.5982,10.374    ,51.6863,10.5536   ,51.7897,10.764    ,51.8803,10.9422    ,51.9981,11.1209    ,52.1211,11.2528   ,52.3037,11.38      ,52.5188,11.4526   ,52.8064,11.4819   ,53.3791,11.2679   ,53.6274,10.708    ,53.6128,10.4224   ,53.5423,10.1997    ,53.4278,10.0059   ,53.3114,9.87831   ,53.1386,9.74796    ,52.9469,9.64446   ,52.684 ,9.57281   ,52.4445,9.57606   ,52.1266,9.70634   ,52.6189,-10.5026  ,-0.620335  ,494,114946,28.2521,22.1739,91.4975,1
1385,51.5324,9.66593   ,51.6902,9.86209    ,51.8438,10.0267  ,52.0461,10.0707   ,52.2636,10.1614   ,52.4392,10.2959   ,52.6112,10.4588    ,52.7899,10.6302   ,52.9372,10.7785   ,53.0953,10.9575     ,53.2137,11.131    ,53.2988,11.3313   ,51.5324,9.66593   ,51.461 ,9.95035    ,51.5471,10.1937   ,51.6574,10.4718   ,51.7581,10.6988   ,51.8484,10.8873    ,51.9603,11.0721    ,52.119 ,11.2379   ,52.2859,11.3483    ,52.5181,11.4363   ,52.7658,11.4827   ,53.2988,11.3313   ,53.6275,10.7271   ,53.6242,10.4196   ,53.5307,10.1487    ,53.4011,9.9643    ,53.2037,9.78959   ,52.9733,9.65427    ,52.7073,9.58857   ,52.3766,9.65571   ,52.0945,9.83591   ,51.8782,9.71368   ,52.6028,-10.4833  ,-0.61494   ,503,116861,30.8193,22.1629,93.4975,1
1386,51.3047,9.53614   ,51.5156,9.70503    ,51.6932,9.89478  ,51.8727,10.0187   ,52.1231,10.0829   ,52.3517,10.2123   ,52.5327,10.3781    ,52.72  ,10.5623   ,52.8794,10.7213   ,53.0583,10.9144     ,53.1979,11.1029   ,53.3099,11.3222   ,51.3047,9.53614   ,51.3423,9.80596    ,51.4413,10.0278   ,51.5407,10.2468   ,51.6747,10.5232   ,51.7887,10.7627    ,51.8942,10.9696    ,52.0409,11.1659   ,52.2084,11.302     ,52.4524,11.417    ,52.7217,11.4795   ,53.3099,11.3222   ,53.6332,10.6686   ,53.6086,10.3479   ,53.4869,10.0763    ,53.3356,9.8962    ,53.1109,9.72724   ,52.8525,9.61444    ,52.5044,9.61984   ,52.1457,9.76914   ,51.886 ,9.69937   ,51.629 ,9.54582   ,52.5566,-10.4518  ,-0.614952  ,522,119334,33.8017,22.2398,98.3259,1
1387,51.4071,9.52897   ,51.551 ,9.75681    ,51.7   ,9.93351  ,51.907 ,10.0462   ,52.1179,10.1122   ,52.3407,10.2469   ,52.5162,10.3779    ,52.7048,10.5145   ,52.9401,10.6637   ,53.132 ,10.7746     ,53.3367,10.8755   ,53.5393,10.966    ,51.4071,9.52897   ,51.3478,9.83829    ,51.4349,10.0604   ,51.5764,10.333    ,51.7056,10.6045   ,51.841 ,10.8579    ,51.985 ,11.0446    ,52.1734,11.2146   ,52.4473,11.3529    ,52.7015,11.4212   ,53.0135,11.3936   ,53.5393,10.966    ,53.5986,10.3284   ,53.4869,10.0887   ,53.355 ,9.92097    ,53.159 ,9.76096   ,52.9749,9.65633   ,52.7736,9.58872    ,52.4718,9.59412   ,52.1897,9.74815   ,51.9118,9.75354   ,51.711 ,9.61209   ,52.5484,-10.4309  ,-0.565687  ,505,118936,32.2028,21.5392,94.9117,1
1388,51.2908,9.58302   ,51.5004,9.72081    ,51.6908,9.88987  ,51.8755,10.0074   ,52.1271,10.0839   ,52.3258,10.1944   ,52.5241,10.3542    ,52.6971,10.5042   ,52.8646,10.6546   ,53.0515,10.815      ,53.2384,10.9699   ,53.3811,11.1407   ,51.2908,9.58302   ,51.3297,9.85431    ,51.4389,10.0598   ,51.5459,10.2627   ,51.6765,10.5334   ,51.7786,10.7416    ,51.9198,10.9573    ,52.0804,11.1299   ,52.2661,11.2681    ,52.5125,11.3652   ,52.817 ,11.3911   ,53.3811,11.1407   ,53.6145,10.5105   ,53.5298,10.215    ,53.3982,9.98268    ,53.2443,9.81727   ,53.0607,9.69372   ,52.8076,9.60221    ,52.5113,9.60904   ,52.1449,9.72848   ,51.88  ,9.66468   ,51.6074,9.5345    ,52.5218,-10.3988  ,-0.567193  ,503,117782,32.3924,21.515 ,94.5685,1
1389,51.2971,9.48      ,51.4887,9.62703    ,51.6976,9.79222  ,51.8916,9.89172   ,52.1428,9.99896   ,52.3422,10.125    ,52.5093,10.2687    ,52.6799,10.4415   ,52.8403,10.634    ,52.9811,10.832      ,53.1094,11.0519   ,53.1782,11.2519   ,51.2971,9.48      ,51.2768,9.73497    ,51.3659,9.94441   ,51.4584,10.1255   ,51.5789,10.3587   ,51.6836,10.5609    ,51.8005,10.7406    ,51.9577,10.9225   ,52.1499,11.0898    ,52.3667,11.2195   ,52.6396,11.3227   ,53.1782,11.2519   ,53.5485,10.7268   ,53.5519,10.3791   ,53.4797,10.1125    ,53.3458,9.89933   ,53.1615,9.74476   ,52.9454,9.64736    ,52.6464,9.61026   ,52.2598,9.63027   ,51.9661,9.59762   ,51.6469,9.47146   ,52.4985,-10.3562  ,-0.56301   ,499,117189,32.7231,21.1488,93.7401,1
1390,51.1478,9.41935   ,51.3721,9.56089    ,51.5473,9.74713  ,51.7425,9.93444   ,51.9922,10.0246   ,52.24  ,10.1247   ,52.4389,10.257     ,52.6444,10.4127   ,52.8469,10.5801   ,53.0253,10.7502     ,53.2068,10.9731   ,53.3018,11.1732   ,51.1478,9.41935   ,51.2396,9.71388    ,51.3356,9.92545   ,51.4428,10.1293   ,51.5909,10.3918   ,51.7258,10.633     ,51.8636,10.8237    ,52.0454,11.012    ,52.2596,11.1715    ,52.4959,11.2747   ,52.8192,11.3311   ,53.3018,11.1732   ,53.5568,10.5646   ,53.5002,10.1666   ,53.3692,9.93207    ,53.1741,9.75973   ,52.9471,9.64147   ,52.689 ,9.58072    ,52.3374,9.64427   ,51.9847,9.69474   ,51.7066,9.51037   ,51.4568,9.37313   ,52.4791,-10.3476  ,-0.553189  ,500,117524,35.0231,20.6763,101.983,1
1391,51.1659,9.30252   ,51.3485,9.50412    ,51.5313,9.72437  ,51.7128,9.91536   ,51.9379,10.0208   ,52.1967,10.1178   ,52.4193,10.2593    ,52.6107,10.3968   ,52.8383,10.558    ,53.0441,10.7127     ,53.2361,10.8892   ,53.393 ,11.0807   ,51.1659,9.30252   ,51.1604,9.60245    ,51.2749,9.83577   ,51.3936,10.0498   ,51.5423,10.3284   ,51.718 ,10.6224    ,51.8894,10.8522    ,52.0676,11.0353   ,52.3046,11.2055    ,52.5621,11.2945   ,52.8765,11.3104   ,53.393 ,11.0807   ,53.5484,10.4201   ,53.4621,10.0795   ,53.2979,9.85765    ,53.0768,9.7032    ,52.8735,9.61326   ,52.6045,9.57722    ,52.2775,9.69868   ,51.9726,9.72696   ,51.7259,9.54015   ,51.4791,9.33628   ,52.4505,-10.3255  ,-0.552708  ,505,117476,35.5306,20.5338,98.5685,1
1392,51.1378,9.29641   ,51.3225,9.51376    ,51.492 ,9.72557  ,51.6809,9.90326   ,51.8989,9.98519   ,52.1616,10.0715   ,52.3897,10.194     ,52.6208,10.3496   ,52.8392,10.5142   ,53.0289,10.676      ,53.2033,10.848    ,53.3449,11.0556   ,51.1378,9.29641   ,51.1138,9.58351    ,51.2165,9.8122    ,51.3391,10.029    ,51.4904,10.2751   ,51.6748,10.536     ,51.8498,10.7399    ,52.0562,10.9354   ,52.2849,11.097     ,52.5294,11.1998   ,52.817 ,11.246    ,53.3449,11.0556   ,53.5469,10.404    ,53.4716,10.0942   ,53.3239,9.87687    ,53.1093,9.70939   ,52.8522,9.6015    ,52.5755,9.57551    ,52.2517,9.68315   ,51.9674,9.73595   ,51.7158,9.58027   ,51.487 ,9.38412   ,52.432 ,-10.287   ,-0.509571  ,491,114950,35.4667,19.8221,97.1543,1
1393,51.1545,9.31758   ,51.3272,9.54719    ,51.4823,9.73758  ,51.6573,9.90966   ,51.8728,10.0308   ,52.1458,10.1114   ,52.3753,10.206     ,52.6043,10.3339   ,52.8275,10.4729   ,53.0389,10.6106     ,53.2246,10.7332   ,53.4227,10.8873   ,51.1545,9.31758   ,51.1174,9.64567    ,51.2163,9.85307   ,51.3469,10.0565   ,51.5135,10.2987   ,51.721 ,10.5819    ,51.8927,10.7843    ,52.0875,10.9568   ,52.3145,11.0802    ,52.5799,11.1513   ,52.8681,11.1584   ,53.4227,10.8873   ,53.5246,10.2697   ,53.4301,10.0266   ,53.2669,9.81968    ,53.0458,9.66527   ,52.7805,9.59101   ,52.4968,9.61677    ,52.1699,9.74145   ,51.9077,9.71083   ,51.6931,9.55975   ,51.4911,9.38561   ,52.4158,-10.2573  ,-0.476499  ,474,113328,34.5146,19.7238,95.7401,1
1394,51.0915,9.27288   ,51.2842,9.49246    ,51.4608,9.69244  ,51.627 ,9.84222   ,51.8867,9.99049   ,52.1263,10.0835   ,52.3694,10.1902    ,52.5641,10.3      ,52.7895,10.4454   ,53.003 ,10.5843     ,53.2262,10.7278   ,53.4342,10.8707   ,51.0915,9.27288   ,51.0585,9.60675    ,51.1645,9.82351   ,51.2814,10.0039   ,51.4721,10.2669   ,51.6597,10.5022    ,51.8604,10.7291    ,52.0336,10.8943   ,52.2642,11.0481    ,52.5294,11.1343   ,52.8713,11.1546   ,53.4342,10.8707   ,53.5233,10.2636   ,53.4088,9.98909   ,53.2406,9.79444    ,53.0178,9.65881   ,52.7983,9.61216   ,52.5114,9.63322    ,52.2241,9.68035   ,51.9034,9.62542   ,51.6944,9.4959    ,51.4572,9.31314   ,52.3923,-10.2359  ,-0.494266  ,483,114219,35.2081,19.4883,95.9828,1
1395,51.099 ,9.09976   ,51.2312,9.35922    ,51.3776,9.58639  ,51.5592,9.81125   ,51.7702,9.98986   ,52.0113,10.0656   ,52.2678,10.144     ,52.5436,10.2997   ,52.7494,10.4284   ,52.9955,10.5806     ,53.2162,10.7141   ,53.4417,10.8592   ,51.099 ,9.09976   ,51.0385,9.41818    ,51.1056,9.6777    ,51.22  ,9.92649   ,51.3758,10.1653   ,51.585 ,10.4326    ,51.7988,10.6775    ,52.0262,10.9083   ,52.2246,11.0395    ,52.5177,11.1363   ,52.851 ,11.1585   ,53.4417,10.8592   ,53.514 ,10.2284   ,53.3937,9.97277   ,53.1911,9.76605    ,52.9802,9.64097   ,52.6606,9.57765   ,52.369 ,9.68443    ,52.0927,9.76912   ,51.8328,9.62413   ,51.5963,9.41765   ,51.381 ,9.23039   ,52.371 ,-10.2307  ,-0.507143  ,489,114844,37.1257,19.6071,104.225,1
1396,51.0423,9.14125   ,51.2299,9.39716    ,51.3956,9.60373  ,51.5688,9.80644   ,51.7867,10.0007   ,52.0213,10.0569   ,52.2823,10.1286    ,52.524 ,10.2795   ,52.7331,10.4245   ,52.9837,10.593      ,53.2099,10.742    ,53.4118,10.8904   ,51.0423,9.14125   ,50.9808,9.46981    ,51.0743,9.66846   ,51.1788,9.86612   ,51.3227,10.1107   ,51.5336,10.394     ,51.7643,10.6444    ,51.9692,10.8573   ,52.1697,11.0092    ,52.472 ,11.1216   ,52.8236,11.1625   ,53.4118,10.8904   ,53.5271,10.276    ,53.4149,10.004    ,53.212 ,9.78193    ,52.9967,9.64522   ,52.7214,9.57653   ,52.4425,9.71256    ,52.1769,9.84331   ,51.8886,9.66803   ,51.6489,9.45583   ,51.4173,9.24479   ,52.3502,-10.2267  ,-0.502266  ,489,114839,37.0467,19.7469,102.811,1
1397,50.9213,9.00784   ,51.0525,9.29809    ,51.2517,9.55453  ,51.445 ,9.79322   ,51.6609,10.024    ,51.9138,10.2664   ,52.1511,10.4213    ,52.476 ,10.5179   ,52.7871,10.4827   ,53.0138,10.2717     ,53.127 ,9.97347   ,53.0704,9.70317   ,50.9213,9.00784   ,50.9363,9.50999    ,51.1819,9.89772   ,51.4147,10.2371   ,51.6785,10.5536   ,51.9814,10.8684    ,52.282 ,11.0632    ,52.7353,11.1596   ,53.189 ,11.081     ,53.4906,10.7672   ,53.5318,10.2867   ,53.0704,9.70317   ,52.7108,9.71743   ,52.4998,9.83312   ,52.3163,9.91121    ,52.1324,9.86495   ,51.9462,9.74254   ,51.7861,9.61266    ,51.5881,9.43924   ,51.4238,9.28911   ,51.2764,9.15312   ,51.1271,9.03087   ,52.3033,-10.2049  ,-0.520098  ,498,115860,42.9664,17.8997,107.054,0
1398,52.7824,9.69579   ,53.0033,9.87992    ,53.0779,10.2152  ,52.9062,10.4964   ,52.5669,10.5414   ,52.2683,10.4534   ,51.9728,10.2847    ,51.715 ,10.0614   ,51.47  ,9.82137   ,51.2432,9.56887     ,51.0252,9.33207   ,50.7969,9.05373   ,52.7824,9.69579   ,52.6372,9.93653    ,52.5853,10.1042   ,52.3816,10.0606   ,52.1667,9.9077    ,51.993 ,9.7648     ,51.7935,9.59254    ,51.5976,9.42217   ,51.408 ,9.26055    ,51.2255,9.11916   ,51.0445,9.01974   ,50.7969,9.05373   ,50.952 ,9.58994   ,51.2059,9.95652   ,51.4739,10.3198    ,51.7692,10.6414   ,52.0852,10.9251   ,52.4629,11.1088    ,52.8806,11.1618   ,53.3689,10.9625   ,53.5614,10.4025   ,53.4011,9.88787   ,52.3014,-10.1969  ,-0.502886  ,493,114859,45.5582,17.6984,112.468,0
1399,53.1769,9.76986   ,53.2591,10.0478    ,53.1911,10.4108  ,52.9262,10.6044   ,52.6029,10.5833   ,52.2958,10.4776   ,52.01  ,10.3009    ,51.7396,10.0741   ,51.501 ,9.84382   ,51.2525,9.57494     ,51.0126,9.32063   ,50.7915,9.06601   ,53.1769,9.76986   ,52.9023,9.95841    ,52.7621,10.1662   ,52.5095,10.1426   ,52.2858,9.98488   ,52.0855,9.8203     ,51.885 ,9.6522     ,51.6881,9.4884    ,51.4974,9.3338     ,51.2834,9.16779   ,51.0656,9.03762   ,50.7915,9.06601   ,50.9026,9.54645   ,51.1603,9.91527   ,51.4411,10.2871    ,51.7182,10.5938   ,52.0556,10.8881   ,52.4216,11.0939    ,52.8311,11.162    ,53.2707,11.0732   ,53.5855,10.7228   ,53.6151,10.219    ,52.3124,-10.2124  ,-0.484771  ,487,113471,46.0112,16.1552,112.468,0
1400,53.3661,9.86037   ,53.3568,10.1545    ,53.2239,10.476   ,52.9284,10.6511   ,52.5811,10.6176   ,52.2851,10.4988   ,51.993 ,10.2979    ,51.7383,10.0681   ,51.492 ,9.82881   ,51.2701,9.59519     ,51.0318,9.33847   ,50.7958,9.06143   ,53.3661,9.86037   ,53.0849,9.9817     ,52.8942,10.1434   ,52.6345,10.1849   ,52.394 ,10.0616   ,52.1855,9.90047    ,51.9523,9.70415    ,51.7277,9.51765   ,51.5111,9.34394    ,51.3242,9.19794   ,51.1061,9.05426   ,50.7958,9.06143   ,50.9028,9.5647    ,51.1537,9.92534   ,51.4096,10.2485    ,51.688 ,10.5615   ,51.9661,10.8356   ,52.3065,11.0538    ,52.6792,11.1488   ,53.1407,11.1241   ,53.5038,10.8741   ,53.6075,10.4123   ,52.2823,-10.2281  ,-0.496034  ,476,111505,46.1281,14.222 ,110.468,0
1401,53.5841,9.97832   ,53.4299,10.2767    ,53.232 ,10.5117  ,52.9258,10.687    ,52.6082,10.6681   ,52.2711,10.5209   ,51.9854,10.3035    ,51.7313,10.072    ,51.4839,9.83102   ,51.2557,9.60113     ,51.0084,9.35425   ,50.7586,9.09875   ,53.5841,9.97832   ,53.1553,10.0347    ,52.9661,10.1852   ,52.7345,10.2659   ,52.5069,10.1673   ,52.2391,9.96544    ,51.9964,9.75963    ,51.7845,9.57863   ,51.5709,9.40485    ,51.3527,9.24599   ,51.09  ,9.0977    ,50.7586,9.09875   ,50.8603,9.54573   ,51.0859,9.88275   ,51.3182,10.1784    ,51.5936,10.4849   ,51.8905,10.7742   ,52.2223,11.0237    ,52.6196,11.1431   ,53.0288,11.1216   ,53.4317,10.8996   ,53.6545,10.5872   ,52.2639,-10.2285  ,-0.480093  ,476,110831,46.3435,12.9799,111.539,0
1402,53.5958,10.0819   ,53.43  ,10.3371    ,53.1953,10.5642  ,52.8866,10.7072   ,52.5304,10.6648   ,52.2332,10.5319   ,51.952 ,10.3298    ,51.7137,10.1185   ,51.4513,9.85871   ,51.222 ,9.6093      ,51.0052,9.35153   ,50.7815,9.06662   ,53.5958,10.0819   ,53.2052,10.0941    ,52.9709,10.2134   ,52.7085,10.2835   ,52.4399,10.1636   ,52.2044,9.98262    ,51.9676,9.78198    ,51.7681,9.61454   ,51.5433,9.43061    ,51.3314,9.25906   ,51.1113,9.09022   ,50.7815,9.06662   ,50.8499,9.55319   ,51.0534,9.89154   ,51.2893,10.2136    ,51.5811,10.5484   ,51.8568,10.8108   ,52.1801,11.0316    ,52.5391,11.1329   ,52.9787,11.1397   ,53.3485,10.9689   ,53.5914,10.6489   ,52.2522,-10.2441  ,-0.449535  ,477,111311,45.9581,12.8684,112.711,0
1403,53.7199,10.0056   ,53.5548,10.2742    ,53.2707,10.5213  ,52.98  ,10.6786   ,52.5982,10.6938   ,52.2639,10.5569   ,51.9865,10.3561    ,51.7152,10.1127   ,51.455 ,9.85509   ,51.215 ,9.60652     ,50.9772,9.3573    ,50.6978,9.09421   ,53.7199,10.0056   ,53.3516,10.0322    ,53.0627,10.1921   ,52.8078,10.2934   ,52.5089,10.2219   ,52.2426,10.0263    ,52.0094,9.81873    ,51.7793,9.61097   ,51.5503,9.41706    ,51.3152,9.24293   ,51.0386,9.08624   ,50.6978,9.09421   ,50.8597,9.57292   ,51.0513,9.90281   ,51.2883,10.2201    ,51.5749,10.5413   ,51.8857,10.8275   ,52.2045,11.0383    ,52.6006,11.1444   ,53.0718,11.0877   ,53.4111,10.898    ,53.7014,10.5764   ,52.2411,-10.2281  ,-0.453578  ,481,112226,48.1861,12.4649,114.125,0
1404,53.6454,9.94961   ,53.4923,10.2232    ,53.2562,10.4795  ,52.9363,10.6685   ,52.5876,10.6631   ,52.2623,10.5109   ,51.9792,10.2917    ,51.7243,10.0606   ,51.4731,9.81754   ,51.2118,9.55076     ,50.9691,9.28626   ,50.7237,9.00653   ,53.6454,9.94961   ,53.264 ,10.0037    ,53.0247,10.1518   ,52.7509,10.2514   ,52.4778,10.1529   ,52.2083,9.94316    ,51.967 ,9.73114    ,51.7583,9.54581   ,51.554 ,9.37121    ,51.3244,9.18951   ,51.0672,9.0181    ,50.7237,9.00653   ,50.8171,9.4951    ,51.032 ,9.8408    ,51.3123,10.1843    ,51.6049,10.4944   ,51.9077,10.7794   ,52.2368,11.0249    ,52.6115,11.1477   ,53.0353,11.1058   ,53.4133,10.8716   ,53.66  ,10.5186   ,52.2519,-10.1953  ,-0.456804  ,488,113266,48.0252,13.2712,114.368,0
1405,53.599 ,9.83327   ,53.5003,10.1663    ,53.277 ,10.4328  ,52.9657,10.6264   ,52.6202,10.6395   ,52.2856,10.4971   ,52.0013,10.2926    ,51.7207,10.03     ,51.4909,9.7942    ,51.2396,9.53477     ,50.9792,9.27466   ,50.731 ,8.97529   ,53.599 ,9.83327   ,53.2323,9.97511    ,53.0246,10.1416   ,52.768 ,10.2181   ,52.4817,10.1116   ,52.1884,9.88897    ,51.9328,9.65874    ,51.6886,9.43142   ,51.4959,9.26046    ,51.2898,9.10112   ,51.0608,8.97311   ,50.731 ,8.97529   ,50.8383,9.51674   ,51.1209,9.89898   ,51.4116,10.2509    ,51.6744,10.5496   ,51.9891,10.8567   ,52.3005,11.0556    ,52.6725,11.1457   ,53.0786,11.0588   ,53.4591,10.7863   ,53.7253,10.4246   ,52.2238,-10.161   ,-0.491645  ,489,114261,48.7941,14.7087,114.368,0
1406,53.666 ,10.0263   ,53.4671,10.2603    ,53.1798,10.4689  ,52.8388,10.58     ,52.4537,10.5286   ,52.1611,10.3675   ,51.8943,10.154     ,51.6385,9.90988   ,51.3818,9.65125   ,51.1216,9.39708     ,50.8505,9.16032   ,50.5563,8.93552   ,53.666 ,10.0263   ,53.2444,10.0183    ,52.9116,10.1062   ,52.5699,10.0766   ,52.2313,9.8799    ,52.0012,9.66497    ,51.8027,9.46241    ,51.5947,9.27428   ,51.365 ,9.10371    ,51.1276,8.95529   ,50.8785,8.85534   ,50.5563,8.93552   ,50.7456,9.40549   ,51.0396,9.76775   ,51.325 ,10.1252    ,51.6092,10.4722   ,51.9123,10.7788   ,52.2424,11.0147    ,52.5906,11.1361   ,53.008 ,11.0902   ,53.3545,10.8804   ,53.6181,10.5654   ,52.159 ,-10.1215  ,-0.537116  ,493,115314,47.9584,16.8152,116.61 ,0
1407,53.5799,10.1918   ,53.3548,10.4234    ,53.019 ,10.5523  ,52.6571,10.5459   ,52.3424,10.4412   ,52.013 ,10.2415   ,51.7512,10.0262    ,51.4874,9.77387   ,51.2214,9.49975   ,50.9869,9.27019     ,50.7195,9.01929   ,50.4589,8.74108   ,53.5799,10.1918   ,53.2078,10.096     ,52.8918,10.0829   ,52.5897,9.99651   ,52.3223,9.85651   ,52.0217,9.64845    ,51.7677,9.44702    ,51.4938,9.21564   ,51.2172,8.98227    ,50.9995,8.81684   ,50.7675,8.6959    ,50.4589,8.74108   ,50.6144,9.29076   ,50.9142,9.66623   ,51.1681,9.95876    ,51.4191,10.2699   ,51.665 ,10.5422   ,51.9262,10.7754    ,52.2766,10.9854   ,52.632 ,11.0771   ,53.06  ,11.0334   ,53.4378,10.7899   ,52.0168,-10.0321  ,-0.587362  ,503,117530,48.4279,13.8706,117.782,0
1408,53.4556,10.1313   ,53.2611,10.4079    ,52.9469,10.594   ,52.5468,10.5829   ,52.2178,10.4017   ,51.9151,10.1353   ,51.6624,9.89694    ,51.3985,9.64253   ,51.0991,9.34748   ,50.8381,9.08081     ,50.5823,8.80044   ,50.3374,8.49161   ,53.4556,10.1313   ,53.0155,10.1784    ,52.7086,10.2222   ,52.4068,10.0673   ,52.1763,9.82389   ,51.9527,9.59351    ,51.7552,9.41521    ,51.5381,9.22894   ,51.2748,9.01476    ,51.0182,8.81326   ,50.7219,8.59128   ,50.3374,8.49161   ,50.3769,8.93477   ,50.5789,9.26446   ,50.8307,9.58744    ,51.1549,9.95461   ,51.4643,10.2781   ,51.7804,10.5863    ,52.1794,10.9164   ,52.5937,11.0639   ,53.084 ,10.9911   ,53.4297,10.7058   ,51.9064,-9.96101  ,-0.633422  ,502,117243,51.277 ,13.3986,119.439,0
1409,53.4365,10.5624   ,53.0986,10.6624    ,52.7625,10.6721  ,52.4261,10.5539   ,52.1446,10.3551   ,51.8512,10.0875   ,51.5995,9.84034    ,51.3529,9.59288   ,51.0773,9.31242   ,50.8317,9.05857     ,50.5848,8.79678   ,50.3072,8.49783   ,53.4365,10.5624   ,52.9903,10.3117    ,52.6892,10.2368   ,52.417 ,10.0599   ,52.1889,9.8427    ,51.9436,9.59464    ,51.7297,9.38577    ,51.5141,9.18819   ,51.2579,8.96887    ,51.0067,8.76851   ,50.7177,8.56394   ,50.3072,8.49783   ,50.3875,8.96053   ,50.5812,9.26934   ,50.8103,9.56759    ,51.0963,9.90092   ,51.3692,10.195    ,51.6583,10.4833    ,52.005 ,10.7858   ,52.3413,10.9942   ,52.7372,11.0915   ,53.1153,11.0272   ,51.8236,-9.93292  ,-0.685377  ,491,114429,49.1805,11.7849,115.196,0
1410,53.2634,10.8682   ,52.9456,10.8223    ,52.6094,10.6794  ,52.3478,10.5025   ,52.0724,10.2754   ,51.7894,10.0219   ,51.5165,9.76674    ,51.2656,9.5214    ,51.0355,9.28811   ,50.7902,9.03718     ,50.5279,8.7796    ,50.237 ,8.53915   ,53.2634,10.8682   ,53.0319,10.4731    ,52.7284,10.25     ,52.4648,10.0305   ,52.1856,9.78309   ,51.905 ,9.53024    ,51.6353,9.28912    ,51.3841,9.06987   ,51.1521,8.87705    ,50.9003,8.68624   ,50.6161,8.51501   ,50.237 ,8.53915   ,50.3776,8.98702   ,50.6126,9.31989   ,50.8461,9.62473    ,51.0674,9.89307   ,51.3111,10.1612   ,51.5803,10.4276    ,51.8651,10.6854   ,52.141 ,10.9045   ,52.4047,11.0584   ,52.7768,11.1467   ,51.7531,-9.92229  ,-0.730846  ,478,111018,47.7371,11.7437,112.267,0
1411,53.0869,11.0964   ,52.8053,10.9219    ,52.537 ,10.7074  ,52.3139,10.4911   ,52.0596,10.2347   ,51.817 ,9.9989    ,51.5396,9.73578    ,51.3038,9.51087   ,51.079 ,9.29401   ,50.8314,9.05048     ,50.5745,8.78693   ,50.3145,8.52004   ,53.0869,11.0964   ,52.9363,10.5805    ,52.7036,10.2773   ,52.4967,10.0469   ,52.2625,9.81586   ,52.0314,9.60181    ,51.7558,9.35866    ,51.5162,9.15462   ,51.2825,8.96347    ,51.0165,8.76152   ,50.7169,8.56278   ,50.3145,8.52004   ,50.3648,8.93931   ,50.5687,9.26203   ,50.7894,9.54058    ,50.9992,9.77874   ,51.2284,10.0225   ,51.5136,10.3116    ,51.7814,10.5785   ,52.0584,10.8619   ,52.2946,11.0681   ,52.5974,11.2058   ,51.7144,-9.91112  ,-0.776679  ,468,109131,46.5313,11.3493,110.024,0
1412,52.983 ,11.1608   ,52.7574,10.9603    ,52.5242,10.7256  ,52.2738,10.4634   ,52.0382,10.2199   ,51.7891,9.9699    ,51.5374,9.72367    ,51.2922,9.4863    ,51.0597,9.2613    ,50.8073,9.01563     ,50.5754,8.78637   ,50.3113,8.53893   ,52.983 ,11.1608   ,52.9409,10.6998    ,52.7867,10.4343   ,52.5776,10.156    ,52.349 ,9.90084   ,52.0905,9.64156    ,51.8221,9.39337    ,51.5558,9.16402   ,51.2988,8.95891    ,51.0106,8.75213   ,50.722 ,8.57879   ,50.3113,8.53893   ,50.3666,8.93197   ,50.5353,9.21172   ,50.746 ,9.49136    ,50.9491,9.73168   ,51.1696,9.97347   ,51.4036,10.2152    ,51.6457,10.4558   ,51.8941,10.6915   ,52.1931,10.9458   ,52.5053,11.1512   ,51.7099,-9.91241  ,-0.79603   ,469,109753,45.9269,10.9881,109.439,0
1413,53.0874,11.3582   ,52.8197,11.1182    ,52.5915,10.8885  ,52.3304,10.5797   ,52.1205,10.3257   ,51.8804,10.0554   ,51.6142,9.77843    ,51.3403,9.50821   ,51.075 ,9.2553    ,50.8333,9.03087     ,50.5496,8.77018   ,50.2354,8.54119   ,53.0874,11.3582   ,52.9671,10.7903    ,52.7646,10.4952   ,52.5297,10.1654   ,52.3369,9.91404   ,52.1037,9.65474    ,51.8406,9.40018    ,51.5686,9.16315   ,51.3033,8.95379    ,51.0518,8.77618   ,50.7111,8.56177   ,50.2354,8.54119   ,50.3225,8.91929   ,50.5393,9.21625   ,50.7622,9.47778    ,51.0216,9.76574   ,51.2967,10.0652   ,51.571 ,10.3638    ,51.8288,10.6493   ,52.0642,10.9118   ,52.3529,11.2089   ,52.6084,11.3871   ,51.7354,-9.95158  ,-0.813133  ,483,112646,49.3317,10.9616,114.51 ,0
1414,53.1365,11.3733   ,52.8631,11.1668    ,52.5762,10.9047  ,52.3334,10.6367   ,52.1108,10.3796   ,51.8654,10.0944   ,51.6335,9.83679    ,51.3319,9.51797   ,51.082 ,9.2636    ,50.8092,8.99646     ,50.5367,8.74896   ,50.2345,8.52343   ,53.1365,11.3733   ,53.0205,10.8573    ,52.7364,10.5106   ,52.4939,10.2142   ,52.2776,9.94583   ,52.0162,9.64817    ,51.7663,9.38562    ,51.4551,9.07897   ,51.2065,8.85336    ,50.9385,8.64403   ,50.6495,8.48592   ,50.2345,8.52343   ,50.3533,8.95198   ,50.5962,9.26983   ,50.8615,9.57799    ,51.107 ,9.85229   ,51.4023,10.1819   ,51.626 ,10.4402    ,51.8661,10.7222   ,52.1009,10.9774   ,52.3476,11.2255   ,52.6336,11.4176   ,51.7264,-9.96246  ,-0.826725  ,486,114243,50.0308,10.8287,115.681,0
1415,53.1041,11.3653   ,52.8591,11.1489    ,52.5451,10.8899  ,52.2808,10.6295   ,52.0418,10.3498   ,51.8079,10.0548   ,51.5658,9.75448    ,51.3164,9.46183   ,51.0595,9.18738   ,50.7597,8.89528     ,50.4725,8.64706   ,50.1415,8.43644   ,53.1041,11.3653   ,53.0313,10.8461    ,52.7268,10.5088   ,52.4677,10.2207   ,52.24  ,9.93167   ,52.0086,9.63121    ,51.7547,9.32523    ,51.4854,9.03685   ,51.2041,8.78577    ,50.8774,8.54753   ,50.5534,8.39288   ,50.1415,8.43644   ,50.3129,8.84179   ,50.558 ,9.16534   ,50.8286,9.50157    ,51.0624,9.79233   ,51.2949,10.0844   ,51.528 ,10.3785    ,51.7659,10.6712   ,52.0118,10.9478   ,52.2718,11.1873   ,52.6023,11.386    ,51.6962,-9.92494  ,-0.839865  ,498,115714,51.361 ,10.8962,120.752,0
1416,53.0209,11.295    ,52.7704,11.0629    ,52.4636,10.7858  ,52.199 ,10.5182   ,51.9562,10.2402   ,51.7342,9.9599    ,51.4791,9.63211    ,51.2549,9.35705   ,50.9848,9.05387   ,50.7003,8.77346     ,50.4176,8.53079   ,50.0915,8.30125   ,53.0209,11.295    ,52.9487,10.7611    ,52.655 ,10.4207   ,52.4046,10.1395   ,52.1865,9.86485   ,51.9827,9.58746    ,51.7235,9.25424    ,51.4761,8.97366   ,51.1647,8.67681    ,50.8444,8.43571   ,50.5243,8.27673   ,50.0915,8.30125   ,50.2316,8.72246   ,50.4747,9.03699   ,50.7246,9.34726    ,50.9584,9.65137   ,51.1608,9.91696   ,51.4131,10.2386    ,51.6498,10.5224   ,51.9089,10.8051   ,52.1823,11.0643   ,52.5091,11.2931   ,51.6267,-9.82531  ,-0.846914  ,513,119203,51.5918,10.6623,120.51 ,0
1417,53.0593,11.2861   ,52.7819,11.0513    ,52.5002,10.8178  ,52.2127,10.5381   ,51.9465,10.2364   ,51.7022,9.93069   ,51.4657,9.62511    ,51.1864,9.27391   ,50.9458,8.99242   ,50.6531,8.69001     ,50.3662,8.42566   ,50.0417,8.1839    ,53.0593,11.2861   ,52.9484,10.7414    ,52.6782,10.4643   ,52.4122,10.1711   ,52.1752,9.87174   ,51.95  ,9.56809    ,51.714 ,9.25747    ,51.4153,8.89845   ,51.1467,8.62596    ,50.8105,8.35593   ,50.4826,8.16469   ,50.0417,8.1839    ,50.1716,8.61918   ,50.4117,8.94282   ,50.6629,9.26949    ,50.8779,9.55225   ,51.1382,9.89108   ,51.3753,10.1914    ,51.6337,10.4992   ,51.9209,10.8063   ,52.2247,11.0831   ,52.5265,11.2918   ,51.5789,-9.76438  ,-0.853439  ,524,122407,53.3128,10.5001,123.338,0
1418,53.11  ,11.1578   ,52.7658,10.9958    ,52.4136,10.7336  ,52.1222,10.4369   ,51.8488,10.1143   ,51.5865,9.7858    ,51.3278,9.45871    ,51.0704,9.13791   ,50.8138,8.83046   ,50.5199,8.50385     ,50.236 ,8.21246   ,49.9171,7.89      ,53.11  ,11.1578   ,52.8864,10.6666    ,52.573 ,10.3432   ,52.3163,10.0463   ,52.0778,9.74311   ,51.8384,9.43311    ,51.5845,9.11508    ,51.3133,8.79731   ,51.0291,8.49906    ,50.6915,8.20844   ,50.3582,7.98277   ,49.9171,7.89      ,50.0353,8.36322   ,50.2659,8.71259   ,50.5131,9.06349    ,50.7419,9.37374   ,50.9853,9.6942    ,51.2481,10.029     ,51.5313,10.3764   ,51.8342,10.7217   ,52.1552,11.0318   ,52.5449,11.2656   ,51.5078,-9.66731  ,-0.860163  ,545,127033,56.5297,10.2872,130.167,0
1419,53.0738,11.0969   ,52.7048,10.957     ,52.3892,10.7153  ,52.094 ,10.4052   ,51.8142,10.0661   ,51.5375,9.71738   ,51.2974,9.41582    ,51.0153,9.06365   ,50.7709,8.76298   ,50.4868,8.42236     ,50.2151,8.11685   ,49.8755,7.80724   ,53.0738,11.0969   ,52.8479,10.627     ,52.5837,10.3559   ,52.3285,10.0614   ,52.0895,9.75681   ,51.8464,9.44163    ,51.6188,9.15652    ,51.3218,8.8054    ,51.0422,8.49593    ,50.6919,8.14701   ,50.3377,7.86673   ,49.8755,7.80724   ,50.0179,8.28974   ,50.2017,8.60448   ,50.4181,8.93073    ,50.6275,9.22136   ,50.8959,9.57448   ,51.1486,9.89279    ,51.4602,10.2764   ,51.7783,10.6543   ,52.1079,10.9924   ,52.4697,11.2309   ,51.4658,-9.60291  ,-0.870842  ,556,129789,56.9843,10.2408,130.409,0
1420,52.9816,11.1484   ,52.651 ,10.9293    ,52.3517,10.6736  ,52.062 ,10.3525   ,51.7866,10.0043   ,51.5477,9.70869   ,51.2717,9.37468    ,51.0223,9.06916   ,50.7213,8.69843   ,50.4653,8.38559     ,50.2107,8.09137   ,49.8906,7.75463   ,52.9816,11.1484   ,52.8246,10.6118    ,52.5526,10.3259   ,52.2989,10.0122   ,52.0738,9.70325   ,51.8749,9.45553    ,51.6353,9.17098    ,51.3841,8.87386   ,51.0328,8.48225    ,50.6969,8.14303   ,50.3595,7.85598   ,49.8906,7.75463   ,49.9792,8.23565   ,50.1481,8.52646   ,50.3249,8.80906    ,50.5745,9.15938   ,50.8273,9.47953   ,51.1415,9.8662     ,51.4204,10.2054   ,51.7454,10.5947   ,52.0659,10.9365   ,52.3936,11.1828   ,51.4361,-9.56186  ,-0.872246  ,552,129928,56.5716,10.6072,130.409,0
1421,52.8726,11.0954   ,52.5759,10.849     ,52.2905,10.5782  ,52.0053,10.2708   ,51.7447,9.95924   ,51.4736,9.61552   ,51.2092,9.29077    ,50.9667,8.99307   ,50.7112,8.68182   ,50.4449,8.36523     ,50.1789,8.05298   ,49.8704,7.69295   ,52.8726,11.0954   ,52.7848,10.5908    ,52.5552,10.3126   ,52.3214,10.0309   ,52.1166,9.76014   ,51.9065,9.4768     ,51.6662,9.19441    ,51.3993,8.88995   ,51.073 ,8.54266    ,50.7071,8.18607   ,50.3355,7.86942   ,49.8704,7.69295   ,49.9375,8.13696   ,50.0929,8.43885   ,50.2621,8.71591    ,50.4502,8.99369   ,50.6738,9.29084   ,50.9661,9.66122    ,51.2916,10.0567   ,51.5983,10.406    ,51.929 ,10.7444   ,52.275 ,11.0252   ,51.378 ,-9.48659  ,-0.876931  ,542,127312,55.756 ,12.2286,128.995,0
1422,52.7095,10.9906   ,52.4124,10.7259    ,52.1302,10.4282  ,51.8543,10.1084   ,51.5995,9.78908   ,51.3524,9.46913   ,51.0917,9.14101    ,50.8597,8.855     ,50.5872,8.51998   ,50.3102,8.18566     ,50.0769,7.90578   ,49.7805,7.55      ,52.7095,10.9906   ,52.6412,10.505     ,52.4359,10.2105   ,52.2269,9.9329    ,52.0327,9.6634    ,51.8188,9.37516    ,51.5492,9.04906    ,51.2756,8.74297   ,50.9165,8.36619    ,50.5363,7.99752   ,50.2155,7.7215    ,49.7805,7.55      ,49.8644,8.00093   ,50.0049,8.27889   ,50.1791,8.57801    ,50.3664,8.87143   ,50.5572,9.13793   ,50.8135,9.47054    ,51.096 ,9.82381   ,51.4064,10.1923   ,51.7435,10.5553   ,52.105 ,10.8682   ,51.2708,-9.36347  ,-0.887817  ,527,123062,55.5016,12.3847,125.581,0
1423,52.5013,10.9011   ,52.2598,10.6207    ,52.0249,10.3248  ,51.7917,10.0247   ,51.5332,9.68625   ,51.2954,9.38344   ,51.0803,9.11623    ,50.8229,8.79862   ,50.5662,8.48128   ,50.3123,8.17247     ,50.0652,7.88132   ,49.7995,7.5714    ,52.5013,10.9011   ,52.506 ,10.4168    ,52.3552,10.1275   ,52.1913,9.87019   ,51.9943,9.58499   ,51.7808,9.30865    ,51.5574,9.04297    ,51.2497,8.70123   ,50.9051,8.34274    ,50.5468,7.99681   ,50.1992,7.70334   ,49.7995,7.5714    ,49.8639,7.98092   ,50.0059,8.26226   ,50.1541,8.53007    ,50.3229,8.80502   ,50.5299,9.09931   ,50.7396,9.37006    ,51.006 ,9.70217   ,51.3274,10.0945   ,51.6269,10.4356   ,51.9488,10.7436   ,51.2339,-9.31706  ,-0.891809  ,508,119144,52.6166,12.7927,120.752,0
1424,52.6116,10.7873   ,52.2867,10.6054    ,52.0134,10.3411  ,51.7788,10.0362   ,51.5416,9.70141   ,51.3071,9.39113   ,51.0822,9.11254    ,50.81  ,8.78427   ,50.5565,8.47129   ,50.3104,8.17071     ,50.0647,7.88416   ,49.7774,7.57024   ,52.6116,10.7873   ,52.4682,10.3045    ,52.2347,9.99303   ,52.0399,9.70317   ,51.8449,9.40733   ,51.6298,9.1243     ,51.4174,8.86584    ,51.1411,8.55467   ,50.8417,8.24626    ,50.5129,7.94285   ,50.1741,7.67604   ,49.7774,7.57024   ,49.886 ,8.01456   ,50.0379,8.31451   ,50.2007,8.60929    ,50.4038,8.92209   ,50.6694,9.26502   ,50.9116,9.56643    ,51.1758,9.90916   ,51.4596,10.2878   ,51.7316,10.617    ,52.029 ,10.8489   ,51.2215,-9.31235  ,-0.898282  ,505,117730,52.9743,10.3989,122.267,0
1425,52.5878,10.9085   ,52.3235,10.6551    ,52.0685,10.4055  ,51.7837,10.0841   ,51.5621,9.77012   ,51.3631,9.46133   ,51.1265,9.13645    ,50.8974,8.84571   ,50.6097,8.50121   ,50.3647,8.21865     ,50.0924,7.91937   ,49.8029,7.64263   ,52.5878,10.9085   ,52.544 ,10.3838    ,52.3246,10.1116   ,52.0821,9.81115   ,51.8937,9.52462   ,51.7007,9.22973    ,51.471 ,8.91458    ,51.2343,8.62514   ,50.9027,8.27175    ,50.5878,7.98268   ,50.2087,7.70118   ,49.8029,7.64263   ,49.8999,8.05828   ,50.0626,8.36497   ,50.2332,8.6337     ,50.4804,8.96788   ,50.7085,9.26262   ,50.9634,9.60256    ,51.1751,9.92783   ,51.4141,10.2657   ,51.7255,10.6091   ,52.0223,10.8501   ,51.2337,-9.31744  ,-0.906971  ,514,118616,52.8008,10.2797,123.095,0
1426,52.5847,10.7963   ,52.2796,10.5673    ,52.0164,10.338   ,51.7489,10.0411   ,51.5039,9.68922   ,51.3036,9.38225   ,51.0736,9.06324    ,50.8071,8.72652   ,50.5567,8.42932   ,50.3096,8.13886     ,50.0586,7.81825   ,49.8595,7.46937   ,52.5847,10.7963   ,52.4956,10.3072    ,52.2865,10.0572   ,52.0612,9.77906   ,51.8616,9.46761   ,51.6804,9.18496    ,51.4454,8.87469    ,51.1423,8.52869   ,50.8459,8.21744    ,50.5487,7.91985   ,50.2373,7.62421   ,49.8595,7.46937   ,49.82  ,7.92461   ,49.9918,8.26373   ,50.1835,8.54276    ,50.3902,8.8256    ,50.63  ,9.15775   ,50.8659,9.49049    ,51.09  ,9.82337   ,51.369 ,10.2153   ,51.6629,10.5373   ,51.9757,10.7553   ,51.2079,-9.27426  ,-0.905366  ,517,120259,53.1043,10.6693,122.853,0
1427,52.5647,10.76     ,52.2925,10.5619    ,52.0029,10.2971  ,51.7357,9.99697   ,51.4836,9.64955   ,51.2856,9.3589    ,51.0453,9.01878    ,50.8278,8.72338   ,50.5495,8.37533   ,50.2897,8.08292     ,50.0314,7.80815   ,49.7317,7.5097    ,52.5647,10.76     ,52.4651,10.2765    ,52.2324,9.99854   ,52.0248,9.72819   ,51.8245,9.415     ,51.6444,9.13827    ,51.4009,8.79776    ,51.1595,8.49135   ,50.8332,8.12995    ,50.5134,7.83626   ,50.1707,7.58396   ,49.7317,7.5097    ,49.8102,7.94639   ,49.9784,8.23512   ,50.1809,8.52165    ,50.4204,8.85624   ,50.6188,9.14186   ,50.86  ,9.48286    ,51.0763,9.78667   ,51.3675,10.165    ,51.6785,10.4977   ,52.0255,10.7689   ,51.1668,-9.20598  ,-0.91208   ,518,121010,53.1435,10.5075,124.167,0
1428,52.3301,10.7525   ,52.1102,10.4712    ,51.8741,10.1721  ,51.6144,9.82759   ,51.3842,9.49964   ,51.1522,9.1725    ,50.9374,8.88382    ,50.674 ,8.53952   ,50.4379,8.24237   ,50.1879,7.94779     ,49.9441,7.66843   ,49.6505,7.32288   ,52.3301,10.7525   ,52.3425,10.2483    ,52.1717,9.93683   ,51.9651,9.62045   ,51.7697,9.32185   ,51.5567,9.01068    ,51.3424,8.72385    ,51.0447,8.36349   ,50.7476,8.04031    ,50.4275,7.72908   ,50.1087,7.46755   ,49.6505,7.32288   ,49.7037,7.78127   ,49.8647,8.07056   ,50.0462,8.3453     ,50.2269,8.61683   ,50.4579,8.94594   ,50.6784,9.23937    ,50.9339,9.58459   ,51.1959,9.93968   ,51.498 ,10.3064   ,51.8017,10.5979   ,51.0793,-9.09992  ,-0.914871  ,521,121475,53.4104,11.1845,123.338,0
1429,52.2506,10.5168   ,51.9679,10.3059    ,51.7253,10.0125  ,51.5056,9.6822    ,51.3159,9.39683   ,51.0675,9.05573   ,50.8372,8.75397    ,50.6017,8.44696   ,50.3675,8.14265   ,50.1354,7.85191     ,49.8624,7.54989   ,49.5682,7.29961   ,52.2506,10.5168   ,52.1737,10.0169    ,52.0011,9.71834   ,51.8172,9.41339   ,51.6469,9.14558   ,51.4125,8.81717    ,51.1877,8.51992    ,50.9363,8.20478   ,50.6629,7.88608    ,50.3752,7.59092   ,50.0059,7.31741   ,49.5682,7.29961   ,49.64  ,7.70518   ,49.8183,8.02076   ,49.9945,8.29971    ,50.1886,8.58684   ,50.408 ,8.88604   ,50.6475,9.19489    ,50.9173,9.55199   ,51.1329,9.8563    ,51.3844,10.2136   ,51.6886,10.521    ,50.9577,-8.94658  ,-0.929711  ,518,121335,51.6742,10.5653,121.095,0
1430,52.0072,10.4886   ,51.7893,10.1676    ,51.603 ,9.85114  ,51.4014,9.52711   ,51.1585,9.18915   ,50.9288,8.88985   ,50.6875,8.58308    ,50.4508,8.27657   ,50.2331,7.98041   ,49.9742,7.65109     ,49.7231,7.38985   ,49.389 ,7.12094   ,52.0072,10.4886   ,52.0587,9.92748    ,51.9177,9.60595   ,51.7528,9.3045    ,51.5354,8.9851    ,51.3139,8.69264    ,51.072 ,8.38589    ,50.8149,8.06938   ,50.5402,7.75427    ,50.1831,7.41322   ,49.8445,7.17436   ,49.389 ,7.12094   ,49.5165,7.52549   ,49.6845,7.79825   ,49.8557,8.11037    ,50.0109,8.38309   ,50.2228,8.67757   ,50.4645,8.98557    ,50.7073,9.29465   ,50.9852,9.65489   ,51.2346,10.0047   ,51.4654,10.32     ,50.8271,-8.79405  ,-0.929351  ,518,120223,52.5739,11.0196,121.681,0
1431,51.8002,10.3552   ,51.6578,10.0468    ,51.5014,9.72042  ,51.3054,9.39119   ,51.0611,9.05308   ,50.8305,8.75718   ,50.5949,8.45819    ,50.3656,8.16189   ,50.1506,7.87703   ,49.9296,7.60532     ,49.676 ,7.31512   ,49.3863,7.01573   ,51.8002,10.3552   ,51.9643,9.85126    ,51.8448,9.51288   ,51.6799,9.19437   ,51.4688,8.87508   ,51.2459,8.5846     ,50.9929,8.27619    ,50.7196,7.96079   ,50.4378,7.65701    ,50.1478,7.3814    ,49.8118,7.1153    ,49.3863,7.01573   ,49.4697,7.43858   ,49.6378,7.7425    ,49.7909,8.00433    ,49.939 ,8.26633   ,50.1187,8.54045   ,50.3365,8.83039    ,50.5782,9.13314   ,50.8664,9.49241   ,51.1082,9.83505   ,51.3093,10.1498   ,50.7687,-8.72139  ,-0.929412  ,502,116780,50.7996,11.5533,118.853,0
1432,51.7954,10.227    ,51.6302,9.95793    ,51.4465,9.64071  ,51.2316,9.29163   ,51.0458,9.02502   ,50.7972,8.69761   ,50.6038,8.45464    ,50.3711,8.16338   ,50.146 ,7.87993   ,49.8827,7.56293     ,49.6565,7.31109   ,49.359 ,7.0387    ,51.7954,10.227    ,51.8919,9.74203    ,51.7851,9.40756   ,51.6119,9.08503   ,51.4505,8.83677   ,51.2086,8.51344    ,50.997 ,8.25944    ,50.7191,7.94501   ,50.4272,7.63598    ,50.0799,7.30928   ,49.7873,7.08901   ,49.359 ,7.0387    ,49.4519,7.45613   ,49.6096,7.72932   ,49.7897,8.03118    ,49.9477,8.28606   ,50.1321,8.55212   ,50.3097,8.78539    ,50.5742,9.12201   ,50.7932,9.41088   ,51.0556,9.7849    ,51.3164,10.0843   ,50.7353,-8.67351  ,-0.929228  ,496,115126,49.4049,11.5179,116.853,0
1433,51.8013,10.1605   ,51.5614,9.90683    ,51.3915,9.61767  ,51.2187,9.28264   ,51.0235,8.9813    ,50.8077,8.70171   ,50.5781,8.4141     ,50.3479,8.12581   ,50.1148,7.83945   ,49.8886,7.56804     ,49.6323,7.29012   ,49.3395,7.05633   ,51.8013,10.1605   ,51.8356,9.63327    ,51.6895,9.33156   ,51.5386,9.01601   ,51.3708,8.73668   ,51.1769,8.47399    ,50.9426,8.18799    ,50.6697,7.88146   ,50.3686,7.57111    ,50.0654,7.28952   ,49.7331,7.04732   ,49.3395,7.05633   ,49.4589,7.4639    ,49.6382,7.76117   ,49.7838,8.01432    ,49.9486,8.27402   ,50.1369,8.54424   ,50.3625,8.83392    ,50.609 ,9.1351    ,50.851 ,9.46591   ,51.0504,9.81871   ,51.232 ,10.1028   ,50.7188,-8.65378  ,-0.935495  ,489,114395,48.9146,10.9191,117.439,0
1434,51.9807,10.1488   ,51.6934,9.92684    ,51.4514,9.69458  ,51.2049,9.40621   ,51.0314,9.08716   ,50.8365,8.73314   ,50.6255,8.44501    ,50.3911,8.14681   ,50.1634,7.8586    ,49.9072,7.55081     ,49.6834,7.31084   ,49.3819,7.02091   ,51.9807,10.1488   ,51.8623,9.66586    ,51.6784,9.40554   ,51.4862,9.10916   ,51.3406,8.79558   ,51.1496,8.44821    ,50.9384,8.16117    ,50.6908,7.85964   ,50.4288,7.56889    ,50.111 ,7.27465   ,49.8303,7.0685    ,49.3819,7.02091   ,49.4611,7.47656   ,49.6299,7.74439   ,49.8249,8.05631    ,50.0131,8.33548   ,50.2358,8.62978   ,50.4599,8.92492    ,50.682 ,9.29166   ,50.8602,9.60866   ,51.1315,9.88804   ,51.4276,10.0923   ,50.7018,-8.63324  ,-0.947562  ,496,114777,50.2583,10.3575,118.267,0
1435,51.963 ,10.1612   ,51.6661,9.93941    ,51.4128,9.67571  ,51.1432,9.32644   ,50.9759,9.00615   ,50.7823,8.63315   ,50.5785,8.3354     ,50.3133,8.00929   ,50.074 ,7.73335   ,49.8006,7.43013     ,49.5076,7.15817   ,49.2119,6.87612   ,51.963 ,10.1612   ,51.8555,9.64289    ,51.6323,9.33972   ,51.3921,8.97302   ,51.2617,8.65788   ,51.0592,8.28961    ,50.8256,7.9851     ,50.5249,7.64701   ,50.2441,7.36432    ,49.9126,7.07857   ,49.5619,6.91868   ,49.2119,6.87612   ,49.3752,7.34155   ,49.6004,7.69049   ,49.8103,7.99564    ,50.0061,8.25999   ,50.2497,8.58035   ,50.4474,8.88149    ,50.6451,9.26061   ,50.8418,9.59163   ,51.1159,9.92056   ,51.3903,10.1557   ,50.6715,-8.57742  ,-0.948857  ,504,116061,53.1405,10.575 ,127.338,0
1436,51.9646,10.1257   ,51.6515,9.90811    ,51.3917,9.64562  ,51.1525,9.33764   ,50.9689,9.01732   ,50.7931,8.67792   ,50.5969,8.33956    ,50.3831,8.03654   ,50.1386,7.73644   ,49.8825,7.47479     ,49.58  ,7.19897   ,49.2491,6.96302   ,51.9646,10.1257   ,51.7874,9.56837    ,51.5548,9.25081   ,51.3632,8.92839   ,51.217 ,8.62471   ,51.0704,8.31901    ,50.8628,7.9858     ,50.6051,7.67042   ,50.3062,7.35795    ,50.0037,7.09819   ,49.6655,6.90207   ,49.2491,6.96302   ,49.4063,7.42354   ,49.6759,7.76928   ,49.8864,8.02131    ,50.083 ,8.3004    ,50.2657,8.59408   ,50.466 ,8.94089    ,50.6683,9.31348   ,50.8867,9.65968   ,51.1506,9.94894   ,51.4257,10.1682   ,50.6575,-8.54142  ,-0.957918  ,506,117292,51.8361,10.8006,122.267,0
1437,51.9103,10.1002   ,51.6036,9.85617    ,51.3396,9.58507  ,51.1063,9.25491   ,50.9144,8.91282   ,50.7191,8.55576   ,50.496 ,8.20093    ,50.2606,7.84999   ,50.0143,7.55879   ,49.7341,7.29151     ,49.3897,6.99711   ,49.0379,6.77452   ,51.9103,10.1002   ,51.7459,9.5171     ,51.5041,9.17212   ,51.3142,8.82673   ,51.1508,8.48971   ,50.9541,8.14062    ,50.7164,7.77509    ,50.4266,7.40685   ,50.1222,7.13302    ,49.8141,6.92926   ,49.4372,6.7376    ,49.0379,6.77452   ,49.2415,7.18076   ,49.5578,7.5678    ,49.8156,7.89217    ,50.0202,8.19395   ,50.21  ,8.52578   ,50.4232,8.86923    ,50.623 ,9.23435   ,50.8427,9.58887   ,51.0987,9.90199   ,51.3667,10.1136   ,50.5861,-8.43418  ,-0.954818  ,523,121503,54.6535,11.194 ,126.853,0
1438,51.8227,10.0941   ,51.5787,9.81268    ,51.3006,9.49813  ,51.0414,9.15317   ,50.8694,8.83593   ,50.6791,8.47704   ,50.4376,8.1011     ,50.2008,7.76045   ,49.9584,7.45965   ,49.6855,7.1737      ,49.363 ,6.89363   ,49.0068,6.65827   ,51.8227,10.0941   ,51.75  ,9.5598     ,51.535 ,9.20954   ,51.3386,8.87268   ,51.1831,8.55604   ,50.9819,8.18283    ,50.7253,7.78697    ,50.4247,7.40797   ,50.1014,7.07547    ,49.7781,6.80742   ,49.4266,6.62526   ,49.0068,6.65827   ,49.2084,7.09151   ,49.5001,7.45238   ,49.7272,7.74448    ,49.9017,8.01315   ,50.0869,8.3197    ,50.3196,8.67877    ,50.5128,9.02721   ,50.6865,9.34056   ,50.9802,9.6837    ,51.3121,9.95775   ,50.5497,-8.36513  ,-0.958276  ,533,124279,55.076 ,10.1975,128.51 ,0
1439,51.7593,10.1592   ,51.54  ,9.82215    ,51.32  ,9.53562  ,51.0799,9.19702   ,50.8522,8.79274   ,50.6728,8.46076   ,50.4513,8.11818    ,50.1896,7.75459   ,49.9312,7.42751   ,49.6921,7.15611     ,49.4054,6.86756   ,49.0272,6.58594   ,51.7593,10.1592   ,51.78  ,9.59957    ,51.5995,9.28129   ,51.3898,8.94404   ,51.1843,8.56076   ,51.0095,8.22874    ,50.7837,7.87608    ,50.4859,7.48594   ,50.1577,7.12231    ,49.8605,6.83479   ,49.5268,6.5833    ,49.0272,6.58594   ,49.1912,7.0684    ,49.427 ,7.37359   ,49.6112,7.62245    ,49.8122,7.91592   ,50.0494,8.25926   ,50.2779,8.5969     ,50.4714,8.92925   ,50.7021,9.34322   ,50.9534,9.67375   ,51.2151,9.93345   ,50.5242,-8.32419  ,-0.959238  ,540,126697,55.6204,10.1585,127.924,0
1440,51.7603,10.1596   ,51.538 ,9.82791    ,51.3184,9.54139  ,51.0403,9.14582   ,50.8504,8.79544   ,50.6354,8.41598   ,50.4329,8.11798    ,50.1779,7.75709   ,49.9296,7.4334    ,49.6549,7.10671     ,49.3748,6.80812   ,49.0285,6.52375   ,51.7603,10.1596   ,51.7913,9.62651    ,51.6165,9.31372   ,51.3663,8.90836   ,51.1801,8.555     ,50.9733,8.18226    ,50.7749,7.88557    ,50.4884,7.50552   ,50.185 ,7.1533     ,49.8485,6.80725   ,49.513 ,6.53059   ,49.0285,6.52375   ,49.1479,6.99813   ,49.3666,7.30027   ,49.5863,7.60405    ,49.7884,7.90225   ,50.022 ,8.24963   ,50.2321,8.55158    ,50.4739,8.94187   ,50.6491,9.2772    ,50.9325,9.65235   ,51.2003,9.91833   ,50.5046,-8.30442  ,-0.960706  ,547,129003,56.1136,10.256 ,128.752,0
1441,51.7768,10.1159   ,51.5131,9.78051    ,51.2859,9.48855  ,51.0191,9.09027   ,50.8278,8.73631   ,50.603 ,8.34797   ,50.3559,7.98834    ,50.1125,7.66236   ,49.8554,7.3297    ,49.5898,7.00595     ,49.285 ,6.66746   ,48.9505,6.36574   ,51.7768,10.1159   ,51.745 ,9.53302    ,51.5603,9.21752   ,51.314 ,8.81375   ,51.1356,8.46487   ,50.9197,8.08493    ,50.6666,7.72351    ,50.3982,7.38331   ,50.0967,7.02924    ,49.7861,6.70171   ,49.4096,6.40463   ,48.9505,6.36574   ,49.0734,6.84182   ,49.3056,7.20764   ,49.526 ,7.51974    ,49.7429,7.83096   ,49.9672,8.14635   ,50.2214,8.51107    ,50.4687,8.91134   ,50.6636,9.26054   ,50.9246,9.64129   ,51.191 ,9.91473   ,50.4557,-8.22484  ,-0.96117   ,564,132685,57.8484,10.0336,134.995,0
1442,51.78  ,10.1112   ,51.5152,9.78429    ,51.2498,9.43608  ,51.0264,9.09771   ,50.8042,8.69296   ,50.573 ,8.30238   ,50.3209,7.94061    ,50.0779,7.61499   ,49.7788,7.22677   ,49.5205,6.90296     ,49.2299,6.5504    ,48.9283,6.19986   ,51.78  ,10.1112   ,51.7478,9.53751    ,51.5295,9.16791   ,51.3227,8.82991   ,51.1228,8.4391    ,50.9067,8.06525    ,50.6549,7.70974    ,50.3905,7.376     ,50.0474,6.97017    ,49.7512,6.64724   ,49.386 ,6.32611   ,48.9283,6.19986   ,48.9923,6.67763   ,49.2068,7.05543   ,49.4226,7.3728     ,49.6818,7.74375   ,49.908 ,8.06442   ,50.1725,8.43888    ,50.4336,8.85038   ,50.6678,9.25873   ,50.8877,9.58771   ,51.1939,9.9188    ,50.4319,-8.18787  ,-0.961292  ,573,134228,59.4979,10.1405,136.995,0
1443,51.7844,10.1086   ,51.5482,9.81928    ,51.2695,9.46072  ,50.9998,9.05191   ,50.8021,8.68729   ,50.5579,8.2796    ,50.3347,7.95778    ,50.0471,7.57038   ,49.7964,7.24519   ,49.5139,6.89067     ,49.2125,6.53762   ,48.9043,6.20934   ,51.7844,10.1086   ,51.7613,9.56275    ,51.5315,9.17144   ,51.2838,8.75997   ,51.1053,8.40536   ,50.8672,8.00628    ,50.6419,7.68639    ,50.3345,7.29508   ,50.0622,6.97684    ,49.7555,6.65205   ,49.3607,6.33546   ,48.9043,6.20934   ,48.9749,6.63972   ,49.1914,7.02947   ,49.4485,7.40943    ,49.6759,7.73524   ,49.9474,8.1192    ,50.1785,8.44769    ,50.4444,8.86897   ,50.654 ,9.23469   ,50.9198,9.6285    ,51.2435,9.96189   ,50.4292,-8.18075  ,-0.962457  ,576,134806,59.6132,10.036 ,138.995,0
1444,51.7859,10.1054   ,51.542 ,9.80799    ,51.2604,9.44568  ,50.9987,9.04044   ,50.7931,8.66468   ,50.5645,8.29427   ,50.3327,7.96371    ,50.0451,7.56933   ,49.7971,7.24075   ,49.5198,6.8925      ,49.2133,6.53331   ,48.8971,6.19712   ,51.7859,10.1054   ,51.7518,9.54185    ,51.5226,9.152     ,51.2912,8.75105   ,51.0935,8.37506   ,50.8687,8.00925    ,50.6368,7.67968    ,50.3201,7.27407   ,50.0457,6.95048    ,49.7446,6.63768   ,49.3531,6.32157   ,48.8971,6.19712   ,48.9829,6.64247   ,49.2127,7.04678   ,49.4688,7.42793    ,49.6865,7.75219   ,49.948 ,8.13565   ,50.1867,8.47084    ,50.4332,8.84944   ,50.6461,9.2201    ,50.9115,9.61835   ,51.2384,9.95803   ,50.4342,-8.18258  ,-0.96393   ,579,134921,59.7609,10.1307,138.995,0
1445,51.7819,10.1128   ,51.5129,9.7792     ,51.2855,9.48809  ,51.0268,9.1022    ,50.8148,8.71332   ,50.6108,8.36987   ,50.3694,8.01144    ,50.113 ,7.6428    ,49.8673,7.31453   ,49.564 ,6.93475     ,49.3037,6.62979   ,48.9876,6.27417   ,51.7819,10.1128   ,51.7475,9.53117    ,51.5683,9.22604   ,51.3394,8.85644   ,51.1477,8.48764   ,50.9513,8.15341    ,50.7206,7.80425    ,50.4535,7.43374   ,50.1779,7.09357    ,49.8158,6.70165   ,49.4733,6.41118   ,48.9876,6.27417   ,49.0499,6.75179   ,49.2243,7.06276   ,49.4712,7.42537    ,49.6946,7.74389   ,49.9473,8.11485   ,50.2036,8.48517    ,50.4295,8.84295   ,50.6565,9.24708   ,50.9169,9.63342   ,51.1875,9.91376   ,50.4571,-8.21315  ,-0.968606  ,568,133021,58.3741,10.2206,135.581,0
1446,51.811 ,10.1234   ,51.5612,9.8096     ,51.2732,9.48153  ,51.0351,9.15745   ,50.8424,8.79774   ,50.6435,8.44923   ,50.4186,8.09613    ,50.1648,7.72942   ,49.9312,7.40591   ,49.647 ,7.03055     ,49.4082,6.72669   ,49.1217,6.36319   ,51.811 ,10.1234   ,51.794 ,9.56226    ,51.5589,9.23971   ,51.3601,8.93546   ,51.1765,8.57594   ,50.9786,8.23199    ,50.7585,7.88698    ,50.5028,7.52314   ,50.2511,7.19285    ,49.92  ,6.80719   ,49.5999,6.5143    ,49.1217,6.36319   ,49.1383,6.84054   ,49.2939,7.15015   ,49.53  ,7.51007    ,49.7521,7.82921   ,50.0083,8.20193   ,50.249 ,8.56718    ,50.455 ,8.91936   ,50.6466,9.27424   ,50.897 ,9.61324   ,51.2355,9.95082   ,50.5012,-8.28189  ,-0.974402  ,549,128519,56.831 ,9.97907,130.51 ,0
1447,51.8588,10.0667   ,51.5705,9.79595    ,51.3213,9.53755  ,51.0705,9.21297   ,50.8687,8.84895   ,50.6663,8.49683   ,50.4651,8.18304    ,50.2523,7.86266   ,50.0387,7.54766   ,49.7881,7.17627     ,49.5819,6.84598   ,49.3719,6.48305   ,51.8588,10.0667   ,51.7829,9.51874    ,51.5762,9.25926   ,51.3703,8.95461   ,51.1843,8.59235   ,50.9866,8.24537    ,50.7989,7.94891    ,50.5862,7.6411    ,50.351 ,7.31786    ,50.0594,6.92953   ,49.7941,6.62587   ,49.3719,6.48305   ,49.3077,6.95965   ,49.4453,7.31353   ,49.6549,7.67286    ,49.8469,7.97833   ,50.0615,8.31039   ,50.2819,8.64572    ,50.5006,9.00525   ,50.7028,9.36448   ,50.972 ,9.7076    ,51.2588,9.97536   ,50.5686,-8.36241  ,-0.988886  ,529,123482,53.7514,10.0719,126.267,0
1448,51.9493,10.0401   ,51.6395,9.83779    ,51.3811,9.60227  ,51.1153,9.28031   ,50.8975,8.91018   ,50.6988,8.56003   ,50.5075,8.25968    ,50.2774,7.90836   ,50.0895,7.60459   ,49.9025,7.22975     ,49.8118,6.87698   ,49.8099,6.42857   ,51.9493,10.0401   ,51.805 ,9.53806    ,51.5952,9.29378   ,51.3911,8.9975    ,51.2103,8.64068   ,51.0181,8.29893    ,50.8375,8.00963    ,50.6071,7.66571   ,50.411 ,7.37162    ,50.2186,7.0373    ,50.0853,6.7447    ,49.8099,6.42857   ,49.5232,6.88888   ,49.5455,7.30898   ,49.7086,7.73383    ,49.883 ,8.05076   ,50.1106,8.40886   ,50.3193,8.72191    ,50.5308,9.07798   ,50.7663,9.45503   ,51.0682,9.80593   ,51.3709,10.0531   ,50.6253,-8.39786  ,-1.02373   ,521,119835,53.2145,10.1716,124.61 ,0
1449,51.919 ,10.1001   ,51.6439,9.85591    ,51.3773,9.59982  ,51.1368,9.31398   ,50.9479,9.01848   ,50.7597,8.67665   ,50.5671,8.33841    ,50.3804,8.00426   ,50.222 ,7.64728   ,50.1494,7.3101      ,50.1791,6.90268   ,50.3256,6.55255   ,51.919 ,10.1001   ,51.8631,9.60051    ,51.6554,9.36234   ,51.4711,9.11575   ,51.3307,8.85865   ,51.1819,8.55897    ,51.0049,8.25294    ,50.8157,7.94737   ,50.6376,7.64444    ,50.5286,7.35085   ,50.4597,6.94367   ,50.3256,6.55255   ,49.927 ,6.75508   ,49.7622,7.15109   ,49.7723,7.5424     ,49.8933,7.96342   ,50.0743,8.3282    ,50.2841,8.69718    ,50.5097,9.08002   ,50.7324,9.414     ,51.0125,9.7456    ,51.3383,10.0312   ,50.726 ,-8.46352  ,-1.07716   ,509,116784,50.9353,11.4508,119.296,0
1450,51.945 ,10.0967   ,51.7236,9.89838    ,51.4557,9.63496  ,51.2272,9.39083   ,51.0024,9.1061    ,50.8191,8.7998    ,50.6513,8.50086    ,50.4816,8.18413   ,50.3632,7.83653   ,50.3609,7.49867     ,50.4622,7.17381   ,50.6563,6.82057   ,51.945 ,10.0967   ,51.9498,9.66089    ,51.74  ,9.3808    ,51.5461,9.15661   ,51.3613,8.90785   ,51.2158,8.63582    ,51.065 ,8.36265    ,50.8991,8.08764   ,50.7817,7.7981     ,50.7754,7.51489   ,50.8205,7.22029   ,50.6563,6.82057   ,50.1497,7.02833   ,49.9679,7.36915   ,49.9283,7.76625    ,50.0213,8.18645   ,50.1875,8.5515    ,50.3755,8.87885    ,50.5824,9.21364   ,50.824 ,9.52755   ,51.0774,9.79275   ,51.4152,10.0566   ,50.8226,-8.53548  ,-1.12149   ,497,113642,47.6394,11.0078,113.882,0
1451,52.0081,10.0021   ,51.694 ,9.8487     ,51.42  ,9.61738  ,51.1987,9.3889    ,50.9754,9.07327   ,50.7976,8.7632    ,50.6243,8.4544     ,50.487 ,8.10861   ,50.4498,7.74697   ,50.5683,7.45418     ,50.867 ,7.18507   ,51.1795,7.00741   ,52.0081,10.0021   ,51.9212,9.57503    ,51.7132,9.34649   ,51.5304,9.14946   ,51.3495,8.8966    ,51.2191,8.65131    ,51.0704,8.40358    ,50.927 ,8.15589   ,50.8614,7.88738    ,50.9547,7.63356   ,51.1427,7.32711   ,51.1795,7.00741   ,50.675 ,6.98688   ,50.2415,7.19905   ,50.0535,7.51921    ,50.0222,7.97045   ,50.1377,8.42446   ,50.3316,8.79837    ,50.5551,9.17159   ,50.8025,9.55003   ,51.0478,9.81373   ,51.3924,10.0654   ,50.8914,-8.54238  ,-1.19282   ,493,113811,48.546 ,11.4415,115.882,0
1452,52.0569,9.95066   ,51.7601,9.85823    ,51.4562,9.63336  ,51.2163,9.38569   ,50.9921,9.09102   ,50.7988,8.77805   ,50.6324,8.46244    ,50.5391,8.13249   ,50.5624,7.75585   ,50.7722,7.50109     ,51.1078,7.37186   ,51.5081,7.36914   ,52.0569,9.95066   ,51.9527,9.60166    ,51.7562,9.38782   ,51.5805,9.19868   ,51.4075,8.97632   ,51.2566,8.72777    ,51.1077,8.47949    ,50.9846,8.25195   ,50.9439,7.9745     ,51.0832,7.76106   ,51.3042,7.60833   ,51.5081,7.36914   ,51.0137,7.11755   ,50.5473,7.18832   ,50.2172,7.45267    ,50.081 ,7.91423   ,50.1217,8.35773   ,50.2965,8.75251    ,50.5235,9.1246    ,50.7801,9.48732   ,51.0719,9.80063   ,51.4789,10.0565   ,50.9488,-8.56157  ,-1.22946   ,491,114292,48.6375,12.1837,114.468,0
1453,52.0548,9.95234   ,51.7396,9.82233    ,51.4694,9.6227   ,51.2261,9.39186   ,50.9993,9.1042    ,50.802 ,8.78544   ,50.6554,8.43787    ,50.5971,8.08721   ,50.6785,7.75987   ,50.9472,7.54874     ,51.3008,7.48173   ,51.6811,7.52465   ,52.0548,9.95234   ,51.9372,9.58172    ,51.7607,9.38607   ,51.5781,9.18975   ,51.3989,8.96163   ,51.2491,8.70802    ,51.1191,8.45986    ,51.0187,8.23895   ,51.0215,8.01556    ,51.2014,7.85557   ,51.4578,7.75414   ,51.6811,7.52465   ,51.2443,7.20703   ,50.7893,7.2073    ,50.3923,7.42514    ,50.1764,7.83498   ,50.1651,8.31939   ,50.3115,8.7823     ,50.5447,9.16558   ,50.8018,9.51252   ,51.0915,9.78664   ,51.4496,9.9958    ,51.0058,-8.57577  ,-1.26422   ,488,114498,48.2454,11.8262,115.64 ,0
1454,52.0592,9.92842   ,51.7508,9.82548    ,51.4743,9.62804  ,51.2291,9.39518   ,51.0006,9.09948   ,50.8391,8.82118   ,50.731 ,8.50086    ,50.7053,8.1207    ,50.8529,7.81212   ,51.1398,7.67449     ,51.5086,7.67488   ,51.8291,7.81535   ,52.0592,9.92842   ,51.9756,9.60133    ,51.8232,9.44045   ,51.6557,9.27506   ,51.4752,9.05667   ,51.3337,8.84937    ,51.2091,8.64052    ,51.1086,8.40326   ,51.1363,8.17949    ,51.3173,8.05498   ,51.5817,7.97872   ,51.8291,7.81535   ,51.519 ,7.38878   ,51.0567,7.27785   ,50.637 ,7.38788    ,50.3161,7.74946   ,50.2334,8.26448   ,50.3059,8.7068     ,50.4756,9.06642   ,50.7397,9.44346   ,51.0502,9.75399   ,51.4442,9.99015   ,51.0716,-8.61146  ,-1.30206   ,487,113613,47.0089,12.8243,113.397,0
1455,52.0647,9.94685   ,51.7806,9.86368    ,51.507 ,9.66675  ,51.2304,9.39449   ,51.0378,9.14034   ,50.8728,8.83222   ,50.7657,8.48693    ,50.7756,8.16267   ,50.9692,7.86867   ,51.3109,7.80932     ,51.6148,7.94701   ,51.8714,8.20846   ,52.0647,9.94685   ,52.0148,9.65562    ,51.8848,9.49847   ,51.7052,9.33129   ,51.5521,9.16304   ,51.393 ,8.94557    ,51.2593,8.71591    ,51.1689,8.48421   ,51.1953,8.25402    ,51.4078,8.22967   ,51.6282,8.27955   ,51.8714,8.20846   ,51.6703,7.66237   ,51.2933,7.40879   ,50.8091,7.44077    ,50.4062,7.76501   ,50.2584,8.1737    ,50.3185,8.63429    ,50.4766,9.04471   ,50.6944,9.38554   ,51.0545,9.77199   ,51.4651,10.0136   ,51.1257,-8.68141  ,-1.29683   ,479,112799,46.8158,13.9606,113.64 ,0
1456,52.054 ,9.95818   ,51.8012,9.87935    ,51.5151,9.66863  ,51.2872,9.45757   ,51.0794,9.20369   ,50.9285,8.92388   ,50.8542,8.6249     ,50.8535,8.3234    ,51.006 ,8.04428   ,51.3314,7.96723     ,51.6271,8.04508   ,51.8625,8.25653   ,52.054 ,9.95818   ,52.0356,9.70259    ,51.9165,9.53319   ,51.7807,9.40067   ,51.6216,9.23853   ,51.4744,9.05548    ,51.3648,8.88448    ,51.282 ,8.7127    ,51.252 ,8.50711    ,51.4102,8.41678   ,51.6191,8.41387   ,51.8625,8.25653   ,51.6982,7.70777   ,51.3324,7.52539   ,50.8179,7.54281    ,50.4401,7.85608   ,50.3333,8.27593   ,50.3539,8.71249    ,50.4935,9.10422   ,50.735 ,9.45159   ,51.0446,9.74656   ,51.4944,10.0068   ,51.1615,-8.71673  ,-1.29472   ,484,113677,42.9881,14.7302,109.983,0
1457,52.0706,9.99158   ,51.7833,9.90147    ,51.5508,9.71165  ,51.3174,9.48526   ,51.0977,9.2195    ,50.9437,8.947     ,50.8729,8.63316    ,50.9244,8.31458   ,51.1469,8.08712   ,51.4752,8.13066     ,51.7454,8.32899   ,51.9039,8.60998   ,52.0706,9.99158   ,52.0337,9.69126    ,51.928 ,9.54404   ,51.7951,9.4155    ,51.6419,9.26255   ,51.5057,9.09248    ,51.3903,8.91312    ,51.2962,8.73435   ,51.2697,8.56391    ,51.4367,8.59529   ,51.6427,8.66864   ,51.9039,8.60998   ,51.8997,8.04739   ,51.5924,7.70438   ,51.0989,7.59223    ,50.585 ,7.82449   ,50.3544,8.27085   ,50.3524,8.72779    ,50.5084,9.11069   ,50.7774,9.48815   ,51.1054,9.81749   ,51.4686,10.0658   ,51.2077,-8.76878  ,-1.29831   ,484,113653,44.0331,14.9483,111.882,0
1458,52.0714,9.99629   ,51.7918,9.90874    ,51.5287,9.70525  ,51.281 ,9.4723    ,51.057 ,9.17245   ,50.9381,8.89223   ,50.8901,8.52759    ,51.0033,8.22943   ,51.3239,8.16579   ,51.6311,8.3075      ,51.8664,8.54496   ,52.0143,8.87021   ,52.0714,9.99629   ,52.0311,9.68411    ,51.8996,9.51405   ,51.7366,9.36422   ,51.5631,9.17632   ,51.4495,9.01479    ,51.3545,8.8249     ,51.3413,8.65365   ,51.4848,8.66097    ,51.6313,8.76928   ,51.7919,8.86482   ,52.0143,8.87021   ,51.9914,8.29784   ,51.7098,7.9062    ,51.2544,7.69306    ,50.7262,7.75553   ,50.4321,8.14301   ,50.4029,8.68074    ,50.5095,9.09536   ,50.7704,9.5178    ,51.0914,9.84074   ,51.4892,10.0886   ,51.2486,-8.81359  ,-1.29822   ,484,113573,45.8737,14.0687,112.225,0
1459,52.0456,10.023    ,51.8413,9.93165    ,51.6488,9.76062  ,51.5046,9.57236   ,51.4037,9.36021   ,51.3304,9.12765   ,51.2647,8.8784     ,51.2134,8.65071   ,51.1675,8.41183   ,51.1266,8.13819     ,51.1116,7.90242   ,51.177 ,7.66464   ,52.0456,10.023    ,52.0204,9.696      ,51.9434,9.47962   ,51.9216,9.27705   ,51.9477,9.05765   ,51.9818,8.82146    ,51.9963,8.57206    ,51.978 ,8.35884   ,51.9209,8.15837    ,51.7974,7.95312   ,51.6202,7.7944    ,51.177 ,7.66464   ,50.6044,7.95278   ,50.4476,8.24984   ,50.4004,8.58497    ,50.4326,8.86413   ,50.5153,9.11078   ,50.6596,9.36456    ,50.8367,9.59873   ,51.0537,9.80952   ,51.3081,9.99163   ,51.615 ,10.1316   ,51.2817,-8.84328  ,-1.28508   ,501,116361,33.2478,19.9408,92.0833,1
1460,50.605 ,7.9553    ,50.7998,8.11423    ,50.9746,8.28769  ,51.119 ,8.46996   ,51.2227,8.64558   ,51.3358,8.87549   ,51.4268,9.07728    ,51.5355,9.30712   ,51.6412,9.51593   ,51.7436,9.70507     ,51.8764,9.89067   ,52.038 ,10.0377   ,50.605 ,7.9553    ,50.4224,8.42507    ,50.42  ,8.73625   ,50.4688,8.98482   ,50.5388,9.16817   ,50.6557,9.37312    ,50.7825,9.5422     ,50.9627,9.73566   ,51.1716,9.91404    ,51.3931,10.0579   ,51.6518,10.1501   ,52.038 ,10.0377   ,52.0617,9.58029   ,52.0596,9.29275   ,52.0756,9.05062    ,52.0723,8.80534   ,52.0349,8.53181   ,51.9792,8.29858    ,51.8669,8.05027   ,51.7243,7.88944   ,51.4783,7.78449   ,51.1312,7.76199   ,51.3121,-8.88946  ,-1.23287   ,511,117648,31.4477,21.29  ,90.669 ,1
1461,50.9967,7.80122   ,51.0417,8.04334    ,51.1088,8.27438  ,51.1679,8.4703    ,51.246 ,8.72158   ,51.3163,8.93218   ,51.3951,9.13619    ,51.4763,9.33136   ,51.571 ,9.55175   ,51.6689,9.75875     ,51.7751,9.94422   ,51.8999,10.1262   ,50.9967,7.80122   ,50.5148,8.1801     ,50.4238,8.46421   ,50.416 ,8.68495   ,50.4623,8.95212   ,50.5364,9.16847    ,50.6425,9.37414    ,50.7779,9.56287   ,50.9732,9.76263    ,51.1984,9.94346   ,51.4305,10.086    ,51.8999,10.1262   ,52.0839,9.74534   ,52.1056,9.5072    ,52.1373,9.26939    ,52.1425,9.02334   ,52.115 ,8.81798   ,52.067 ,8.6124     ,52.0031,8.40616   ,51.8947,8.17464   ,51.7724,8.01135   ,51.5531,7.85119   ,51.333 ,-8.92521  ,-1.20348   ,511,117661,30.8221,20.0476,88.669 ,1
1462,50.7547,7.99343   ,50.9262,8.13641    ,51.0654,8.33896  ,51.17  ,8.54087   ,51.2485,8.72465   ,51.3517,8.94884   ,51.4479,9.13534    ,51.5653,9.35252   ,51.6526,9.52405   ,51.7513,9.73716     ,51.8473,9.9291    ,51.9763,10.0965   ,50.7547,7.99343   ,50.482 ,8.38312    ,50.4226,8.65491   ,50.4536,8.88811   ,50.5097,9.08899   ,50.6129,9.32102    ,50.7292,9.50073    ,50.8928,9.69356   ,51.0479,9.8338     ,51.2816,10.005    ,51.5586,10.1353   ,51.9763,10.0965   ,52.111 ,9.68032   ,52.1927,9.41297   ,52.2256,9.14748    ,52.1996,8.94058   ,52.1273,8.6958    ,52.0537,8.50179    ,51.9556,8.28605   ,51.8542,8.12224   ,51.6712,7.96246   ,51.338 ,7.85255   ,51.369 ,-8.96893  ,-1.17378   ,508,117680,30.1356,20.3271,90.0833,1
1463,51.328 ,7.85595   ,51.1621,8.01946    ,51.1305,8.25375  ,51.1687,8.50815   ,51.247 ,8.74806   ,51.3471,8.93996   ,51.493 ,9.1433     ,51.6665,9.32706   ,51.8612,9.48121   ,52.0597,9.57344     ,52.2509,9.46601   ,52.4665,9.45938   ,51.328 ,7.85595   ,50.7384,8.03998    ,50.4995,8.36681   ,50.4352,8.7307    ,50.4931,9.08335   ,50.621 ,9.36313    ,50.8426,9.64915    ,51.1215,9.89639   ,51.4455,10.0929    ,51.7817,10.1752   ,52.0772,9.73346   ,52.4665,9.45938   ,52.4077,9.22142   ,52.2832,8.9588    ,52.2199,8.83226    ,52.1586,8.70725   ,52.0986,8.58197   ,52.0357,8.45517    ,51.9738,8.3454    ,51.8856,8.2183    ,51.7611,8.0823    ,51.6018,7.95785   ,51.3926,-8.98479  ,-1.1023    ,509,118105,32.6133,20.6167,94.3259,1
1464,52.0233,10.0897   ,51.6731,9.92083    ,51.4077,9.65896  ,51.1919,9.39696   ,51.0134,9.07155   ,50.9353,8.70829   ,51.0986,8.41227    ,51.4549,8.41304   ,51.7567,8.59221   ,52.024 ,8.86194     ,52.2668,9.13192   ,52.4891,9.38363   ,52.0233,10.0897   ,52.0387,9.8185     ,51.9212,9.61352   ,51.7761,9.43208   ,51.5942,9.22535   ,51.4119,9.005      ,51.3449,8.82211    ,51.5289,8.94479   ,51.7274,9.1186     ,51.9549,9.29029   ,52.1982,9.42141   ,52.4891,9.38363   ,52.2834,8.78801   ,52.0362,8.36931   ,51.722 ,8.01638    ,51.3097,7.85919   ,50.7886,8.03369   ,50.4586,8.4869     ,50.4673,9.00249   ,50.6641,9.43866   ,50.9605,9.77577   ,51.3729,10.0778   ,51.415 ,-8.98752  ,-1.07116   ,513,118786,49.3301,14.0882,120.953,0
1465,52.0371,10.0614   ,51.7007,9.92777    ,51.4415,9.69671  ,51.1972,9.41978   ,51.0223,9.10369   ,50.969 ,8.7229    ,51.1607,8.47563    ,51.5448,8.49518   ,51.8308,8.67294   ,52.0912,8.91902     ,52.3423,9.18674   ,52.5376,9.46243   ,52.0371,10.0614   ,52.0179,9.79474    ,51.903 ,9.59982   ,51.7473,9.40347   ,51.5797,9.21014   ,51.4152,9.00941    ,51.4012,8.89598    ,51.6214,9.03766   ,51.823 ,9.19203    ,52.0265,9.34219   ,52.2466,9.47443   ,52.5376,9.46243   ,52.3863,8.84382   ,52.0949,8.43282   ,51.7697,8.09836    ,51.3923,7.9267    ,50.8497,8.07995   ,50.5157,8.51563    ,50.4973,9.08159   ,50.703 ,9.50878   ,51.0449,9.85765   ,51.4475,10.1072   ,51.4488,-9.01598  ,-0.971167  ,506,118675,48.8961,13.9122,119.782,0
1466,52.049 ,10.0205   ,51.703 ,9.91716    ,51.4388,9.69472  ,51.2012,9.43081   ,51.0394,9.09518   ,51.0393,8.76076   ,51.3116,8.55585    ,51.6339,8.60192   ,51.9555,8.81112   ,52.2001,9.06329     ,52.4132,9.31479   ,52.5392,9.6231    ,52.049 ,10.0205   ,52.0214,9.76758    ,51.914 ,9.61101   ,51.7731,9.4716    ,51.6131,9.3142    ,51.4839,9.14554    ,51.5264,9.05365    ,51.6976,9.15428   ,51.9058,9.30486    ,52.0894,9.44203   ,52.2665,9.56278   ,52.5392,9.6231    ,52.5122,9.00654   ,52.2523,8.61937   ,51.9395,8.26036    ,51.4911,8.02102   ,51.0194,8.06884   ,50.5759,8.44309    ,50.487 ,8.95483   ,50.6816,9.45901   ,51.029 ,9.83975   ,51.4507,10.1113   ,51.4901,-9.05432  ,-0.853871  ,507,117396,47.9356,14.4966,118.125,0
1467,52.0314,10.0449   ,51.6894,9.90307    ,51.3851,9.64557  ,51.1414,9.3858    ,50.9788,9.07152   ,51.0552,8.74661   ,51.4188,8.63701    ,51.7401,8.70364   ,52.0684,8.90125   ,52.3381,9.15558     ,52.5764,9.42394   ,52.8089,9.65712   ,52.0314,10.0449   ,52.0045,9.733      ,51.8416,9.53524   ,51.6714,9.39128   ,51.4986,9.2258    ,51.4227,9.05213    ,51.6229,9.10697    ,51.8104,9.23007   ,52.0327,9.38478    ,52.2506,9.52583   ,52.4904,9.6424    ,52.8089,9.65712   ,52.6133,9.14416   ,52.3547,8.71215   ,52.0189,8.3503     ,51.5651,8.13955   ,51.1095,8.16757   ,50.6289,8.50924    ,50.4787,8.9998    ,50.6729,9.45531   ,51.0055,9.82789   ,51.4471,10.124    ,51.527 ,-9.08841  ,-0.719919  ,505,117822,49.2995,13.7087,127.782,0
1468,52.0508,10.0078   ,51.712 ,9.9001     ,51.4139,9.68258  ,51.1753,9.45155   ,50.9758,9.12555   ,51.0894,8.83334   ,51.4229,8.70847    ,51.7766,8.77583   ,52.0857,8.93628   ,52.3727,9.14261     ,52.6588,9.37699   ,52.8827,9.59505   ,52.0508,10.0078   ,51.9812,9.70202    ,51.8054,9.50044   ,51.6282,9.33256   ,51.4462,9.11632   ,51.5862,9.08128    ,51.8511,9.24649    ,52.0572,9.37926   ,52.2327,9.48502    ,52.4104,9.57573   ,52.6171,9.64793   ,52.8827,9.59505   ,52.6268,9.04431   ,52.2436,8.63877   ,51.838 ,8.32473    ,51.3911,8.13512   ,50.9035,8.17761   ,50.5418,8.63024    ,50.5313,9.21026   ,50.7839,9.63898   ,51.0967,9.92679   ,51.5165,10.1401   ,51.5449,-9.09498  ,-0.604244  ,511,118827,47.9312,17.5192,122.368,0
1469,52.0436,10.034    ,51.6787,9.90741    ,51.4092,9.70327  ,51.151 ,9.42909   ,50.9904,9.12997   ,51.1091,8.80835   ,51.4335,8.70203    ,51.7802,8.75623   ,52.1145,8.93163   ,52.4076,9.13966     ,52.682 ,9.35746   ,52.9183,9.59002   ,52.0436,10.034    ,51.9726,9.73076    ,51.82  ,9.54124   ,51.6206,9.32907   ,51.4578,9.12474   ,51.5925,9.06951    ,51.8746,9.2456     ,52.0964,9.3898    ,52.2912,9.50023    ,52.468 ,9.5812    ,52.6538,9.64087   ,52.9183,9.59002   ,52.6245,9.00361   ,52.2504,8.62524   ,51.8403,8.30152    ,51.3718,8.09042   ,50.9151,8.16575   ,50.5789,8.58607    ,50.5473,9.21223   ,50.7374,9.60072   ,51.0724,9.92987   ,51.4632,10.1302   ,51.5758,-9.11557  ,-0.5009    ,511,118506,48.4084,18.2464,121.782,0
1470,52.0451,10.0677   ,51.7084,9.94393    ,51.3979,9.7021   ,51.1702,9.44609   ,51.0217,9.09016   ,51.1042,8.78514   ,51.4556,8.68941    ,51.8137,8.75926   ,52.1628,8.92094   ,52.4476,9.10571     ,52.7383,9.33063   ,52.9758,9.58671   ,52.0451,10.0677   ,52.0049,9.79379    ,51.838 ,9.56411   ,51.66  ,9.36141   ,51.4908,9.13616   ,51.546 ,9.02173    ,51.8155,9.16505    ,52.0354,9.30749   ,52.2511,9.42678    ,52.4441,9.51702   ,52.6707,9.61169   ,52.9758,9.58671   ,52.7377,8.99169   ,52.3723,8.63946   ,51.9901,8.36669    ,51.5014,8.18245   ,51.0122,8.21152   ,50.6149,8.59934    ,50.5711,9.13915   ,50.7369,9.60948   ,51.0323,9.90808   ,51.4931,10.1445   ,51.607 ,-9.12776  ,-0.324289  ,500,117320,49.2382,15.291 ,119.296,0
1471,52.0298,10.0556   ,51.6821,9.93543    ,51.3684,9.68568  ,51.1371,9.41237   ,51.0142,9.09562   ,51.176 ,8.8068    ,51.5203,8.7258     ,51.9043,8.80421   ,52.239 ,8.95558   ,52.5326,9.14248     ,52.8354,9.36836   ,53.0673,9.59278   ,52.0298,10.0556   ,51.969 ,9.77683    ,51.7889,9.5346    ,51.6044,9.31519   ,51.4694,9.10951   ,51.6256,9.0754     ,51.8825,9.22228    ,52.1382,9.36928   ,52.3681,9.4775     ,52.5727,9.56842   ,52.7857,9.64451   ,53.0673,9.59278   ,52.8016,9.02731   ,52.4062,8.65664   ,52.0283,8.38848    ,51.5833,8.2108    ,51.0756,8.2298    ,50.6648,8.57964    ,50.5718,9.17541   ,50.727 ,9.59304   ,51.023 ,9.90771   ,51.4765,10.1415   ,51.6542,-9.14653  ,-0.226566  ,505,117833,49.1101,15.7539,120.711,0
1472,51.9542,10.0493   ,51.6025,9.88516    ,51.342 ,9.65565  ,51.1011,9.34042   ,51.0278,8.98295   ,51.3004,8.73368   ,51.6731,8.72619    ,52.0244,8.84501   ,52.3467,9.02872   ,52.637 ,9.22269     ,52.9471,9.45816   ,53.1851,9.69879   ,51.9542,10.0493   ,51.9202,9.72896    ,51.7773,9.51786   ,51.5852,9.28016   ,51.4748,9.07012   ,51.7097,9.09846    ,51.9619,9.23873    ,52.1788,9.37362   ,52.4023,9.50692    ,52.6138,9.61763   ,52.8672,9.72542   ,53.1851,9.69879   ,52.9574,9.13382   ,52.5765,8.76909   ,52.2108,8.50058    ,51.7854,8.27789   ,51.297 ,8.19697   ,50.8169,8.3957     ,50.5663,8.98064   ,50.6651,9.48572   ,50.9783,9.86437   ,51.3599,10.0969   ,51.6909,-9.15111  ,-0.221207  ,512,118784,50.3748,15.1576,124.368,0
1473,51.9572,10.0607   ,51.5919,9.87281    ,51.3154,9.62492  ,51.0977,9.33802   ,51.0265,8.96293   ,51.3185,8.72088   ,51.7002,8.72518    ,52.0543,8.84719   ,52.3815,9.01516   ,52.6843,9.22895     ,52.9791,9.49084   ,53.1735,9.78194   ,51.9572,10.0607   ,51.9255,9.72744    ,51.7663,9.50279   ,51.5823,9.27673   ,51.468 ,9.04424   ,51.718 ,9.08937    ,51.9831,9.24829    ,52.2206,9.38358   ,52.4608,9.50517    ,52.6672,9.61594   ,52.8761,9.73517   ,53.1735,9.78194   ,53.0056,9.17026   ,52.6131,8.77304   ,52.2194,8.47561    ,51.8028,8.27493   ,51.3293,8.18278   ,50.8411,8.37572    ,50.5669,8.96979   ,50.6634,9.48778   ,50.9395,9.82184   ,51.338 ,10.0794   ,51.7025,-9.14119  ,-0.206205  ,515,119036,51.4251,15.3316,126.024,0
1474,51.9713,9.97522   ,51.5812,9.83277    ,51.2967,9.60335  ,51.0907,9.32471   ,51.0921,8.95783   ,51.4299,8.78037   ,51.7845,8.78254    ,52.1725,8.9048    ,52.495 ,9.06998   ,52.8159,9.28736     ,53.1063,9.5066    ,53.3794,9.75936   ,51.9713,9.97522   ,51.8586,9.65775    ,51.6824,9.41825   ,51.5184,9.18626   ,51.5713,9.01863   ,51.9098,9.20424    ,52.1662,9.35684    ,52.4279,9.49012   ,52.6644,9.60056    ,52.8861,9.69898   ,53.0861,9.77272   ,53.3794,9.75936   ,53.0322,9.16749   ,52.6493,8.80627   ,52.2412,8.48893    ,51.8349,8.28596   ,51.3183,8.19364   ,50.8773,8.36723    ,50.5789,8.94937   ,50.7084,9.54759   ,50.9852,9.86129   ,51.3917,10.0593   ,51.7527,-9.1434   ,-0.205578  ,515,120280,51.2543,17.6535,125.782,0
1475,51.9714,9.97286   ,51.6237,9.85657    ,51.3353,9.63989  ,51.1278,9.33068   ,51.1917,9.00724   ,51.5095,8.82701   ,51.8643,8.83205    ,52.2254,8.92481   ,52.5467,9.09449   ,52.879 ,9.30966     ,53.1764,9.51487   ,53.408 ,9.71932   ,51.9714,9.97286   ,51.8825,9.68876    ,51.717 ,9.45325   ,51.5577,9.19759   ,51.691 ,9.11297   ,52.0217,9.27598    ,52.2561,9.39311    ,52.4812,9.49626   ,52.7096,9.59413    ,52.9368,9.70057   ,53.145 ,9.77692   ,53.408 ,9.71932   ,53.1258,9.19476   ,52.7355,8.86089   ,52.3041,8.54672    ,51.8849,8.32077   ,51.3786,8.26052   ,50.9194,8.38979    ,50.6565,8.95832   ,50.7265,9.54804   ,51.0288,9.89645   ,51.4605,10.0815   ,51.7924,-9.16042  ,-0.171622  ,505,117741,49.0564,17.572 ,121.296,0
1476,51.943 ,9.98419   ,51.6134,9.83935    ,51.3257,9.57734  ,51.156 ,9.28608   ,51.2756,8.98506   ,51.5985,8.86653   ,51.9737,8.88353    ,52.2934,8.97652   ,52.6162,9.13922   ,52.8949,9.31062     ,53.1945,9.52644   ,53.3971,9.78135   ,51.943 ,9.98419   ,51.8998,9.71675    ,51.7637,9.49501   ,51.6481,9.28573   ,51.7894,9.19717   ,52.0286,9.31263    ,52.2436,9.42143    ,52.4422,9.50364   ,52.68  ,9.58921    ,52.8805,9.67479   ,53.1067,9.77468   ,53.3971,9.78135   ,53.2138,9.22064   ,52.8298,8.8955    ,52.4734,8.64432    ,52.0584,8.41547   ,51.6073,8.32995   ,51.0828,8.43275    ,50.7097,8.81324   ,50.6904,9.36979   ,50.9601,9.74015   ,51.4128,10.0208   ,51.8539,-9.18876  ,-0.135239  ,497,115160,47.8021,15.8423,117.054,0
1477,51.9007,9.99172   ,51.558 ,9.81397    ,51.3438,9.59115  ,51.218 ,9.2828    ,51.3758,8.99565   ,51.7273,8.91328   ,52.0513,8.95327    ,52.3889,9.06015   ,52.7311,9.21816   ,53.0131,9.37064     ,53.3004,9.54994   ,53.5621,9.75847   ,51.9007,9.99172   ,51.8775,9.70571    ,51.7869,9.52572   ,51.7106,9.33366   ,51.8718,9.28358   ,52.1136,9.38578    ,52.3083,9.47189    ,52.5371,9.5651    ,52.8127,9.6633     ,53.0379,9.73867   ,53.2669,9.80101   ,53.5621,9.75847   ,53.2542,9.24604   ,52.9058,8.95533   ,52.5721,8.73426    ,52.1624,8.5237    ,51.7025,8.41576   ,51.2514,8.44105    ,50.8209,8.75072   ,50.7355,9.32146   ,50.9636,9.73792   ,51.3224,9.99721   ,51.9162,-9.23329  ,-0.122984  ,487,113951,46.7237,15.6863,116.225,0
1478,51.9459,10.0099   ,51.5956,9.87803    ,51.3097,9.64309  ,51.1726,9.33302   ,51.3115,9.0159    ,51.6437,8.91851   ,52.0316,8.96177    ,52.3479,9.05745   ,52.6643,9.21154   ,52.9915,9.36962     ,53.3258,9.53354   ,53.584 ,9.72643   ,51.9459,10.0099   ,51.8859,9.71976    ,51.7328,9.53327   ,51.6123,9.35848   ,51.7599,9.27844   ,52.0307,9.37397    ,52.2798,9.48388    ,52.497 ,9.57345   ,52.7452,9.66956    ,53.0116,9.75406   ,53.2863,9.81338   ,53.584 ,9.72643   ,53.2846,9.21159   ,52.8875,8.94545   ,52.5042,8.71282    ,52.1153,8.50829   ,51.6851,8.42032   ,51.1681,8.46528    ,50.8095,8.80311   ,50.7428,9.39456   ,50.9478,9.81763   ,51.382 ,10.0839   ,51.9387,-9.24628  ,-0.123792  ,498,114497,48.516 ,15.366 ,118.811,0
1479,51.9447,9.95593   ,51.59  ,9.82745    ,51.2894,9.56275  ,51.1606,9.22977   ,51.3697,8.9444    ,51.7803,8.89671   ,52.1393,8.96378    ,52.5249,9.0941    ,52.8538,9.21758   ,53.2307,9.33376     ,53.5975,9.43505   ,53.9301,9.52486   ,51.9447,9.95593   ,51.8574,9.67277    ,51.6979,9.47113   ,51.6007,9.2741    ,51.8058,9.24576   ,52.0864,9.36974    ,52.3156,9.46563    ,52.6149,9.55445   ,52.9208,9.61189    ,53.2961,9.65535   ,53.6432,9.66811   ,53.9301,9.52486   ,53.4622,9.17825   ,53.0715,8.98502   ,52.6928,8.79067    ,52.3404,8.59739   ,51.8627,8.43574   ,51.3722,8.4161     ,50.8621,8.68151   ,50.7231,9.28253   ,50.9533,9.73972   ,51.4159,10.0367   ,51.9895,-9.21695  ,-0.0693139 ,502,117297,51.3562,14.6119,123.983,0
1480,51.9435,9.9727    ,51.5506,9.80399    ,51.3019,9.57669  ,51.163 ,9.19768   ,51.3556,8.93417   ,51.7604,8.88015   ,52.1153,8.94318    ,52.4895,9.06308   ,52.849 ,9.20724   ,53.1864,9.31564     ,53.5659,9.40732   ,53.8968,9.51099   ,51.9435,9.9727    ,51.8588,9.67242    ,51.722 ,9.50337   ,51.605 ,9.27976   ,51.7829,9.22132   ,52.0623,9.33322    ,52.2818,9.43315    ,52.5642,9.52781   ,52.8945,9.60096    ,53.2139,9.64572   ,53.5737,9.66288   ,53.8968,9.51099   ,53.4662,9.13046   ,53.0612,8.95933   ,52.7105,8.77703    ,52.3258,8.56452   ,51.8489,8.42918   ,51.3586,8.41972    ,50.8572,8.68911   ,50.7179,9.21213   ,50.9542,9.7339    ,51.3366,10.0054   ,52.0271,-9.2129   ,-0.0687985 ,511,119205,51.2487,14.1425,124.811,0
1481,51.9476,9.9722    ,51.5606,9.83396    ,51.279 ,9.57631  ,51.171 ,9.19104   ,51.4246,8.91878   ,51.8162,8.88192   ,52.1897,8.94717    ,52.562 ,9.07621   ,52.8867,9.2004    ,53.2702,9.33448     ,53.6511,9.43244   ,54.007 ,9.51109   ,51.9476,9.9722    ,51.8534,9.66537    ,51.6856,9.4667    ,51.6057,9.24113   ,51.8715,9.23761   ,52.1434,9.34014    ,52.3748,9.43742    ,52.6597,9.53236   ,52.9411,9.60055    ,53.2967,9.65672   ,53.664 ,9.6712    ,54.007 ,9.51109   ,53.5431,9.17373   ,53.1485,8.98238   ,52.7363,8.7642     ,52.3755,8.58485   ,51.9021,8.43138   ,51.3821,8.41624    ,50.8977,8.63613   ,50.7205,9.23387   ,50.941 ,9.7727    ,51.3563,10.0557   ,52.051 ,-9.20943  ,-0.07475   ,516,120555,52.589 ,14.6825,125.983,0
1482,51.9575,9.95801   ,51.5676,9.83278    ,51.2863,9.577    ,51.1638,9.24897   ,51.3963,8.94718   ,51.7964,8.88806   ,52.1778,8.93491    ,52.5178,9.03438   ,52.8759,9.16672   ,53.2377,9.29648     ,53.6033,9.40332   ,53.9436,9.50253   ,51.9575,9.95801   ,51.8485,9.6574     ,51.6818,9.46492   ,51.591 ,9.2672    ,51.8566,9.2332    ,52.1668,9.33762    ,52.4105,9.41959    ,52.6604,9.49472   ,52.9581,9.57825    ,53.2856,9.64535   ,53.6206,9.67506   ,53.9436,9.50253   ,53.4951,9.10937   ,53.0985,8.91671   ,52.7041,8.72183    ,52.2846,8.54129   ,51.8382,8.4295    ,51.3216,8.4358     ,50.8666,8.698     ,50.7384,9.32421   ,50.9594,9.7752    ,51.3771,10.0612   ,52.0499,-9.2012   ,-0.0504873 ,509,119129,51.7057,15.1585,125.397,0
1483,51.8015,10.0138   ,51.4811,9.8296     ,51.2338,9.50082  ,51.2743,9.16163   ,51.5678,8.94853   ,51.9479,8.9046    ,52.3028,8.96299    ,52.6829,9.08403   ,53.0317,9.20981   ,53.3882,9.31731     ,53.7357,9.41478   ,54.0753,9.53825   ,51.8015,10.0138   ,51.7908,9.70536    ,51.6634,9.40829   ,51.7858,9.24397   ,52.0692,9.29968   ,52.3246,9.38681    ,52.5522,9.45917    ,52.8251,9.53348   ,53.12  ,9.59936    ,53.437 ,9.65031   ,53.752 ,9.67349   ,54.0753,9.53825   ,53.634 ,9.13377   ,53.2505,8.95829   ,52.8563,8.79067    ,52.45  ,8.6018    ,51.9534,8.44287   ,51.4702,8.418      ,50.9825,8.62952   ,50.7251,9.14357   ,50.8374,9.67443   ,51.2416,10.0138   ,52.0978,-9.20024  ,-0.0507485 ,515,118777,50.7054,15.8421,124.569,0
1484,51.7976,10.0239   ,51.4553,9.81832    ,51.2406,9.52672  ,51.2603,9.17694   ,51.5487,8.95627   ,51.9269,8.90463   ,52.3167,8.96875    ,52.6733,9.08289   ,53.032 ,9.19409   ,53.3853,9.30833     ,53.7327,9.40751   ,54.0827,9.52465   ,51.7976,10.0239   ,51.7837,9.6902     ,51.6636,9.42563   ,51.7628,9.24331   ,52.0448,9.29221   ,52.2989,9.37899    ,52.5572,9.46154    ,52.8309,9.53483   ,53.1304,9.59947    ,53.4545,9.64914   ,53.7726,9.67144   ,54.0827,9.52465   ,53.6067,9.12155   ,53.2286,8.93963   ,52.8438,8.76054    ,52.4276,8.60205   ,51.9822,8.4517    ,51.456 ,8.42844    ,50.9682,8.6539    ,50.7232,9.17716   ,50.8537,9.70989   ,51.1945,10.0045   ,52.104 ,-9.20234  ,-0.0438409 ,517,118115,50.8286,15.5808,124.569,0
1485,51.6412,10.0275   ,51.3614,9.78943    ,51.1964,9.42521  ,51.2736,9.08349   ,51.5992,8.90732   ,51.9671,8.90063   ,52.3507,8.97606    ,52.7107,9.08645   ,53.0635,9.20107   ,53.4133,9.31565     ,53.8057,9.42848   ,54.1278,9.54553   ,51.6412,10.0275   ,51.7162,9.72292    ,51.6516,9.44639   ,51.7438,9.25906   ,52.0229,9.28514   ,52.2821,9.37099    ,52.5496,9.45576    ,52.8359,9.52906   ,53.1449,9.5928     ,53.4719,9.64496   ,53.8349,9.67202   ,54.1278,9.54553   ,53.6898,9.16126   ,53.2673,8.95879   ,52.894 ,8.78049    ,52.4978,8.61481   ,52.058 ,8.47201   ,51.5557,8.421      ,51.0908,8.5482    ,50.7544,8.97473   ,50.7614,9.50103   ,51.0662,9.93343   ,52.1125,-9.20056  ,-0.0415512 ,515,118196,50.909 ,14.6668,124.569,0
1486,51.6348,10.0284   ,51.3621,9.79146    ,51.1974,9.4406   ,51.2856,9.11427   ,51.6273,8.92526   ,51.9982,8.90294   ,52.3664,8.96993    ,52.6803,9.06513   ,53.07  ,9.19585   ,53.4146,9.30924     ,53.771 ,9.41307   ,54.0736,9.52789   ,51.6348,10.0284   ,51.7141,9.72624    ,51.6526,9.44958   ,51.7468,9.25992   ,52.0321,9.27834   ,52.2947,9.36445    ,52.5614,9.4533     ,52.8139,9.51876   ,53.1636,9.5897     ,53.4837,9.64229   ,53.7932,9.66528   ,54.0736,9.52789   ,53.6615,9.13503   ,53.2577,8.94928   ,52.8912,8.77241    ,52.4585,8.58297   ,52.0795,8.46324   ,51.6084,8.43571    ,51.1344,8.59589   ,50.7716,9.03382   ,50.7621,9.52426   ,51.0689,9.93232   ,52.1234,-9.20671  ,-0.0175798 ,502,116747,49.7618,14.1629,122.569,0
1487,51.6808,10.0296   ,51.3697,9.76936    ,51.2315,9.43833  ,51.3334,9.12208   ,51.6729,8.93545   ,52.0552,8.91987   ,52.3848,8.97095    ,52.7293,9.06531   ,53.0868,9.18374   ,53.4324,9.30274     ,53.7739,9.42636   ,54.0878,9.59267   ,51.6808,10.0296   ,51.7173,9.69455    ,51.6466,9.44265   ,51.7363,9.27716   ,52.0067,9.28981   ,52.269 ,9.3563     ,52.4993,9.41895    ,52.7752,9.48781   ,53.104 ,9.55797    ,53.4344,9.6229    ,53.7476,9.67262   ,54.0878,9.59267   ,53.7167,9.14729   ,53.3444,8.95301   ,52.9821,8.77991    ,52.5905,8.61335   ,52.1642,8.50082   ,51.7289,8.47543    ,51.2387,8.60641   ,50.872 ,9.04107   ,50.8306,9.53562   ,51.0866,9.9242    ,52.1487,-9.21403  ,0.00771059 ,495,115279,49.7059,12.6724,121.983,0
1488,51.8453,10.0625   ,51.4981,9.91898    ,51.2704,9.62993  ,51.2871,9.28205   ,51.549 ,9.02832   ,51.8899,8.93542   ,52.2659,8.94676    ,52.6154,9.01486   ,52.9624,9.12374   ,53.324 ,9.25251     ,53.649 ,9.36482   ,53.9618,9.53628   ,51.8453,10.0625   ,51.7706,9.76969    ,51.6559,9.54291   ,51.7266,9.35667   ,51.9962,9.31821   ,52.2543,9.34436    ,52.5044,9.39682    ,52.7481,9.45913   ,53.0329,9.52891    ,53.3659,9.597     ,53.6578,9.6384    ,53.9618,9.53628   ,53.5594,9.06069   ,53.2015,8.88046   ,52.81  ,8.68951    ,52.3884,8.54694   ,51.921 ,8.48459   ,51.4205,8.53788    ,51.0174,8.78598   ,50.8108,9.28786   ,50.9237,9.8019    ,51.2961,10.1207   ,52.1049,-9.21985  ,0.0464366  ,490,114751,49.4251,14.2265,119.154,0
1489,51.8443,10.0983   ,51.5025,9.95212    ,51.3035,9.68997  ,51.3058,9.32871   ,51.5286,9.06498   ,51.8886,8.93652   ,52.2539,8.94293    ,52.5999,9.00785   ,52.9393,9.11103   ,53.2502,9.21525     ,53.603 ,9.32385   ,53.9069,9.45149   ,51.8443,10.0983   ,51.7726,9.76682    ,51.668 ,9.5339    ,51.7642,9.33987   ,52.0237,9.31423   ,52.2994,9.35091    ,52.5329,9.40571    ,52.7638,9.46563   ,53.0366,9.52805    ,53.3201,9.57313   ,53.628 ,9.58828   ,53.9069,9.45149   ,53.4995,9.03469   ,53.103 ,8.83255   ,52.7619,8.6672     ,52.343 ,8.52719   ,51.8702,8.46922   ,51.3779,8.5359     ,50.9598,8.87002   ,50.8169,9.3943    ,50.9768,9.92294   ,51.292 ,10.1858   ,52.0641,-9.22501  ,0.07817    ,490,113543,48.201 ,15.0877,118.326,0
1490,51.7829,10.1748   ,51.4978,9.99658    ,51.2883,9.6921   ,51.2731,9.3584    ,51.4767,9.08641   ,51.7724,8.95226   ,52.1265,8.93046    ,52.4334,8.9663    ,52.755 ,9.03795   ,53.105 ,9.13874     ,53.4123,9.19482   ,53.7371,9.2725    ,51.7829,10.1748   ,51.7921,9.8761     ,51.6841,9.5969    ,51.7052,9.38228   ,51.9408,9.3165    ,52.1872,9.3343     ,52.4324,9.38242    ,52.6392,9.43115   ,52.8797,9.48101    ,53.1895,9.51023   ,53.4547,9.47908   ,53.7371,9.2725    ,53.293 ,8.89936   ,52.9452,8.7479    ,52.5448,8.57205    ,52.1282,8.48502   ,51.7164,8.47429   ,51.2636,8.59369    ,50.9433,8.9126    ,50.8172,9.41559   ,50.9262,9.86571   ,51.2603,10.17     ,52.0045,-9.21711  ,0.15188    ,478,110896,45.8863,14.5193,114.083,0
1491,51.852 ,10.1521   ,51.5439,10.0072    ,51.2974,9.73907  ,51.2314,9.42637   ,51.3882,9.1551    ,51.6878,8.98144   ,52.0109,8.92987    ,52.3526,8.94023   ,52.674 ,8.97739   ,53.0005,9.02016     ,53.3423,9.03089   ,53.6679,9.03153   ,51.852 ,10.1521   ,51.8117,9.84263    ,51.6539,9.61669   ,51.609 ,9.42774   ,51.8168,9.33997   ,52.1081,9.33963    ,52.3667,9.3685     ,52.6228,9.40239   ,52.8736,9.42188    ,53.1518,9.40344   ,53.4323,9.31367   ,53.6679,9.03153   ,53.1685,8.75049   ,52.761 ,8.62735   ,52.3726,8.51904    ,51.9694,8.46932   ,51.5425,8.49759   ,51.1693,8.65783    ,50.8944,9.03757   ,50.8422,9.51514   ,50.99  ,9.94173   ,51.3475,10.2209   ,51.9787,-9.2031   ,0.243754   ,477,109681,45.3907,14.7066,113.012,0
1492,51.5077,10.1048   ,51.3336,9.84604    ,51.2646,9.56835  ,51.3216,9.29201   ,51.5091,9.08141   ,51.7756,8.94732   ,52.0384,8.89271    ,52.3572,8.87192   ,52.6306,8.86553   ,52.8994,8.85233     ,53.1918,8.8212    ,53.467 ,8.79828   ,51.5077,10.1048   ,51.6324,9.81653    ,51.6348,9.60085   ,51.7169,9.42806   ,51.9256,9.35323   ,52.1841,9.33405    ,52.4172,9.33105    ,52.6887,9.3209    ,52.9115,9.29131    ,53.1166,9.2303    ,53.3204,9.10883   ,53.467 ,8.79828   ,52.9848,8.54386   ,52.5938,8.48057   ,52.2588,8.44216    ,51.9343,8.42584   ,51.5696,8.4663    ,51.2843,8.58906    ,51.0272,8.86066   ,50.8916,9.22816   ,50.9018,9.61879   ,51.067 ,9.94661   ,51.9325,-9.16748  ,0.364132   ,464,108050,39.0028,14.8501,107.012,0
1493,51.783 ,10.3236   ,51.5376,10.1176    ,51.3341,9.84732  ,51.2197,9.5469    ,51.3178,9.23397   ,51.5456,9.02904   ,51.8563,8.89919    ,52.1559,8.82356   ,52.4572,8.76139   ,52.7918,8.68018     ,53.0893,8.56535   ,53.3653,8.45792   ,51.783 ,10.3236   ,51.795 ,10.0547    ,51.7064,9.8109    ,51.6538,9.56789   ,51.8186,9.37299   ,52.1059,9.29976    ,52.4232,9.25016    ,52.6909,9.19458   ,52.9303,9.10638    ,53.1542,8.95583   ,53.3102,8.76933   ,53.3653,8.45792   ,52.8007,8.3927    ,52.3479,8.42841   ,51.8987,8.43374    ,51.5343,8.47149   ,51.2066,8.57462   ,50.9173,8.8003     ,50.7752,9.15707   ,50.7956,9.60212   ,51.0079,9.95574   ,51.3339,10.2435   ,51.8766,-9.14333  ,0.512457   ,460,107281,43.5731,17.0671,110.326,0
1494,51.5618,10.2621   ,51.3851,10.0085    ,51.2681,9.72752  ,51.2612,9.46133   ,51.4163,9.21936   ,51.6218,9.03475   ,51.8714,8.89262    ,52.1437,8.78606   ,52.416 ,8.66015   ,52.667 ,8.48406     ,52.8484,8.29939   ,53.0201,8.08684   ,51.5618,10.2621   ,51.684 ,9.92051    ,51.6527,9.63104   ,51.7278,9.38819   ,52.0239,9.2634    ,52.3236,9.2122     ,52.6062,9.16259    ,52.8427,9.07873   ,53.0131,8.92306    ,53.1112,8.6906    ,53.1434,8.45399   ,53.0201,8.08684   ,52.4992,8.20849   ,52.1548,8.33362   ,51.7433,8.43922    ,51.3655,8.52336   ,51.0614,8.65714   ,50.8553,8.90574    ,50.7581,9.23222   ,50.7771,9.6033    ,50.9087,9.90555   ,51.1259,10.1712   ,51.8399,-9.10709  ,0.655196   ,465,106545,38.953 ,19.9335,107.255,0
1495,51.5814,10.2643   ,51.3869,10.0009    ,51.2619,9.71183  ,51.2618,9.44392   ,51.4365,9.19925   ,51.7013,8.98312   ,51.9355,8.85403    ,52.215 ,8.72759   ,52.4822,8.57762   ,52.6989,8.33127     ,52.7894,8.05498   ,52.823 ,7.77949   ,51.5814,10.2643   ,51.6906,9.90524    ,51.6463,9.61023   ,51.7314,9.37125   ,52.0474,9.25886   ,52.4011,9.19462    ,52.6458,9.12904    ,52.8717,8.99957   ,53.0151,8.74902    ,53.0663,8.36473   ,53.0389,8.05372   ,52.823 ,7.77949   ,52.5244,8.13679   ,52.2921,8.36828   ,51.8913,8.44566    ,51.4812,8.49091   ,51.1447,8.61843   ,50.9284,8.8202     ,50.7693,9.19832   ,50.7708,9.5848    ,50.9036,9.8969    ,51.126 ,10.1741   ,51.8554,-9.06634  ,0.727775   ,472,109375,41.0729,19.4459,112.083,0
1496,51.563 ,10.3118   ,51.4023,10.0335    ,51.2717,9.73917  ,51.2705,9.42655   ,51.4735,9.17367   ,51.7053,8.99499   ,52.0133,8.80985    ,52.2716,8.66952   ,52.5287,8.47542   ,52.6978,8.24844     ,52.8168,7.92999   ,52.8864,7.65007   ,51.563 ,10.3118   ,51.6984,9.9601     ,51.6501,9.63992   ,51.753 ,9.34764   ,52.094 ,9.23087   ,52.3785,9.17017    ,52.6831,9.06291    ,52.8834,8.90709   ,53.018 ,8.63678    ,53.0655,8.34513   ,53.0599,7.98273   ,52.8864,7.65007   ,52.5488,7.96837   ,52.2822,8.23621   ,51.9728,8.37739    ,51.5774,8.47943   ,51.2545,8.60553   ,50.9484,8.87763    ,50.7867,9.17806   ,50.762 ,9.57404   ,50.9236,9.92392   ,51.1469,10.1855   ,51.8801,-9.01561  ,0.765718   ,482,111140,42.6161,18.3967,115.74 ,0
1497,51.6103,10.2867   ,51.4093,9.98531    ,51.2827,9.72552  ,51.2692,9.41947   ,51.4833,9.15424   ,51.7187,8.96221   ,51.9949,8.78187    ,52.2738,8.62106   ,52.5224,8.44172   ,52.7452,8.16045     ,52.8553,7.88147   ,52.9189,7.60074   ,51.6103,10.2867   ,51.7067,9.86415    ,51.6459,9.57008   ,51.7445,9.29186   ,52.0994,9.23035   ,52.3632,9.16113    ,52.6269,9.03119    ,52.854 ,8.83598   ,53.0111,8.59211    ,53.1067,8.25224   ,53.1233,7.94425   ,52.9189,7.60074   ,52.5608,7.91112   ,52.3317,8.15838   ,51.9568,8.35765    ,51.6035,8.45968   ,51.2686,8.5892    ,50.9879,8.82707    ,50.8016,9.14064   ,50.7719,9.60954   ,50.954 ,9.9688    ,51.1601,10.1881   ,51.8996,-8.97009  ,0.790899   ,489,112368,43.2028,17.5181,117.64 ,0
1498,51.6714,10.3166   ,51.4371,10.0024    ,51.2798,9.68441  ,51.3221,9.3681    ,51.5565,9.09198   ,51.8182,8.88493   ,52.1592,8.69059    ,52.4325,8.53453   ,52.6886,8.28327   ,52.838 ,7.94074     ,52.9113,7.62008   ,52.9595,7.27136   ,51.6714,10.3166   ,51.7217,9.87344    ,51.6458,9.50879   ,51.8382,9.24968   ,52.1941,9.18519   ,52.4687,9.10229    ,52.7608,8.93443    ,52.9414,8.72413   ,53.0607,8.40909    ,53.1225,8.03188   ,53.1305,7.68347   ,52.9595,7.27136   ,52.6712,7.66319   ,52.5227,7.95404   ,52.255 ,8.24255    ,51.838 ,8.40164   ,51.4602,8.49608   ,51.0735,8.73287    ,50.8449,9.07067   ,50.7691,9.55358   ,50.9429,9.95321   ,51.2092,10.2139   ,51.9387,-8.90549  ,0.819854   ,500,115468,47.841 ,17.701 ,125.054,0
1499,51.5945,10.2699   ,51.3828,9.95786    ,51.2804,9.61849  ,51.3586,9.28458   ,51.5778,9.01369   ,51.8355,8.82884   ,52.159 ,8.65724    ,52.4439,8.48564   ,52.6786,8.20193   ,52.8011,7.86842     ,52.8888,7.5626    ,52.9798,7.23285   ,51.5945,10.2699   ,51.6955,9.85708    ,51.6706,9.51201   ,51.8572,9.2657    ,52.181 ,9.14902   ,52.4522,9.05386    ,52.7251,8.88056    ,52.915 ,8.63749   ,53.042 ,8.29609    ,53.1073,7.94149   ,53.1262,7.62134   ,52.9798,7.23285   ,52.6229,7.60519   ,52.4646,7.89565   ,52.2691,8.19298    ,51.8993,8.38786   ,51.5025,8.47998   ,51.1274,8.65965    ,50.8993,8.9483    ,50.8162,9.39114   ,50.9008,9.82667   ,51.1164,10.1455   ,51.9463,-8.86472  ,0.855163   ,500,116244,47.0753,16.9519,121.983,0
1500,51.6973,10.3125   ,51.4409,9.97974    ,51.2686,9.67273  ,51.2736,9.32313   ,51.4794,9.03544   ,51.792 ,8.79954   ,52.0749,8.63697    ,52.3936,8.41245   ,52.5907,8.13809   ,52.7468,7.79754     ,52.8993,7.4935    ,53.1052,7.19846   ,51.6973,10.3125   ,51.7273,9.88206    ,51.6293,9.55423   ,51.7103,9.26478   ,52.0155,9.14805   ,52.3356,9.02786    ,52.5814,8.864      ,52.8177,8.56918   ,52.9416,8.26771    ,53.0486,7.93797   ,53.1344,7.63638   ,53.1052,7.19846   ,52.6089,7.44992   ,52.4   ,7.75809   ,52.1918,8.09826    ,51.9008,8.31917   ,51.4767,8.46097   ,51.153 ,8.63246    ,50.8681,8.99816   ,50.8036,9.47326   ,50.9503,9.89586   ,51.2226,10.1735   ,51.9313,-8.80324  ,0.90122    ,500,116421,49.228 ,15.2925,121.882,0
1501,51.6999,10.3104   ,51.4674,10.0101    ,51.2623,9.64246  ,51.2917,9.29079   ,51.5147,8.992     ,51.7939,8.7682    ,52.1225,8.5569     ,52.3893,8.33161   ,52.6105,7.97958   ,52.7602,7.67329     ,52.9538,7.30626   ,53.1237,7.02461   ,51.6999,10.3104   ,51.7367,9.91196    ,51.6234,9.51307   ,51.7436,9.23448   ,52.0608,9.10685   ,52.344 ,8.96527    ,52.6319,8.7325     ,52.8325,8.44235   ,52.9803,8.0707     ,53.0785,7.7777    ,53.1836,7.41462   ,53.1237,7.02461   ,52.6664,7.30056   ,52.3906,7.67315   ,52.1912,7.98648    ,51.8783,8.29253   ,51.5259,8.43899   ,51.1457,8.64061    ,50.8878,8.95728   ,50.8011,9.43978   ,50.9394,9.87936   ,51.2687,10.205    ,51.9464,-8.74494  ,0.923626   ,510,117901,50.7868,15.2257,125.539,0
1502,51.6   ,10.1406   ,51.3642,9.85078    ,51.2389,9.47917  ,51.3672,9.14779   ,51.6018,8.90988   ,51.9366,8.67488   ,52.241 ,8.47239    ,52.4854,8.22466   ,52.6652,7.90357   ,52.8071,7.59496     ,52.9884,7.22692   ,53.14  ,6.95018   ,51.6   ,10.1406   ,51.6837,9.75188    ,51.6408,9.384     ,51.8649,9.17874   ,52.1451,9.06858   ,52.4644,8.87801    ,52.7191,8.626      ,52.8957,8.33193   ,53.0216,8.01156    ,53.1157,7.71071   ,53.2165,7.34731   ,53.14  ,6.95018   ,52.7077,7.2093    ,52.4494,7.58427   ,52.2623,7.89393    ,52.0131,8.19757   ,51.6834,8.37955   ,51.3132,8.5316     ,50.969 ,8.82633   ,50.8101,9.20318   ,50.8406,9.68097   ,51.1104,10.0481   ,51.9804,-8.68653  ,0.92115    ,520,120700,49.393 ,14.7439,126.125,0
1503,51.6212,10.11     ,51.3596,9.82747    ,51.2514,9.46997  ,51.4397,9.12014   ,51.7127,8.84763   ,51.9969,8.63458   ,52.298 ,8.37894    ,52.5174,8.10147   ,52.7031,7.77966   ,52.8727,7.43531     ,53.0658,7.09009   ,53.2379,6.81203   ,51.6212,10.11     ,51.6596,9.6925     ,51.6414,9.34408   ,51.9853,9.15102   ,52.329 ,8.97776   ,52.5957,8.76702    ,52.8207,8.46343    ,52.9492,8.17364   ,53.0562,7.87178    ,53.1599,7.55145   ,53.2618,7.21991   ,53.2379,6.81203   ,52.8035,7.07306   ,52.526 ,7.43514   ,52.2932,7.799      ,52.0163,8.1298    ,51.696 ,8.37405   ,51.3039,8.57175    ,51.0072,8.79172   ,50.83  ,9.17129   ,50.8512,9.69476   ,51.1298,10.0578   ,52.017 ,-8.62407  ,0.924339   ,523,121729,50.7892,16.3714,126.711,0
1504,51.5163,10.315    ,51.3384,9.91092    ,51.3181,9.53696  ,51.4349,9.19067   ,51.6772,8.90947   ,51.9839,8.68343   ,52.273 ,8.42397    ,52.5271,8.08599   ,52.6873,7.7714    ,52.87  ,7.39727     ,53.0493,7.07001   ,53.2128,6.75532   ,51.5163,10.315    ,51.6622,9.85584    ,51.7155,9.48382   ,51.9178,9.21011   ,52.2408,9.03702   ,52.5368,8.82878    ,52.7558,8.54611    ,52.9238,8.20145   ,53.0324,7.88634    ,53.1528,7.51692   ,53.2611,7.20073   ,53.2128,6.75532   ,52.7786,7.04823   ,52.5301,7.38507   ,52.293 ,7.76219    ,52.0662,8.07353   ,51.711 ,8.3861    ,51.3423,8.60238    ,51.0337,8.8502    ,50.8986,9.27332   ,50.9068,9.7171    ,51.0468,10.0825   ,52.0399,-8.61131  ,0.94159    ,513,119995,52.1522,14.9801,124.468,0
1505,51.4472,10.3307   ,51.3733,9.92096    ,51.3792,9.52731  ,51.4976,9.19594   ,51.7675,8.90477   ,52.0532,8.66279   ,52.3192,8.39947    ,52.5624,8.07268   ,52.7123,7.7784    ,52.8639,7.4149      ,53.0438,7.04028   ,53.1852,6.73831   ,51.4472,10.3307   ,51.6874,9.9128     ,51.7645,9.53078   ,51.9401,9.2572    ,52.2665,9.03647   ,52.553 ,8.8085     ,52.7832,8.54022    ,52.9518,8.22646   ,53.0611,7.93622    ,53.1721,7.55346   ,53.2747,7.15632   ,53.1852,6.73831   ,52.7595,7.0304    ,52.5101,7.3824    ,52.3188,7.72137    ,52.1128,8.01386   ,51.7735,8.34905   ,51.4576,8.60066    ,51.1788,8.85173   ,50.9985,9.23101   ,50.9789,9.65216   ,51.0719,10.0556   ,52.1005,-8.58604  ,0.966034   ,513,118980,51.4511,13.6742,120.468,0
1506,51.5348,10.2993   ,51.391 ,9.91071    ,51.3936,9.57861  ,51.5497,9.22469   ,51.818 ,8.91091   ,52.0429,8.68288   ,52.3029,8.40375    ,52.5512,8.08075   ,52.7119,7.79639   ,52.8567,7.44416     ,53.0326,7.07773   ,53.1915,6.78718   ,51.5348,10.2993   ,51.7232,9.8813     ,51.7855,9.56407   ,52.0227,9.24391   ,52.3506,8.95556   ,52.5746,8.75253    ,52.7913,8.50052    ,52.9635,8.20518   ,53.0715,7.93776    ,53.1781,7.57775   ,53.2714,7.19412   ,53.1915,6.78718   ,52.7392,7.06438   ,52.493 ,7.41441   ,52.3056,7.75176    ,52.0762,8.04884   ,51.7327,8.3997    ,51.4203,8.7057     ,51.1994,8.95585   ,51.0152,9.29895   ,50.9838,9.70293   ,51.0793,10.0467   ,52.1203,-8.57932  ,0.981379   ,505,118326,50.393 ,14.168 ,120.125,0
1507,51.3803,10.298    ,51.3606,9.89705    ,51.4046,9.54445  ,51.5814,9.17679   ,51.8237,8.88153   ,52.0591,8.61925   ,52.3308,8.29859    ,52.5575,7.99231   ,52.7379,7.70528   ,52.9074,7.36767     ,53.069 ,7.02119   ,53.2249,6.69565   ,51.3803,10.298    ,51.6758,9.93566    ,51.8079,9.56834   ,52.072 ,9.19398   ,52.3596,8.90138   ,52.5933,8.66072    ,52.8149,8.38498    ,52.9624,8.12635   ,53.0814,7.86851    ,53.2084,7.5326    ,53.3205,7.16614   ,53.2249,6.69565   ,52.7709,6.97321   ,52.5604,7.30129   ,52.3402,7.63658    ,52.0839,7.95722   ,51.7615,8.31809   ,51.4297,8.68456    ,51.1984,8.96269   ,51.0245,9.25776   ,50.9741,9.63538   ,51.0452,9.97506   ,52.1324,-8.53792  ,0.984853   ,514,118599,51.0722,14.2735,120.953,0
1508,51.4687,10.2894   ,51.3633,9.89589    ,51.4136,9.49355  ,51.5724,9.1942    ,51.8297,8.90022   ,52.1093,8.60746   ,52.3592,8.30516    ,52.584 ,7.96676   ,52.742 ,7.67488   ,52.9239,7.27587     ,53.0922,6.96698   ,53.3034,6.67116   ,51.4687,10.2894   ,51.686 ,9.8779     ,51.8111,9.50149   ,52.0227,9.2502    ,52.3186,9.00644   ,52.6029,8.70638    ,52.8335,8.38258    ,53.0018,8.06407   ,53.115 ,7.7929     ,53.2444,7.40602   ,53.3342,7.10121   ,53.3034,6.67116   ,52.7883,6.93398   ,52.5553,7.24851   ,52.3216,7.65365    ,52.1065,7.96823   ,51.8174,8.31789   ,51.5379,8.59405    ,51.263 ,8.87611   ,51.0582,9.22902   ,50.9823,9.59774   ,51.0493,10.0237   ,52.1603,-8.48936  ,0.981157   ,515,119573,52.0219,13.1346,124.953,0
1509,51.3292,10.155    ,51.3252,9.72865    ,51.439 ,9.37745  ,51.6922,9.04212   ,51.9649,8.76363   ,52.2516,8.44837   ,52.452 ,8.1808     ,52.6749,7.81437   ,52.8587,7.46278   ,53.0069,7.14258     ,53.198 ,6.7522    ,53.3482,6.44401   ,51.3292,10.155    ,51.6452,9.79709    ,51.8207,9.47371   ,52.1325,9.17173   ,52.4237,8.90616   ,52.6904,8.59387    ,52.8621,8.33195    ,53.0423,7.97188   ,53.1947,7.62745    ,53.3097,7.30352   ,53.426 ,6.89122   ,53.3482,6.44401   ,52.9147,6.72251   ,52.6537,7.09202   ,52.4727,7.39988    ,52.2495,7.75919   ,51.9686,8.13597   ,51.7218,8.41061    ,51.4101,8.7188    ,51.1685,9.00268   ,51.0039,9.39016   ,50.9901,9.78204   ,52.2305,-8.36446  ,0.968825   ,520,121939,53.0662,12.6419,124.368,0
1510,51.1863,9.98353   ,51.3146,9.55967    ,51.5148,9.21928  ,51.7401,8.9601    ,52.0279,8.67549   ,52.312 ,8.36474   ,52.5303,8.03491    ,52.7134,7.69369   ,52.9008,7.33904   ,53.0756,7.0273      ,53.2903,6.65506   ,53.4568,6.35612   ,51.1863,9.98353   ,51.5951,9.7385     ,51.8706,9.43052   ,52.1316,9.16      ,52.4564,8.82791   ,52.7783,8.4545     ,52.9845,8.1096     ,53.128 ,7.78012   ,53.2655,7.4533     ,53.3867,7.16334   ,53.5108,6.79272   ,53.4568,6.35612   ,53.0092,6.62272   ,52.7045,6.99658   ,52.481 ,7.32764    ,52.2463,7.70572   ,52.0205,8.05728   ,51.7735,8.36388    ,51.5069,8.61449   ,51.2532,8.86047   ,51.0793,9.11728   ,50.9873,9.4972    ,52.2785,-8.25475  ,0.949184   ,527,121872,53.0158,12.3725,124.61 ,0
1511,51.1271,9.79086   ,51.3336,9.45171    ,51.5806,9.12899  ,51.8359,8.84523   ,52.0549,8.60996   ,52.2965,8.33543   ,52.5245,8.03269    ,52.7181,7.70506   ,52.9071,7.34283   ,53.0766,7.05355     ,53.309 ,6.73106   ,53.5253,6.46186   ,51.1271,9.79086   ,51.5872,9.62514    ,51.9006,9.35433   ,52.1783,9.09976   ,52.4025,8.88132   ,52.6412,8.61494    ,52.8603,8.30359    ,53.0518,7.9486    ,53.2178,7.569      ,53.342 ,7.26941   ,53.4948,6.91769   ,53.5253,6.46186   ,53.062 ,6.6218    ,52.7589,6.92034   ,52.5524,7.19866    ,52.342 ,7.54158   ,52.1304,7.84627   ,51.8771,8.14546    ,51.6209,8.43221   ,51.4057,8.68535   ,51.1812,8.99765   ,51.0233,9.36663   ,52.3146,-8.17821  ,0.938287   ,516,120446,50.5418,11.0552,120.853,0
1512,50.9269,9.63314   ,51.2741,9.36995    ,51.5371,9.12469  ,51.8053,8.86959   ,52.0953,8.57574   ,52.3356,8.29792   ,52.555 ,7.98494    ,52.7476,7.6424    ,52.9151,7.32524   ,53.1222,6.97519     ,53.3321,6.66955   ,53.5369,6.35693   ,50.9269,9.63314   ,51.4873,9.58761    ,51.8254,9.363     ,52.1294,9.12737   ,52.4255,8.86298   ,52.6496,8.60945    ,52.8537,8.296      ,53.0565,7.92225   ,53.2175,7.57953    ,53.3828,7.19352   ,53.523 ,6.84735   ,53.5369,6.35693   ,53.0798,6.57636   ,52.8053,6.84626   ,52.5674,7.15437    ,52.3993,7.43818   ,52.2065,7.75187   ,51.9596,8.06404    ,51.6876,8.37143   ,51.3932,8.69655   ,51.1588,8.97094   ,50.9783,9.22701   ,52.3369,-8.12944  ,0.932575   ,514,119675,51.9534,10.8733,122.267,0
1513,50.9248,9.60167   ,51.2798,9.35159    ,51.5531,9.1012   ,51.8284,8.84214   ,52.1165,8.55375   ,52.3507,8.27938   ,52.5926,7.92338    ,52.7802,7.58039   ,52.9532,7.26855   ,53.1555,6.92307     ,53.3919,6.56748   ,53.5708,6.27774   ,50.9248,9.60167   ,51.4936,9.57839    ,51.8458,9.33687   ,52.1618,9.08746   ,52.4556,8.83008   ,52.6684,8.58499    ,52.8975,8.21962    ,53.0972,7.84046   ,53.2615,7.50875    ,53.4095,7.14494   ,53.5561,6.75146   ,53.5708,6.27774   ,53.1679,6.47022   ,52.847 ,6.79112   ,52.5986,7.10923    ,52.4233,7.39598   ,52.2399,7.7054    ,51.9722,8.05185    ,51.7018,8.35816   ,51.4055,8.68184   ,51.1672,8.95242   ,50.9802,9.19982   ,52.3487,-8.10956  ,0.932375   ,517,120599,52.7795,10.9073,122.853,0
1514,51.0497,9.66967   ,51.3202,9.3588     ,51.5656,9.08511  ,51.8753,8.78511   ,52.132 ,8.53127   ,52.3991,8.21268   ,52.6124,7.89343    ,52.7975,7.55128   ,52.9903,7.2074    ,53.1783,6.87575     ,53.3683,6.5858    ,53.5672,6.25316   ,51.0497,9.66967   ,51.5947,9.60995    ,51.8807,9.33806   ,52.2158,9.03807   ,52.4723,8.80184   ,52.7319,8.47987    ,52.9563,8.1295     ,53.1429,7.75411   ,53.3083,7.4046     ,53.4386,7.06503   ,53.5579,6.76361   ,53.5672,6.25316   ,53.1141,6.50431   ,52.8596,6.78337   ,52.622 ,7.10001    ,52.4073,7.43175   ,52.2154,7.74704   ,51.9958,8.0377     ,51.7092,8.34825   ,51.4463,8.61456   ,51.1638,8.92328   ,50.9745,9.19482   ,52.353 ,-8.10609  ,0.930565   ,517,120448,52.4479,10.8872,123.681,0
1515,51.2501,9.81225   ,51.3858,9.40051    ,51.5812,9.08621  ,51.8339,8.79128   ,52.1215,8.49962   ,52.3566,8.25163   ,52.6201,7.92037    ,52.7988,7.6139    ,52.9812,7.25684   ,53.1691,6.92285     ,53.378 ,6.56831   ,53.5394,6.27373   ,51.2501,9.81225   ,51.6817,9.5613     ,51.9542,9.26326   ,52.2596,8.94816   ,52.5696,8.63169   ,52.801 ,8.37613    ,53.0357,8.05055    ,53.1853,7.75166   ,53.3374,7.39771    ,53.4744,7.07022   ,53.5951,6.70658   ,53.5394,6.27373   ,53.1011,6.53148   ,52.807 ,6.87395   ,52.5763,7.20815    ,52.3667,7.56268   ,52.1418,7.88103   ,51.8223,8.22589    ,51.5758,8.46619   ,51.3178,8.73075   ,51.1333,9.01168   ,51.042 ,9.3447    ,52.3641,-8.11208  ,0.929407   ,515,120462,52.192 ,12.3556,122.853,0
1516,51.2054,9.82598   ,51.3692,9.40111    ,51.5996,9.07389  ,51.8313,8.80754   ,52.1235,8.49906   ,52.4013,8.20172   ,52.6325,7.91206    ,52.8361,7.57614   ,53.0038,7.25153   ,53.1854,6.89909     ,53.4129,6.52951   ,53.609 ,6.24157   ,51.2054,9.82598   ,51.6728,9.5711     ,51.9713,9.24894   ,52.2431,8.96565   ,52.5514,8.64917   ,52.8149,8.35067    ,53.0345,8.04932    ,53.2174,7.70487   ,53.3641,7.38433    ,53.4979,7.03655   ,53.6257,6.65907   ,53.609 ,6.24157   ,53.1307,6.50303   ,52.8163,6.8668    ,52.5958,7.21282    ,52.4034,7.54144   ,52.1613,7.87161   ,51.8998,8.1502     ,51.5984,8.45021   ,51.3243,8.7547    ,51.1404,9.00706   ,51.0081,9.33969   ,52.3672,-8.10213  ,0.926549   ,520,120857,53.3582,11.9401,124.267,0
1517,51.1952,9.83123   ,51.35  ,9.42999    ,51.5679,9.11049  ,51.8317,8.797     ,52.1145,8.48339   ,52.3531,8.21085   ,52.6141,7.89144    ,52.8515,7.54757   ,53.0506,7.18927   ,53.2077,6.87046     ,53.4161,6.48253   ,53.5969,6.17458   ,51.1952,9.83123   ,51.6296,9.61941    ,51.9171,9.30756   ,52.2459,8.94635   ,52.5797,8.57416   ,52.8319,8.2797     ,53.071 ,7.96805    ,53.2548,7.65012   ,53.4004,7.31439    ,53.5252,7.00789   ,53.6557,6.62338   ,53.5969,6.17458   ,53.1216,6.43863   ,52.8429,6.82719   ,52.656 ,7.15208    ,52.3895,7.53927   ,52.0767,7.91852   ,51.7804,8.25123    ,51.5533,8.49961   ,51.3271,8.75065   ,51.1361,9.02004   ,51.0159,9.34446   ,52.392 ,-8.05717  ,0.933047   ,527,122691,54.0509,12.9012,125.681,0
1518,51.1933,9.81712   ,51.3773,9.38704    ,51.5965,9.08778  ,51.8897,8.74978   ,52.1773,8.43215   ,52.4045,8.16185   ,52.6824,7.78681    ,52.8784,7.47734   ,53.098 ,7.08242   ,53.2815,6.72785     ,53.5166,6.35101   ,53.7187,6.06152   ,51.1933,9.81712   ,51.6671,9.56286    ,51.9754,9.25247   ,52.36  ,8.85095   ,52.6994,8.48174   ,52.9073,8.22361    ,53.1129,7.89517    ,53.2675,7.60432   ,53.4518,7.21218    ,53.5952,6.86698   ,53.7293,6.49668   ,53.7187,6.06152   ,53.2324,6.3113    ,52.91  ,6.69436   ,52.6933,7.04961    ,52.4278,7.45238   ,52.1799,7.78369   ,51.814 ,8.20859    ,51.5608,8.48939   ,51.3225,8.7564    ,51.1212,9.04166   ,51.0186,9.32997   ,52.4296,-7.99792  ,0.933958   ,538,125091,55.8352,13.9642,127.924,0
1519,51.1251,9.66419   ,51.3947,9.31804    ,51.6605,9.01324  ,51.9454,8.69817   ,52.1786,8.43865   ,52.4349,8.13519   ,52.6847,7.79977    ,52.9056,7.44244   ,53.0938,7.08593   ,53.2791,6.76067     ,53.5006,6.41592   ,53.7073,6.09874   ,51.1251,9.66419   ,51.6671,9.52937    ,52.0133,9.22046   ,52.3474,8.88178   ,52.5949,8.61595   ,52.8346,8.32413    ,53.0479,8.00466    ,53.2569,7.64427   ,53.4371,7.27375    ,53.581 ,6.94721   ,53.7144,6.58866   ,53.7073,6.09874   ,53.2215,6.34081   ,52.9193,6.67009   ,52.703 ,6.98841    ,52.5044,7.32858   ,52.2572,7.68757   ,51.9547,8.04573    ,51.671 ,8.36438   ,51.4482,8.61937   ,51.2145,8.91023   ,51.0435,9.20284   ,52.4485,-7.97825  ,0.935471   ,546,127109,54.2879,11.7435,127.095,0
1520,51.1357,9.71688   ,51.3746,9.34847    ,51.6534,9.01285  ,51.9165,8.72157   ,52.2282,8.37922   ,52.46  ,8.10372   ,52.7247,7.73979    ,52.9323,7.39806   ,53.132 ,7.00766   ,53.321 ,6.66957     ,53.5473,6.32966   ,53.7772,6.0052    ,51.1357,9.71688   ,51.6516,9.57318    ,52.0005,9.22831   ,52.3014,8.91696   ,52.6255,8.57583   ,52.8373,8.31971    ,53.0641,7.9762     ,53.2633,7.6332    ,53.4538,7.22776    ,53.6127,6.8903    ,53.7747,6.53686   ,53.7772,6.0052    ,53.2506,6.21853   ,52.9711,6.54551   ,52.7611,6.88493    ,52.5462,7.25985   ,52.318 ,7.60384   ,51.9955,7.99619    ,51.7305,8.29509   ,51.4253,8.64254   ,51.2052,8.91251   ,51.0201,9.2293    ,52.4864,-7.91906  ,0.938782   ,565,130784,56.0963,11.5046,131.924,0
1521,51.1852,9.71042   ,51.4189,9.31476    ,51.6898,8.98797  ,51.991 ,8.64966   ,52.2396,8.36905   ,52.5126,8.03629   ,52.7437,7.72005    ,52.9723,7.32959   ,53.1778,6.93303   ,53.3869,6.5736      ,53.6037,6.26583   ,53.848 ,5.92713   ,51.1852,9.71042   ,51.7188,9.50605    ,52.0732,9.15083   ,52.4276,8.7849    ,52.6822,8.51115   ,52.9177,8.20801    ,53.113 ,7.91155    ,53.3323,7.51847   ,53.5131,7.10832    ,53.6937,6.74599   ,53.8433,6.44222   ,53.848 ,5.92713   ,53.2886,6.19155   ,53.0146,6.50443   ,52.7883,6.85841    ,52.5618,7.23756   ,52.3043,7.63044   ,52.0216,7.97411    ,51.6997,8.33906   ,51.4529,8.62703   ,51.2096,8.93682   ,51.0426,9.22737   ,52.5367,-7.85603  ,0.943154   ,573,133797,56.9725,12.2331,133.338,0
1522,51.1694,9.68721   ,51.4045,9.32856    ,51.6834,8.993    ,51.9837,8.65345   ,52.2627,8.33878   ,52.565 ,7.96341   ,52.7818,7.64735    ,53.0128,7.24971   ,53.2118,6.88336   ,53.4452,6.49453     ,53.6921,6.16585   ,53.9863,5.84422   ,51.1694,9.68721   ,51.6938,9.52404    ,52.0597,9.15304   ,52.4183,8.78578   ,52.6824,8.5051    ,52.9227,8.19033    ,53.1156,7.88384    ,53.354 ,7.4771    ,53.5318,7.10175    ,53.7267,6.69744   ,53.8878,6.35918   ,53.9863,5.84422   ,53.4105,6.07744   ,53.0886,6.40427   ,52.8338,6.77273    ,52.6154,7.12244   ,52.3834,7.51293   ,52.1259,7.8454     ,51.7528,8.27509   ,51.4506,8.63098   ,51.2084,8.94787   ,51.0348,9.23816   ,52.5497,-7.83504  ,0.943289   ,578,134378,58.8942,12.0183,136.409,0
1523,51.1861,9.71251   ,51.4158,9.32074    ,51.6774,9.00019  ,51.9573,8.68383   ,52.2643,8.33609   ,52.5163,8.02574   ,52.7759,7.66505    ,52.9934,7.28598   ,53.2092,6.90765   ,53.4403,6.51309     ,53.6556,6.19738   ,53.9017,5.86068   ,51.1861,9.71251   ,51.7221,9.49945    ,52.0726,9.14122   ,52.4098,8.79518   ,52.704 ,8.47959   ,52.9084,8.21297    ,53.1422,7.85983    ,53.3658,7.4653    ,53.5549,7.08453    ,53.745 ,6.6993    ,53.8846,6.38753   ,53.9017,5.86068   ,53.3497,6.1118    ,53.0723,6.42963   ,52.8086,6.82624    ,52.5705,7.19976   ,52.3428,7.56999   ,52.0425,7.94413    ,51.7387,8.29113   ,51.4128,8.67515   ,51.1897,8.96706   ,51.0351,9.24562   ,52.5506,-7.83821  ,0.942114   ,582,135062,58.0079,12.3153,134.995,0
1524,51.1859,9.71396   ,51.454 ,9.26762    ,51.7492,8.91484  ,52.0384,8.59184   ,52.3264,8.27613   ,52.6065,7.90711   ,52.8643,7.52502    ,53.0686,7.16474   ,53.292 ,6.75679   ,53.5181,6.36649     ,53.772 ,6.00743   ,54.0383,5.65505   ,51.1859,9.71396   ,51.7633,9.45747    ,52.1447,9.06473   ,52.4926,8.70942   ,52.7805,8.38793   ,53.0353,8.02474    ,53.2717,7.6443     ,53.4567,7.2822    ,53.6612,6.87203    ,53.8284,6.49396   ,53.9729,6.15118   ,54.0383,5.65505   ,53.4825,5.98301   ,53.134 ,6.35655   ,52.8653,6.74559    ,52.6261,7.14844   ,52.3903,7.51226   ,52.098 ,7.90003    ,51.7932,8.25745   ,51.4942,8.57344   ,51.2522,8.88189   ,51.0574,9.19282   ,52.581 ,-7.79625  ,0.945055   ,591,137474,61.0797,12.3578,140.409,0
1525,51.1859,9.71413   ,51.4305,9.29506    ,51.7391,8.92432  ,52.0459,8.58295   ,52.3508,8.24895   ,52.604 ,7.91305   ,52.8688,7.51297    ,53.084 ,7.13384   ,53.3034,6.75395   ,53.5282,6.355       ,53.7964,5.95717   ,54.0462,5.62286   ,51.1859,9.71413   ,51.7231,9.49776    ,52.1163,9.09379   ,52.4816,8.72075   ,52.7819,8.3862    ,53.0084,8.06517    ,53.2575,7.66963    ,53.4512,7.29343   ,53.6367,6.92131    ,53.8117,6.53241   ,53.9935,6.13439   ,54.0462,5.62286   ,53.5176,5.89011   ,53.1774,6.2947    ,52.907 ,6.69621    ,52.6555,7.08215   ,52.4136,7.46716   ,52.1161,7.87724    ,51.8359,8.21222   ,51.5147,8.54936   ,51.2547,8.87861   ,51.0489,9.21196   ,52.5941,-7.77703  ,0.945578   ,597,138506,61.4629,12.0439,141.581,0
1526,51.1591,9.6668    ,51.4079,9.31477    ,51.7171,8.94715  ,52.0377,8.59114   ,52.3321,8.26521   ,52.6037,7.91419   ,52.837 ,7.5674     ,53.0561,7.18439   ,53.2804,6.79931   ,53.4887,6.44821     ,53.7573,6.03946   ,54.0073,5.73973   ,51.1591,9.6668    ,51.6655,9.55419    ,52.0481,9.16845   ,52.4271,8.77835   ,52.7411,8.4222    ,53.006 ,8.06849    ,53.2236,7.73075    ,53.4189,7.35741   ,53.6061,6.98643    ,53.7866,6.6448    ,53.978 ,6.23588   ,54.0073,5.73973   ,53.4555,5.95396   ,53.12  ,6.37152   ,52.888 ,6.72448    ,52.6317,7.11996   ,52.3805,7.5168    ,52.1151,7.87812    ,51.8282,8.21994   ,51.545 ,8.5154    ,51.2776,8.85113   ,51.0612,9.18908   ,52.5932,-7.78144  ,0.943402   ,594,138219,59.8936,11.4679,140.652,0
1527,51.1867,9.711     ,51.4157,9.31457    ,51.71  ,8.95883  ,52.016 ,8.61537   ,52.2987,8.30194   ,52.5603,7.97091   ,52.8264,7.58124    ,53.0367,7.21278   ,53.2806,6.78985   ,53.4929,6.44573     ,53.7408,6.08037   ,53.9874,5.71788   ,51.1867,9.711     ,51.7011,9.52215    ,52.0735,9.14491   ,52.4362,8.7693    ,52.7391,8.42441   ,52.9962,8.08256    ,53.2399,7.70254    ,53.4261,7.34272   ,53.6358,6.93172    ,53.8122,6.60017   ,53.9672,6.25343   ,53.9874,5.71788   ,53.4292,6.03033   ,53.0983,6.40982   ,52.8607,6.75683    ,52.589 ,7.1869    ,52.3448,7.56871   ,52.0401,7.97206    ,51.7669,8.28421   ,51.4971,8.57023   ,51.2433,8.8926    ,51.0466,9.22083   ,52.5813,-7.79763  ,0.942279   ,591,137798,60.0251,12.0462,138.409,0
1528,51.1869,9.70991   ,51.4298,9.29982    ,51.7028,8.96658  ,52.0056,8.62572   ,52.3047,8.27916   ,52.5815,7.93455   ,52.84  ,7.56338    ,53.0622,7.17235   ,53.3002,6.77497   ,53.5203,6.39956     ,53.7643,5.99892   ,53.9331,5.6519    ,51.1869,9.70991   ,51.7415,9.4832     ,52.1038,9.11486   ,52.451 ,8.75402   ,52.7426,8.42      ,52.9915,8.08954    ,53.2285,7.72154    ,53.4355,7.32374   ,53.6577,6.92173    ,53.8413,6.54481   ,53.9861,6.14134   ,53.9331,5.6519    ,53.4731,5.97143   ,53.134 ,6.36563   ,52.8802,6.73027    ,52.6339,7.11805   ,52.3879,7.50658   ,52.0855,7.89177    ,51.7682,8.25509   ,51.4594,8.61085   ,51.204 ,8.93176   ,51.0402,9.22322   ,52.5776,-7.8013   ,0.940534   ,593,137692,60.36  ,12.2871,138.409,0
1529,51.1855,9.71098   ,51.4287,9.30105    ,51.7013,8.96727  ,52.0055,8.62264   ,52.3065,8.27468   ,52.581 ,7.93182   ,52.8314,7.56598    ,53.052 ,7.1776    ,53.2894,6.7793    ,53.5197,6.38618     ,53.7303,6.01895   ,53.9257,5.64788   ,51.1855,9.71098   ,51.7382,9.48762    ,52.1042,9.11744   ,52.4568,8.74899   ,52.7457,8.41781   ,52.989 ,8.09388    ,53.2231,7.73085    ,53.4288,7.33802   ,53.63  ,6.94695    ,53.813 ,6.55441   ,53.9281,6.1789    ,53.9257,5.64788   ,53.4631,5.98189   ,53.1582,6.33683   ,52.8866,6.71502    ,52.6198,7.11407   ,52.3778,7.50115   ,52.0886,7.88086    ,51.7683,8.24841   ,51.4524,8.61087   ,51.2008,8.93122   ,51.0414,9.22105   ,52.556 ,-7.82201  ,0.94261    ,587,136274,60.3482,12.4345,138.409,0
1530,51.2263,9.73269   ,51.4185,9.32769    ,51.6883,8.97429  ,52.0056,8.61002   ,52.2735,8.30536   ,52.5601,7.95508   ,52.8131,7.5858     ,53.0399,7.19365   ,53.2364,6.85277   ,53.4782,6.41292     ,53.6657,6.03733   ,53.8551,5.68643   ,51.2263,9.73269   ,51.726 ,9.50057    ,52.0945,9.12626   ,52.4602,8.73545   ,52.7218,8.43899   ,52.9727,8.11363    ,53.1909,7.76065    ,53.4134,7.36667   ,53.5858,7.03517    ,53.7661,6.61043   ,53.861 ,6.204     ,53.8551,5.68643   ,53.4081,5.99385   ,53.1283,6.33662   ,52.829 ,6.76941    ,52.6126,7.11734   ,52.3712,7.51224   ,52.0609,7.90911    ,51.7201,8.29273   ,51.4424,8.60684   ,51.183 ,8.94162   ,51.0387,9.2698    ,52.5334,-7.83708  ,0.947602   ,583,134136,59.5021,12.582 ,136.167,0
1531,51.2127,9.73563   ,51.3832,9.35207    ,51.6707,8.9792   ,51.9206,8.68984   ,52.1838,8.38987   ,52.4775,8.04577   ,52.7106,7.74259    ,52.9408,7.38934   ,53.1429,7.03969   ,53.3237,6.64615     ,53.4409,6.25627   ,53.5123,5.88924   ,51.2127,9.73563   ,51.6912,9.53043    ,52.0706,9.14226   ,52.355 ,8.83089   ,52.6273,8.51957   ,52.9073,8.17793    ,53.1169,7.88817    ,53.317 ,7.55678   ,53.4934,7.22295    ,53.6469,6.81345   ,53.6933,6.37697   ,53.5123,5.88924   ,53.1608,6.2486    ,52.9598,6.58425   ,52.743 ,6.94723    ,52.5122,7.30743   ,52.2363,7.69187   ,51.9564,8.02347    ,51.6357,8.37978   ,51.3825,8.66747   ,51.1776,8.92715   ,51.0139,9.27394   ,52.4777,-7.90503  ,0.94754    ,561,131491,55.809 ,12.2814,129.681,0
1532,51.1983,9.7264    ,51.3662,9.32991    ,51.5939,9.00156  ,51.8648,8.70489   ,52.1262,8.43105   ,52.4297,8.09429   ,52.6482,7.82576    ,52.883 ,7.47902   ,53.0655,7.14374   ,53.2083,6.77217     ,53.289 ,6.35432   ,53.319 ,5.99948   ,51.1983,9.7264    ,51.6678,9.49832    ,51.9218,9.18533   ,52.1908,8.91761   ,52.4523,8.66637   ,52.7621,8.33976    ,52.9861,8.06871    ,53.2197,7.71245   ,53.3934,7.36322    ,53.518 ,6.96785   ,53.5492,6.4809    ,53.319 ,5.99948   ,53.0129,6.34578   ,52.8647,6.69111   ,52.6899,7.02102    ,52.4871,7.34178   ,52.2295,7.6875    ,52.0014,7.95974    ,51.6941,8.30782   ,51.4393,8.59636   ,51.19  ,8.91016   ,51.0135,9.26036   ,52.3971,-7.99049  ,0.951344   ,531,124162,53.8814,10.4289,125.196,0
1533,51.1484,9.7475    ,51.309 ,9.40828    ,51.5294,9.06914  ,51.7985,8.7764    ,52.0615,8.51736   ,52.313 ,8.25737   ,52.5588,7.95669    ,52.7594,7.67008   ,52.9304,7.33993   ,53.0116,6.93973     ,53.0076,6.5723    ,52.9191,6.23649   ,51.1484,9.7475    ,51.607 ,9.54086    ,51.8943,9.21113   ,52.1913,8.92514   ,52.4768,8.67653   ,52.7399,8.42698    ,52.9715,8.12812    ,53.1507,7.82883   ,53.3127,7.47049    ,53.3883,7.00964   ,53.339 ,6.59224   ,52.9191,6.23649   ,52.685 ,6.65125   ,52.6252,6.9773    ,52.5141,7.29784    ,52.3162,7.59104   ,52.0814,7.87013   ,51.8072,8.17412    ,51.5575,8.44537   ,51.322 ,8.71224   ,51.0982,9.01029   ,50.9716,9.36088   ,52.3164,-8.06581  ,0.965421   ,512,118649,50.9231,11.8519,119.296,0
1534,51.1797,9.80797   ,51.3135,9.46174    ,51.4809,9.147    ,51.7423,8.86136   ,51.9858,8.62487   ,52.2377,8.36209   ,52.4956,8.05808    ,52.6981,7.77036   ,52.852 ,7.42499   ,52.8562,7.10199     ,52.701 ,6.75335   ,52.4761,6.5054    ,51.1797,9.80797   ,51.6317,9.52757    ,51.8859,9.21497   ,52.1887,8.95265   ,52.459 ,8.7327    ,52.7295,8.46514    ,52.9784,8.15079    ,53.1433,7.85557   ,53.2643,7.47126    ,53.2518,7.08737   ,53.0326,6.67177   ,52.4761,6.5054    ,52.4195,6.91434   ,52.4782,7.20969   ,52.4151,7.46877    ,52.2012,7.76697   ,51.9461,8.04998   ,51.6641,8.34774    ,51.4282,8.60099   ,51.221 ,8.84222   ,51.0239,9.15315   ,50.9656,9.47734   ,52.2366,-8.15698  ,0.992769   ,500,115807,49.1542,13.146 ,116.125,0
1535,51.2066,9.7561    ,51.3745,9.45626    ,51.5804,9.14302  ,51.805 ,8.87898   ,52.04  ,8.62977   ,52.2644,8.37841   ,52.472 ,8.1094     ,52.6405,7.81385   ,52.7315,7.49347   ,52.7002,7.1777      ,52.5174,6.8757    ,52.2625,6.68975   ,51.2066,9.7561    ,51.6929,9.5231     ,52.0615,9.17063   ,52.3797,8.8617    ,52.6672,8.58561   ,52.8975,8.32846    ,53.0769,8.0588     ,53.197 ,7.75158   ,53.2233,7.39791    ,53.1147,7.04608   ,52.8204,6.73433   ,52.2625,6.68975   ,52.2712,7.08126   ,52.3114,7.39604   ,52.2269,7.68173    ,52.0432,7.96423   ,51.8112,8.23966   ,51.5688,8.50197    ,51.3463,8.7443    ,51.1637,8.96946   ,51.0403,9.19383   ,51.016 ,9.46389   ,52.2088,-8.18384  ,1.01919    ,498,116308,46.1029,16.4339,114.368,0
1536,51.2393,9.80361   ,51.3999,9.44168    ,51.5811,9.14707  ,51.8176,8.86926   ,52.0661,8.60411   ,52.3243,8.27906   ,52.4841,8.00129    ,52.6028,7.65258   ,52.5844,7.26964   ,52.3627,6.97423     ,52.0379,6.78602   ,51.7291,6.67594   ,51.2393,9.80361   ,51.7439,9.50133    ,52.0674,9.16301   ,52.4065,8.83577   ,52.7172,8.54018   ,52.9793,8.20016    ,53.1031,7.90088    ,53.1485,7.51071   ,53.0213,7.08631    ,52.6914,6.78603   ,52.2531,6.63821   ,51.7291,6.67594   ,51.9058,6.97204   ,52.1064,7.22332   ,52.1753,7.54213    ,52.0356,7.89514   ,51.8178,8.19799   ,51.609 ,8.44477    ,51.3457,8.74396   ,51.1575,8.97975   ,51.0345,9.21411   ,51.0172,9.46449   ,52.1477,-8.15912  ,1.09883    ,513,118852,49.6533,17.0723,120.61 ,0
1537,51.2124,9.77443   ,51.3855,9.45215    ,51.6046,9.11714  ,51.85  ,8.8281    ,52.0701,8.58132   ,52.2995,8.28345   ,52.4642,7.95813    ,52.5434,7.62219   ,52.466 ,7.2399    ,52.2258,6.97276     ,51.9205,6.75882   ,51.6305,6.60927   ,51.2124,9.77443   ,51.7149,9.52438    ,52.0988,9.14238   ,52.4449,8.79265   ,52.7211,8.49415   ,52.963 ,8.14463    ,53.0704,7.76349    ,53.0451,7.36738   ,52.8315,6.96529    ,52.5105,6.7456    ,52.1254,6.60759   ,51.6305,6.60927   ,51.7924,6.95901   ,52.0125,7.25978   ,52.1406,7.59106    ,52.0318,7.97059   ,51.8205,8.24897   ,51.5771,8.51017    ,51.347 ,8.75116   ,51.1819,8.94553   ,51.0465,9.17577   ,51.0147,9.45997   ,52.1014,-8.13582  ,1.1628     ,515,119710,49.3972,17.5793,119.196,0
1538,51.1932,9.77217   ,51.3781,9.43611    ,51.5851,9.134    ,51.8414,8.83727   ,52.1001,8.53568   ,52.3066,8.20696   ,52.4208,7.89031    ,52.4688,7.52381   ,52.3422,7.13071   ,52.0752,6.86971     ,51.7681,6.67562   ,51.4466,6.54514   ,51.1932,9.77217   ,51.6994,9.51656    ,52.0631,9.16737   ,52.4335,8.80673   ,52.7608,8.45085   ,52.9591,8.08128    ,53.0043,7.7145     ,52.9404,7.29094   ,52.6756,6.89041    ,52.327 ,6.65461   ,51.9568,6.50986   ,51.4466,6.54514   ,51.6555,6.88334   ,51.8982,7.14154   ,52.0591,7.44781    ,51.9975,7.85653   ,51.8075,8.17412   ,51.6047,8.43248    ,51.3694,8.70849   ,51.1734,8.95236   ,51.04  ,9.18691   ,51.0103,9.43889   ,52.0642,-8.10151  ,1.22524    ,517,120480,50.8663,17.3546,122.853,0
1539,51.2015,9.77561   ,51.4136,9.41199    ,51.6301,9.0891   ,51.8835,8.77845   ,52.129 ,8.48702   ,52.351 ,8.14831   ,52.4841,7.76637    ,52.4744,7.41003   ,52.2424,7.07539   ,51.943 ,6.8223      ,51.6353,6.58547   ,51.3074,6.40047   ,51.2015,9.77561   ,51.7435,9.48475    ,52.1105,9.11935   ,52.4674,8.75482   ,52.7628,8.41716   ,52.9501,8.03994    ,52.9759,7.57809    ,52.8322,7.1502    ,52.5011,6.80822    ,52.1565,6.60301   ,51.8165,6.43151   ,51.3074,6.40047   ,51.5302,6.79604   ,51.8067,7.10253   ,52.052 ,7.41017    ,52.1398,7.75332   ,51.9716,8.05044   ,51.7048,8.34687    ,51.4297,8.63825   ,51.226 ,8.88839   ,51.0813,9.15071   ,51.033 ,9.42847   ,52.029 ,-8.06033  ,1.29699    ,530,123332,53.2399,16.5739,125.924,0
1540,51.1455,9.78889   ,51.3769,9.40086    ,51.5901,9.10866  ,51.8781,8.77396   ,52.1617,8.45193   ,52.3878,8.13642   ,52.5307,7.74427    ,52.4491,7.36503   ,52.1899,7.06069   ,51.8884,6.79723     ,51.5692,6.53483   ,51.2619,6.29469   ,51.1455,9.78889   ,51.6959,9.5133     ,52.0184,9.19521   ,52.4045,8.81073   ,52.7377,8.44349   ,52.9344,8.10629    ,52.9816,7.65768    ,52.8216,7.21648   ,52.5208,6.88103    ,52.1802,6.62669   ,51.8114,6.41351   ,51.2619,6.29469   ,51.4024,6.721     ,51.6817,7.03715   ,51.9431,7.32334    ,52.1289,7.60475   ,52.0628,7.92947   ,51.786 ,8.25942    ,51.5099,8.5503    ,51.2673,8.83154   ,51.0846,9.11951   ,50.9978,9.38329   ,52.0028,-8.02713  ,1.35568    ,543,125171,55.2213,15.1139,127.924,0
1541,51.1322,9.75892   ,51.3513,9.40712    ,51.6039,9.06927  ,51.8575,8.78385   ,52.1413,8.45971   ,52.3581,8.13531   ,52.472 ,7.7379     ,52.3766,7.39122   ,52.1279,7.06773   ,51.8316,6.77839     ,51.5081,6.50688   ,51.2044,6.32805   ,51.1322,9.75892   ,51.6665,9.54755    ,52.0428,9.1807    ,52.361 ,8.85814   ,52.6708,8.50578   ,52.8517,8.16676    ,52.9032,7.72423    ,52.7898,7.32239   ,52.5123,6.94417    ,52.156 ,6.61926   ,51.747 ,6.35735   ,51.2044,6.32805   ,51.3483,6.71789   ,51.5909,7.01374   ,51.8251,7.28103    ,52.0142,7.55591   ,52.0351,7.85285   ,51.8131,8.19904    ,51.5369,8.5051    ,51.2682,8.80362   ,51.0847,9.05465   ,50.9779,9.35929   ,51.9539,-8.00731  ,1.40521    ,543,125921,54.2793,13.9067,126.853,0
1542,51.0206,9.69128   ,51.3046,9.35863    ,51.5865,9.05177  ,51.8583,8.77454   ,52.1133,8.48229   ,52.3412,8.10845   ,52.4189,7.71776    ,52.2933,7.35459   ,52.0144,7.00616   ,51.731 ,6.71667     ,51.4208,6.43348   ,51.1182,6.25376   ,51.0206,9.69128   ,51.5942,9.54726    ,51.9553,9.22085   ,52.2803,8.9236    ,52.5534,8.62138   ,52.7738,8.2101     ,52.8388,7.75194    ,52.7196,7.31605   ,52.4036,6.90232    ,52.0553,6.56558   ,51.6573,6.26564   ,51.1182,6.25376   ,51.2681,6.67209   ,51.5012,6.96015   ,51.7158,7.20994    ,51.926 ,7.49266   ,52.001 ,7.79443   ,51.8585,8.11675    ,51.5926,8.44453   ,51.3465,8.71857   ,51.129 ,8.97383   ,50.9491,9.25222   ,51.9063,-7.99654  ,1.43319    ,539,125896,55.1208,11.9813,127.681,0
1543,51.0973,9.72982   ,51.3432,9.34482    ,51.6238,9.02565  ,51.887 ,8.74903   ,52.161 ,8.39892   ,52.3261,8.06615   ,52.3925,7.67383    ,52.2532,7.28169   ,51.981 ,6.95217   ,51.7058,6.67721     ,51.373 ,6.37658   ,51.0523,6.19356   ,51.0973,9.72982   ,51.686 ,9.46196    ,52.0757,9.1109    ,52.4011,8.80871   ,52.6848,8.43319   ,52.8072,8.05186    ,52.8016,7.57962    ,52.6151,7.12236   ,52.3152,6.76756    ,52.0188,6.50686   ,51.6101,6.21492   ,51.0523,6.19356   ,51.2184,6.60671   ,51.4754,6.92732   ,51.7204,7.21401    ,51.948 ,7.53138   ,51.985 ,7.8763    ,51.8017,8.19387    ,51.567 ,8.47045   ,51.2872,8.78273   ,51.0845,9.03269   ,50.9352,9.31557   ,51.9017,-7.95217  ,1.47134    ,551,127661,55.7527,13.7165,130.853,0
1544,51.0951,9.73972   ,51.3694,9.3755     ,51.665 ,9.01168  ,51.932 ,8.70796   ,52.1963,8.34456   ,52.3542,7.94498   ,52.3614,7.54335    ,52.1722,7.1537    ,51.8733,6.82404   ,51.5889,6.54188     ,51.2762,6.23087   ,50.9631,5.95313   ,51.0951,9.73972   ,51.6626,9.53209    ,52.0929,9.13586   ,52.4293,8.79495   ,52.7092,8.40609   ,52.8184,7.96677    ,52.7778,7.51071    ,52.583 ,7.0671    ,52.2701,6.72594    ,51.9443,6.44574   ,51.5353,6.13066   ,50.9631,5.95313   ,51.0905,6.4052    ,51.3159,6.71928   ,51.5552,7.00147    ,51.8259,7.32937   ,51.9638,7.68567   ,51.861 ,8.04062    ,51.6186,8.39124   ,51.3482,8.72125   ,51.1473,8.99128   ,51.003 ,9.31901   ,51.8858,-7.8876   ,1.53871    ,565,130302,58.4055,13.3775,134.853,0
1545,51.1417,9.74869   ,51.3601,9.35295    ,51.6595,8.98714  ,51.9491,8.67882   ,52.204 ,8.36092   ,52.3845,7.96338   ,52.3678,7.57118    ,52.1481,7.17011   ,51.8835,6.84337   ,51.5958,6.52345     ,51.2822,6.20644   ,50.9726,5.9728    ,51.1417,9.74869   ,51.6494,9.49712    ,52.0529,9.13253   ,52.4009,8.81063   ,52.6683,8.48096   ,52.8139,8.03773    ,52.7834,7.56926    ,52.5637,7.09056   ,52.2854,6.74205    ,51.9692,6.42495   ,51.5504,6.08957   ,50.9726,5.9728    ,51.1036,6.40813   ,51.3096,6.71513   ,51.5589,7.0347     ,51.8022,7.3476    ,51.983 ,7.6792    ,51.9241,8.00467    ,51.6642,8.35      ,51.4024,8.64972   ,51.1712,8.94612   ,51.0043,9.31123   ,51.8789,-7.86541  ,1.55324    ,571,131336,58.1409,12.4189,134.853,0
1546,51.1603,9.72287   ,51.3432,9.33612    ,51.6594,8.95946  ,51.9205,8.67276   ,52.1918,8.3219    ,52.3324,7.9531    ,52.291 ,7.52502    ,52.0926,7.15761   ,51.7962,6.78204   ,51.5085,6.45005     ,51.2249,6.14872   ,50.9372,5.89414   ,51.1603,9.72287   ,51.6449,9.49978    ,52.0347,9.12559   ,52.3302,8.82223   ,52.617 ,8.45561   ,52.7531,8.0695     ,52.7404,7.59251    ,52.584 ,7.18258   ,52.2577,6.76708    ,51.8829,6.38167   ,51.4865,6.04044   ,50.9372,5.89414   ,51.0544,6.34942   ,51.2307,6.62703   ,51.4275,6.90797    ,51.6721,7.23519   ,51.8767,7.57135   ,51.888 ,7.96358    ,51.6901,8.30608   ,51.4072,8.63945   ,51.1821,8.90497   ,50.9742,9.2745    ,51.8381,-7.84214  ,1.56979    ,565,132108,57.898 ,11.5398,134.752,0
1547,51.1073,9.7042    ,51.3402,9.32046    ,51.6217,8.9945   ,51.9442,8.64163   ,52.1778,8.34295   ,52.3353,7.91792   ,52.2634,7.50145    ,52.0531,7.12137   ,51.7941,6.78886   ,51.4983,6.45295     ,51.1965,6.14937   ,50.8649,5.88673   ,51.1073,9.7042    ,51.614 ,9.52347    ,51.954 ,9.2015    ,52.3206,8.8259    ,52.5756,8.50762   ,52.7487,8.05784    ,52.7243,7.59475    ,52.553 ,7.17196   ,52.2652,6.79839    ,51.8753,6.40798   ,51.4457,6.06235   ,50.8649,5.88673   ,51.0461,6.32858   ,51.222 ,6.60771   ,51.4168,6.89206    ,51.6269,7.17908   ,51.8437,7.52085   ,51.9075,7.90204    ,51.6984,8.29743   ,51.4616,8.57707   ,51.1854,8.90056   ,50.9917,9.21978   ,51.8318,-7.83729  ,-1.56503   ,562,131751,58.6103,11.3579,134.752,0
1548,51.1402,9.72411   ,51.3784,9.2975     ,51.6702,8.95226  ,51.9407,8.64773   ,52.2124,8.27613   ,52.3331,7.89181   ,52.2547,7.45667    ,52.028 ,7.07021   ,51.7684,6.73546   ,51.4878,6.39877     ,51.2081,6.07968   ,50.8984,5.77      ,51.1402,9.72411   ,51.6765,9.46663    ,52.043 ,9.11582   ,52.3576,8.78589   ,52.6449,8.38888   ,52.755 ,7.97768    ,52.7036,7.49329    ,52.5003,7.06516   ,52.2023,6.69044    ,51.8468,6.31144   ,51.4778,5.981     ,50.8984,5.77      ,51.0305,6.28062   ,51.2225,6.59661   ,51.4259,6.8937     ,51.6331,7.18414   ,51.8502,7.53721   ,51.8969,7.93637    ,51.7061,8.28793   ,51.4169,8.63289   ,51.1912,8.90735   ,51.0011,9.23819   ,51.8259,-7.80186  ,-1.54312   ,571,133333,59.3193,11.6882,135.924,0
1549,51.1403,9.72668   ,51.3613,9.33673    ,51.6375,9.00434  ,51.9409,8.6528    ,52.1846,8.2892    ,52.3032,7.8955    ,52.2593,7.4602     ,52.0266,7.05406   ,51.7688,6.72304   ,51.4661,6.36349     ,51.1793,6.03249   ,50.901 ,5.75765   ,51.1403,9.72668   ,51.6646,9.47936    ,52.0364,9.12874   ,52.4136,8.7319    ,52.6794,8.33718   ,52.7617,7.90835    ,52.6843,7.41959    ,52.4316,6.96576   ,52.1323,6.59748    ,51.7953,6.24377   ,51.4348,5.92273   ,50.901 ,5.75765   ,51.0062,6.23598   ,51.2149,6.57587   ,51.4798,6.94004    ,51.6908,7.23905   ,51.8696,7.61464   ,51.8249,8.01629    ,51.6235,8.36596   ,51.3708,8.69219   ,51.138 ,8.99437   ,50.9843,9.29837   ,51.8277,-7.78461  ,-1.53638   ,577,133793,59.2466,12.9554,137.338,0
1550,51.0919,9.70888   ,51.3557,9.31116    ,51.6594,8.96895  ,51.9331,8.66431   ,52.2084,8.29494   ,52.3347,7.85056   ,52.2381,7.42424    ,52.0263,7.05163   ,51.7395,6.66982   ,51.4643,6.33214     ,51.1913,6.01926   ,50.8791,5.73136   ,51.0919,9.70888   ,51.6376,9.5092     ,52.0091,9.15673   ,52.329 ,8.82211   ,52.6287,8.42272   ,52.7554,7.94779    ,52.6939,7.47171    ,52.5037,7.06302   ,52.1862,6.65079    ,51.8385,6.26996   ,51.4517,5.91572   ,50.8791,5.73136   ,51.0209,6.22085   ,51.1821,6.50533   ,51.3816,6.80113    ,51.6195,7.14497   ,51.8279,7.49075   ,51.9094,7.88279    ,51.7128,8.29038   ,51.4297,8.62969   ,51.2009,8.89992   ,50.9887,9.21954   ,51.8201,-7.7733   ,-1.53593   ,583,135085,60.0742,11.3497,137.924,0
1551,51.1368,9.75143   ,51.3746,9.31694    ,51.6572,8.96892  ,51.9209,8.66886   ,52.1929,8.30702   ,52.3313,7.8796    ,52.2498,7.47086    ,52.0592,7.10519   ,51.7976,6.73567   ,51.5307,6.40797     ,51.2408,6.09228   ,50.9198,5.80037   ,51.1368,9.75143   ,51.6457,9.50579    ,52.0001,9.16217   ,52.3083,8.83716   ,52.6048,8.44364   ,52.7482,7.98627    ,52.7039,7.53998    ,52.543 ,7.14045   ,52.2551,6.73399    ,51.914 ,6.36125   ,51.5154,6.00378   ,50.9198,5.80037   ,51.0627,6.2807    ,51.2408,6.56407   ,51.4224,6.84524    ,51.6386,7.17284   ,51.8372,7.51173   ,51.9048,7.89624    ,51.7051,8.29082   ,51.4292,8.62132   ,51.211 ,8.89411   ,51.0274,9.23973   ,51.8276,-7.79382  ,-1.55206   ,575,134669,59.1513,11.1931,136.267,0
1552,51.0903,9.738     ,51.3544,9.33169    ,51.6419,8.98616  ,51.9004,8.69111   ,52.1636,8.34785   ,52.3187,7.9339    ,52.2717,7.51298    ,52.0996,7.1411    ,51.847 ,6.77273   ,51.6136,6.46015     ,51.3122,6.1365    ,50.9716,5.90388   ,51.0903,9.738     ,51.6298,9.51414    ,51.9946,9.15295   ,52.3114,8.81912   ,52.5986,8.44597   ,52.7309,8.01124    ,52.692 ,7.53735    ,52.5371,7.11649   ,52.2682,6.7087     ,51.9851,6.35641   ,51.5878,6.00983   ,50.9716,5.90388   ,51.1282,6.34796   ,51.3217,6.66527   ,51.502 ,6.94294    ,51.7228,7.26936   ,51.8845,7.60215   ,51.8872,7.98021    ,51.6543,8.36276   ,51.3882,8.68047   ,51.1863,8.93726   ,50.9996,9.25879   ,51.8412,-7.81319  ,1.55832    ,567,130987,58.1109,11.6262,134.853,0
1553,51.0425,9.71157   ,51.3126,9.34136    ,51.591 ,9.01191  ,51.8576,8.72787   ,52.1396,8.37399   ,52.2872,7.94613   ,52.2656,7.54416    ,52.1193,7.14357   ,51.8754,6.78654   ,51.6106,6.44287     ,51.3456,6.14768   ,51.0357,5.8861    ,51.0425,9.71157   ,51.6139,9.51388    ,51.947 ,9.17239   ,52.226 ,8.89374   ,52.4963,8.56739   ,52.6447,8.11499    ,52.6578,7.61953    ,52.5453,7.11865   ,52.2731,6.71331    ,51.946 ,6.32171   ,51.5864,6.01918   ,51.0357,5.8861    ,51.1808,6.35409   ,51.3497,6.65689   ,51.553 ,6.96128    ,51.7493,7.27383   ,51.8962,7.59749   ,51.9113,7.91122    ,51.7132,8.28814   ,51.3998,8.65605   ,51.1491,8.94745   ,50.9447,9.2605    ,51.8374,-7.86886  ,1.50406    ,539,124503,57.6269,10.5431,133.439,0
1554,51.0528,9.82186   ,51.2462,9.46291    ,51.4939,9.11883  ,51.7521,8.82768   ,52.0069,8.53648   ,52.2219,8.16286   ,52.2865,7.78428    ,52.2274,7.40888   ,52.0588,7.03713   ,51.8415,6.70401     ,51.5991,6.3794    ,51.361 ,6.07774   ,51.0528,9.82186   ,51.5295,9.59176    ,51.8673,9.24345   ,52.1559,8.95157   ,52.4192,8.67329   ,52.6118,8.2897     ,52.6602,7.83828    ,52.622 ,7.37564   ,52.4631,6.95599    ,52.2136,6.59981   ,51.8877,6.27205   ,51.361 ,6.07774   ,51.3812,6.57998   ,51.5339,6.90141   ,51.7124,7.21747    ,51.8654,7.56035   ,51.91  ,7.86093   ,51.7865,8.15193    ,51.5151,8.49819   ,51.2593,8.80098   ,51.0416,9.09062   ,50.9044,9.43401   ,51.865 ,-7.97427  ,1.40709    ,518,119014,54.0397,11.295 ,125.539,0
1555,51.0222,9.80623   ,51.2632,9.45424    ,51.4848,9.15096  ,51.7218,8.86235   ,51.946 ,8.59883   ,52.1581,8.28301   ,52.2892,7.92119    ,52.3049,7.55368   ,52.2067,7.2168    ,52.031 ,6.85603     ,51.8579,6.52275   ,51.6993,6.21146   ,51.0222,9.80623   ,51.536 ,9.6359     ,51.8454,9.31743   ,52.1298,8.99618   ,52.3723,8.7222    ,52.5744,8.40201    ,52.6864,8.00035    ,52.7166,7.57762   ,52.6291,7.20375    ,52.4308,6.82002   ,52.1767,6.47207   ,51.6993,6.21146   ,51.5856,6.6676    ,51.6797,6.98498   ,51.8212,7.32113    ,51.9058,7.63144   ,51.8669,7.94965   ,51.6899,8.2591     ,51.4491,8.56195   ,51.2353,8.82071   ,51.0463,9.08547   ,50.9256,9.37008   ,51.9029,-8.08158  ,1.31072    ,503,115341,50.7697,11.4914,119.882,0
1556,51.0607,9.81704   ,51.263 ,9.48553    ,51.4654,9.21511  ,51.694 ,8.94666   ,51.9139,8.67068   ,52.1081,8.3873    ,52.2469,8.07528    ,52.313 ,7.71862   ,52.3133,7.33844   ,52.2715,6.98016     ,52.2044,6.66667   ,52.0897,6.35884   ,51.0607,9.81704   ,51.5539,9.6451     ,51.8538,9.35616   ,52.1538,9.02441   ,52.4156,8.69779   ,52.6023,8.3923     ,52.7067,8.05692    ,52.741 ,7.67025   ,52.722 ,7.2731     ,52.6565,6.9162    ,52.5325,6.61113   ,52.0897,6.35884   ,51.9014,6.8197    ,51.9048,7.15784   ,51.9117,7.52952    ,51.8734,7.89167   ,51.7504,8.20339   ,51.555 ,8.4794     ,51.3414,8.73599   ,51.158 ,8.95946   ,51.0038,9.1639    ,50.9144,9.41387   ,51.9762,-8.17288  ,1.19614    ,485,112550,47.5037,13.1826,112.569,0
1557,51.0533,9.89223   ,51.2068,9.56565    ,51.429 ,9.25499  ,51.6149,9.02658   ,51.8404,8.7502    ,52.0476,8.48107   ,52.2255,8.18067    ,52.3272,7.86025   ,52.4014,7.51205   ,52.4945,7.1709      ,52.6212,6.86197   ,52.7626,6.575     ,51.0533,9.89223   ,51.4547,9.73808    ,51.7537,9.45523   ,51.9744,9.2194    ,52.2334,8.9258    ,52.4555,8.64521    ,52.633 ,8.34098    ,52.7257,8.02449   ,52.7945,7.68521    ,52.87  ,7.34262   ,52.9374,7.01694   ,52.7626,6.575     ,52.2673,6.78997   ,52.0877,7.0935    ,51.9862,7.43891    ,51.9058,7.79224   ,51.7778,8.10664   ,51.5761,8.40452    ,51.3729,8.66665   ,51.1802,8.92554   ,51.0329,9.14532   ,50.909 ,9.47767   ,52.026 ,-8.24916  ,1.08334    ,475,109491,46.4264,11.1808,110.468,0
1558,51.0602,9.88752   ,51.1932,9.55989    ,51.3816,9.27601  ,51.598 ,8.98501   ,51.7984,8.724     ,52.0282,8.41649   ,52.2002,8.11466    ,52.3212,7.81058   ,52.471 ,7.48963   ,52.7285,7.25881     ,53.0379,7.11941   ,53.3426,7.01833   ,51.0602,9.88752   ,51.4343,9.74928    ,51.6838,9.51534   ,51.92  ,9.24014   ,52.1203,8.99268   ,52.3463,8.70357    ,52.5288,8.42299    ,52.6479,8.14957   ,52.7589,7.85768    ,52.9448,7.61054   ,53.171 ,7.40497   ,53.3426,7.01833   ,52.8152,6.86982   ,52.4315,6.95321   ,52.1393,7.19486    ,51.9612,7.55776   ,51.8314,7.89302   ,51.6498,8.21625    ,51.4076,8.54356   ,51.2124,8.81466   ,51.0209,9.1181    ,50.9072,9.4505    ,52.0654,-8.27756  ,0.972993   ,478,109352,46.7863,11.128 ,110.468,0
1559,51.1017,9.90335   ,51.2133,9.55955    ,51.3975,9.25475  ,51.5949,8.97574   ,51.8213,8.67839   ,52.0072,8.4188    ,52.1778,8.12593    ,52.3574,7.81995   ,52.6302,7.61012   ,52.9928,7.50576     ,53.301 ,7.49717   ,53.6266,7.55546   ,51.1017,9.90335   ,51.4689,9.76184    ,51.6826,9.53042   ,51.8735,9.28255   ,52.0843,9.01546   ,52.2696,8.78313    ,52.4477,8.52764    ,52.5887,8.26572   ,52.7604,8.06246    ,53.0301,7.90532   ,53.2958,7.80502   ,53.6266,7.55546   ,53.2088,7.18437   ,52.8483,7.1222    ,52.4071,7.20657    ,52.0703,7.44558   ,51.865 ,7.80531   ,51.6873,8.14054    ,51.492 ,8.4279    ,51.2564,8.75073   ,51.0609,9.05674   ,50.9197,9.43001   ,52.1264,-8.33364  ,0.866737   ,479,110490,46.8571,11.899 ,111.882,0
1560,51.1106,9.86344   ,51.2331,9.51466    ,51.4433,9.18072  ,51.6649,8.86954   ,51.8752,8.59117   ,52.0766,8.282     ,52.2586,7.98428    ,52.4956,7.69932   ,52.8463,7.58106   ,53.1966,7.64857     ,53.5188,7.80857   ,53.809 ,8.00003   ,51.1106,9.86344   ,51.4903,9.75143    ,51.7052,9.49496   ,51.9019,9.22564   ,52.1006,8.97769   ,52.3294,8.6906     ,52.5065,8.42685    ,52.6474,8.15299   ,52.8608,7.97525    ,53.1434,7.99111   ,53.4386,8.07254   ,53.809 ,8.00003   ,53.5122,7.49376   ,53.1521,7.27264   ,52.7317,7.19122    ,52.2756,7.3033    ,51.9579,7.62475   ,51.7715,7.95985    ,51.5829,8.29636   ,51.3585,8.60558   ,51.1243,8.95173   ,50.9305,9.35812   ,52.1988,-8.34907  ,0.772583   ,495,113867,49.5515,11.9178,117.539,0
1561,51.1373,9.87858   ,51.2384,9.51558    ,51.4311,9.20277  ,51.635 ,8.91447   ,51.8608,8.60636   ,52.0733,8.29219   ,52.2897,7.99967    ,52.5501,7.7857    ,52.9075,7.70573   ,53.2655,7.81293     ,53.6134,8.01632   ,53.8636,8.20453   ,51.1373,9.87858   ,51.497 ,9.74144    ,51.702 ,9.50631   ,51.8833,9.26233   ,52.0785,9.00277   ,52.2781,8.73993    ,52.4663,8.48797    ,52.6688,8.26464   ,52.9501,8.12878    ,53.2528,8.17973   ,53.5455,8.27175   ,53.8636,8.20453   ,53.5961,7.70606   ,53.1906,7.40522   ,52.7727,7.27862    ,52.3496,7.35406   ,52.048 ,7.58843   ,51.809 ,7.93369    ,51.5794,8.29932   ,51.3245,8.65174   ,51.1061,8.97882   ,50.9418,9.36529   ,52.241 ,-8.39073  ,0.704459   ,494,113748,49.5107,12.1669,116.368,0
1562,51.1439,9.89803   ,51.2692,9.51268    ,51.4379,9.23172  ,51.6515,8.90745   ,51.8678,8.60293   ,52.0824,8.30376   ,52.331 ,8.0435     ,52.623 ,7.86502   ,53.0041,7.87624   ,53.2881,8.06876     ,53.6055,8.33262   ,53.8243,8.56331   ,51.1439,9.89803   ,51.4964,9.76996    ,51.667 ,9.57481   ,51.8621,9.29863   ,52.0599,9.03377   ,52.2745,8.76364    ,52.4968,8.51117    ,52.731 ,8.32262   ,53.0355,8.33768    ,53.2528,8.47354   ,53.5081,8.59507   ,53.8243,8.56331   ,53.6301,8.00846   ,53.2406,7.5986    ,52.8925,7.37977    ,52.428 ,7.44306   ,52.0876,7.64243   ,51.8279,7.92654    ,51.6137,8.25971   ,51.3826,8.60068   ,51.1584,8.96742   ,50.9998,9.33795   ,52.2693,-8.46807  ,0.646422   ,491,114020,49.6111,11.8782,115.782,0
1563,51.2062,9.89523   ,51.2678,9.54449    ,51.4381,9.24395  ,51.6266,8.9512    ,51.8325,8.64053   ,52.0503,8.36294   ,52.3   ,8.12856    ,52.6302,7.99633   ,52.9631,8.10082   ,53.1725,8.34336     ,53.312 ,8.66847   ,53.3717,8.99453   ,51.2062,9.89523   ,51.5007,9.79309    ,51.6701,9.59809   ,51.8264,9.36491   ,51.9979,9.11399   ,52.1646,8.8881     ,52.345 ,8.67446    ,52.5595,8.49915   ,52.7764,8.53257    ,52.9203,8.69337   ,53.0618,8.88683   ,53.3717,8.99453   ,53.5346,8.37036   ,53.3762,7.9155    ,53.0757,7.61681    ,52.6127,7.50442   ,52.1802,7.63911   ,51.8692,7.91496    ,51.6108,8.24697   ,51.3791,8.61216   ,51.1595,8.96259   ,51.0023,9.37349   ,52.2511,-8.56404  ,0.628667   ,495,114131,47.3797,12.8579,113.054,0
1564,51.2052,9.89422   ,51.2454,9.55243    ,51.397 ,9.28941  ,51.584 ,8.98631   ,51.7735,8.70939   ,51.9803,8.47856   ,52.2528,8.28548    ,52.5892,8.19436   ,52.8812,8.26768   ,53.036 ,8.56265     ,53.0686,8.88212   ,52.981 ,9.17273   ,51.2052,9.89422   ,51.4545,9.82557    ,51.5942,9.69059   ,51.731 ,9.49903   ,51.8563,9.31343   ,51.9787,9.14783    ,52.1362,8.96385    ,52.3351,8.78553   ,52.5415,8.70742    ,52.6819,8.84053   ,52.7643,9.01175   ,52.981 ,9.17273   ,53.3729,8.67703   ,53.3703,8.20603   ,53.1669,7.78771    ,52.7694,7.60977   ,52.2974,7.64412   ,51.9185,7.87073    ,51.6387,8.17443   ,51.3932,8.54253   ,51.1591,8.95329   ,51.007 ,9.347     ,52.2066,-8.62537  ,0.627721   ,492,113275,44.644 ,16.3059,111.64 ,0
1565,51.2072,9.89729   ,51.2457,9.5395     ,51.4283,9.23893  ,51.602 ,8.96462   ,51.8056,8.67751   ,52.0548,8.43547   ,52.3874,8.29593    ,52.7143,8.29388   ,52.9355,8.5291    ,52.9239,8.87196     ,52.7824,9.17628   ,52.5523,9.41608   ,51.2072,9.89729   ,51.4498,9.83014    ,51.6018,9.68281   ,51.7195,9.51897   ,51.8554,9.31925   ,52.0091,9.11665    ,52.1829,8.92592    ,52.37  ,8.77793   ,52.5284,8.81457    ,52.5264,9.01506   ,52.4947,9.20148   ,52.5523,9.41608   ,53.1153,9.07966   ,53.3409,8.64927   ,53.3216,8.17537    ,52.9936,7.79353   ,52.5132,7.68516   ,52.0363,7.79884    ,51.7074,8.09632   ,51.4403,8.47852   ,51.2123,8.86197   ,51.0099,9.31798   ,52.1917,-8.69763  ,0.623079   ,495,115787,46.77  ,16.1656,115.054,0
1566,51.2079,9.89073   ,51.2629,9.52313    ,51.4264,9.2403   ,51.6256,8.90755   ,51.8409,8.62416   ,52.0906,8.42762   ,52.4371,8.31104    ,52.7892,8.36392   ,52.9141,8.68281   ,52.8702,9.02521     ,52.7479,9.37829   ,52.5773,9.63625   ,51.2079,9.89073   ,51.4771,9.80629    ,51.6241,9.65098   ,51.7706,9.43776   ,51.9095,9.23596   ,52.0484,9.0595     ,52.2265,8.87383    ,52.4307,8.74776   ,52.5155,8.89921    ,52.498 ,9.12907   ,52.4777,9.39106   ,52.5773,9.63625   ,53.0495,9.29226   ,53.2618,8.83717   ,53.3088,8.38216    ,53.0841,7.94174   ,52.5586,7.76317   ,52.0538,7.8426     ,51.711 ,8.07807   ,51.4337,8.45231   ,51.186 ,8.90063   ,51.0157,9.31204   ,52.1924,-8.75696  ,0.598469   ,502,116676,47.8548,14.9246,116.811,0
1567,51.2101,9.89506   ,51.2638,9.53724    ,51.4512,9.19404  ,51.6264,8.89887   ,51.8626,8.58226   ,52.1488,8.35404   ,52.4748,8.25469    ,52.7735,8.4257    ,52.8551,8.78158   ,52.8316,9.17252     ,52.7825,9.51999   ,52.7398,9.86499   ,51.2101,9.89506   ,51.489 ,9.80197    ,51.6683,9.60108   ,51.8041,9.38959   ,51.9592,9.14163   ,52.1101,8.92536    ,52.2728,8.74592    ,52.4418,8.76633   ,52.479 ,9.01322    ,52.5016,9.31278   ,52.5519,9.609     ,52.7398,9.86499   ,53.0227,9.34771   ,53.1737,8.93894   ,53.2259,8.45127    ,53.0603,8.01443   ,52.5951,7.76848   ,52.1098,7.82903    ,51.704 ,8.08925   ,51.4042,8.48134   ,51.1906,8.86179   ,51.0054,9.35058   ,52.1759,-8.81502  ,0.62022    ,507,116711,49.5864,13.4458,119.397,0
1568,51.2122,9.8928    ,51.2823,9.51369    ,51.4576,9.18649  ,51.6408,8.87183   ,51.8506,8.57687   ,52.1535,8.36445   ,52.529 ,8.32746    ,52.7932,8.59791   ,52.8494,8.93012   ,52.8348,9.32914     ,52.8161,9.70377   ,52.8019,10.0316   ,51.2122,9.8928    ,51.5206,9.7742     ,51.6914,9.56697   ,51.8373,9.3306    ,51.985 ,9.09305   ,52.1534,8.87977    ,52.3544,8.77228    ,52.4662,8.97823   ,52.4762,9.23768    ,52.5045,9.54797   ,52.5822,9.83066   ,52.8019,10.0316   ,53.0521,9.48744   ,53.1721,9.01249   ,53.2171,8.52247    ,53.087 ,8.13367   ,52.6124,7.86353   ,52.0664,7.88704    ,51.655 ,8.12876   ,51.3981,8.49076   ,51.1782,8.88618   ,51.0079,9.33682   ,52.1875,-8.86996  ,0.551857   ,510,117769,50.1854,12.8552,121.154,0
1569,51.244 ,9.88563   ,51.277 ,9.54055    ,51.4352,9.20226  ,51.6054,8.90977   ,51.8019,8.62192   ,52.0847,8.38324   ,52.4122,8.39501    ,52.6594,8.66654   ,52.795 ,9.02512   ,52.8477,9.36109     ,52.864 ,9.68154   ,52.8199,10.0166   ,51.244 ,9.88563   ,51.5257,9.75713    ,51.6895,9.53418   ,51.8248,9.30473   ,51.977 ,9.07047   ,52.1741,8.85499    ,52.3689,8.91203    ,52.447 ,9.17776   ,52.4977,9.43067    ,52.5461,9.63611   ,52.6105,9.8216    ,52.8199,10.0166   ,53.1158,9.43943   ,53.1378,8.9745    ,53.0647,8.50969    ,52.8189,8.06699   ,52.3854,7.84022   ,51.926 ,7.94972    ,51.5725,8.24104   ,51.341 ,8.5891    ,51.1411,8.94251   ,51.0025,9.40296   ,52.1848,-8.90801  ,0.410267   ,502,117858,47.9049,14.3662,117.983,0
1570,51.1984,9.90436   ,51.2802,9.50659    ,51.446 ,9.18144  ,51.6394,8.85133   ,51.8342,8.58314   ,52.1755,8.42574   ,52.4867,8.56359    ,52.7497,8.88047   ,52.8649,9.21537   ,52.924 ,9.59353     ,52.9494,9.96584   ,52.9408,10.2944   ,51.1984,9.90436   ,51.5211,9.76191    ,51.6876,9.5298    ,51.8505,9.25374   ,52.0186,9.01309   ,52.2798,8.87532    ,52.4237,9.14369    ,52.5039,9.48682   ,52.5745,9.7112     ,52.6588,9.90968   ,52.7513,10.0994   ,52.9408,10.2944   ,53.1429,9.71441   ,53.1748,9.14927   ,53.1266,8.59975    ,52.9417,8.17626   ,52.4748,7.92831   ,51.9895,7.97557    ,51.5872,8.21986   ,51.3772,8.53261   ,51.1597,8.91284   ,51.0048,9.33656   ,52.2072,-8.97264  ,0.0248039  ,505,117927,50.0781,16.9463,119.74 ,0
1571,51.1925,9.90748   ,51.2604,9.54136    ,51.4417,9.16846  ,51.6161,8.86335   ,51.8411,8.58748   ,52.1605,8.40941   ,52.5196,8.54842    ,52.7361,8.83553   ,52.8649,9.21362   ,52.9287,9.56533     ,52.9827,9.95576   ,52.9482,10.282    ,51.1925,9.90748   ,51.4905,9.79039    ,51.673 ,9.54512   ,51.7955,9.31333   ,51.9571,9.07313   ,52.1905,8.87229    ,52.4151,9.04288    ,52.4877,9.3321    ,52.5523,9.61284    ,52.6253,9.82316   ,52.7287,10.0439   ,52.9482,10.282    ,53.2261,9.76168   ,53.213 ,9.19108   ,53.151 ,8.69893    ,52.9312,8.24354   ,52.5533,7.99207   ,52.0437,7.96804    ,51.6554,8.16933   ,51.3801,8.50091   ,51.1684,8.87629   ,50.9965,9.37824   ,52.217 ,-9.00702  ,-0.214661  ,503,117039,50.567 ,14.416 ,121.397,0
1572,51.1947,9.90715   ,51.2689,9.53103    ,51.4306,9.17831  ,51.6028,8.85638   ,51.8363,8.57206   ,52.1971,8.45363   ,52.5298,8.6082     ,52.7416,8.89798   ,52.8705,9.23116   ,52.9795,9.61017     ,53.0862,9.99242   ,53.1496,10.3047   ,51.1947,9.90715   ,51.5041,9.77802    ,51.6752,9.52538   ,51.8229,9.25696   ,52.0119,9.00451   ,52.2712,8.87647    ,52.4256,9.11532    ,52.5122,9.43246   ,52.601 ,9.68745    ,52.7123,9.92426   ,52.8544,10.1549   ,53.1496,10.3047   ,53.2878,9.72579   ,53.2161,9.18526   ,53.1061,8.67232    ,52.9301,8.27863   ,52.5636,8.04492   ,52.0272,8.02414    ,51.5858,8.2068    ,51.3253,8.54769   ,51.1438,8.92059   ,50.9997,9.37396   ,52.2302,-9.03331  ,-0.349973  ,504,118018,50.4113,15.0504,121.397,0
1573,51.2203,9.90493   ,51.2775,9.49422    ,51.4134,9.16838  ,51.6217,8.8174    ,51.8676,8.57278   ,52.274 ,8.52165   ,52.5761,8.71262    ,52.7882,9.03148   ,52.931 ,9.4071    ,53.0663,9.7516      ,53.2234,10.0807   ,53.3709,10.4121   ,51.2203,9.90493   ,51.5402,9.71871    ,51.6687,9.49155   ,51.8307,9.21995   ,52.0301,9.02231   ,52.3206,9.0127     ,52.4561,9.25889    ,52.5447,9.54087   ,52.6721,9.81553    ,52.8382,10.0595   ,53.0338,10.2851   ,53.3709,10.4121   ,53.3671,9.78588   ,53.2522,9.34628   ,53.1555,8.9006     ,52.9888,8.43437   ,52.6317,8.10168   ,52.1379,8.00872    ,51.6253,8.17639   ,51.3526,8.49921   ,51.1134,8.93591   ,50.9858,9.36514   ,52.2639,-9.08037  ,-0.499377  ,518,120005,51.6152,14.6226,123.882,0
1574,51.2448,9.89494   ,51.2859,9.48759    ,51.4216,9.1383   ,51.6355,8.80544   ,51.9299,8.57438   ,52.2843,8.55501   ,52.6018,8.76823    ,52.7809,9.0897    ,52.9229,9.43647   ,53.1085,9.79543     ,53.3017,10.0991   ,53.4723,10.4317   ,51.2448,9.89494   ,51.5495,9.71165    ,51.689 ,9.45195   ,51.8488,9.18683   ,52.0419,9.00727   ,52.262 ,9.01443    ,52.4167,9.23883    ,52.513 ,9.50246   ,52.6443,9.76831    ,52.8568,10.0562   ,53.0926,10.2958   ,53.4723,10.4317   ,53.4561,9.81645   ,53.3074,9.44696   ,53.1635,9.0141     ,53.0133,8.59453   ,52.7243,8.22536   ,52.2081,8.0721     ,51.7225,8.18784   ,51.3545,8.50599   ,51.1143,8.90817   ,50.9973,9.35503   ,52.2964,-9.13311  ,-0.52903   ,516,120853,51.567 ,12.9894,121.882,0
1575,51.2236,9.88657   ,51.2828,9.48747    ,51.4388,9.12972  ,51.6328,8.81495   ,51.9425,8.57132   ,52.3019,8.55935   ,52.6388,8.80905    ,52.8172,9.12905   ,52.9631,9.47218   ,53.1358,9.82681     ,53.3113,10.2004   ,53.372 ,10.5406   ,51.2236,9.88657   ,51.5349,9.71075    ,51.6933,9.44062   ,51.839 ,9.19739   ,52.0384,9.0035    ,52.2698,9.01308    ,52.4534,9.27628    ,52.5679,9.53261   ,52.6916,9.78538    ,52.8591,10.057    ,53.0652,10.3355   ,53.372 ,10.5406   ,53.5191,9.97016   ,53.3656,9.50691   ,53.1972,9.07078    ,53.0287,8.64311   ,52.7655,8.26951   ,52.2366,8.0785     ,51.747 ,8.18675   ,51.3561,8.52029   ,51.1432,8.90799   ,50.9984,9.35821   ,52.315 ,-9.1466   ,-0.539276  ,514,121202,52.3019,12.9272,124.711,0
1576,51.2578,9.87926   ,51.2985,9.44274    ,51.435 ,9.11246  ,51.684 ,8.75534   ,51.9684,8.56158   ,52.3675,8.61813   ,52.6543,8.87087    ,52.8521,9.20215   ,53.0201,9.59705   ,53.1926,9.93782     ,53.368 ,10.3101   ,53.4368,10.6535   ,51.2578,9.87926   ,51.5682,9.67214    ,51.7037,9.4206    ,51.8834,9.13458   ,52.0717,8.98304   ,52.3289,9.0899     ,52.4964,9.37476    ,52.6274,9.65189   ,52.7692,9.93637    ,52.9325,10.1676   ,53.1372,10.4254   ,53.4368,10.6535   ,53.5601,10.1003   ,53.4071,9.62037   ,53.2333,9.17066    ,53.035 ,8.6662    ,52.7516,8.29435   ,52.3177,8.09954    ,51.7618,8.18084   ,51.4046,8.46243   ,51.1215,8.89396   ,50.9994,9.31486   ,52.3284,-9.17598  ,-0.579438  ,521,121640,53.3784,13.6153,128.953,0
1577,51.2185,9.87434   ,51.2838,9.47118    ,51.4436,9.09705  ,51.6916,8.75175   ,52.0472,8.61122   ,52.4131,8.71501   ,52.6972,8.9836     ,52.8766,9.32076   ,53.0571,9.68323   ,53.2638,10.0587     ,53.448 ,10.3825   ,53.6442,10.7009   ,51.2185,9.87434   ,51.5455,9.69679    ,51.7102,9.40401   ,51.9033,9.12691   ,52.1507,9.03731   ,52.3614,9.1991     ,52.5046,9.47275    ,52.6466,9.74917   ,52.8244,10.0392    ,53.0535,10.3534   ,53.2753,10.6014   ,53.6442,10.7009   ,53.5671,10.0761   ,53.422 ,9.6681    ,53.2408,9.23628    ,53.0637,8.80441   ,52.8346,8.41758   ,52.3721,8.18135    ,51.832 ,8.1903    ,51.3988,8.45429   ,51.1319,8.88016   ,50.9898,9.34262   ,52.3617,-9.23974  ,-0.614165  ,526,122073,53.7866,13.5591,126.711,0
1578,51.3108,9.87859   ,51.301 ,9.45815    ,51.4444,9.10202  ,51.665 ,8.78097   ,52.0055,8.64014   ,52.4122,8.78644   ,52.7068,9.05625    ,52.8893,9.37392   ,53.0946,9.74831   ,53.2727,10.0581     ,53.4844,10.4081   ,53.646 ,10.7501   ,51.3108,9.87859   ,51.5859,9.6508     ,51.7163,9.38458   ,51.8834,9.13753   ,52.1316,9.06731   ,52.3825,9.29244    ,52.5408,9.54905    ,52.6801,9.80222   ,52.8687,10.1015    ,53.0632,10.3536   ,53.311 ,10.6188   ,53.646 ,10.7501   ,53.6065,10.1113   ,53.4299,9.67334   ,53.2713,9.30953    ,53.057 ,8.86407   ,52.8129,8.48956   ,52.3557,8.22627    ,51.7878,8.21527   ,51.3766,8.49538   ,51.1314,8.90626   ,50.9912,9.35793   ,52.3705,-9.27194  ,-0.609072  ,518,120072,53.6228,13.4156,126.953,0
1579,51.2976,9.87187   ,51.2942,9.48399    ,51.4352,9.13657  ,51.6824,8.81295   ,52.0633,8.70472   ,52.4043,8.82407   ,52.7052,9.09453    ,52.9006,9.38012   ,53.0894,9.7233    ,53.289 ,10.0573     ,53.5052,10.3827   ,53.6885,10.7017   ,51.2976,9.87187   ,51.5747,9.6635     ,51.7031,9.40268   ,51.8658,9.1713    ,52.1211,9.14872   ,52.3406,9.31709    ,52.5403,9.56941    ,52.6862,9.79887   ,52.8588,10.0693    ,53.0688,10.3552   ,53.3129,10.621    ,53.6885,10.7017   ,53.6444,10.0644   ,53.4564,9.67719   ,53.2736,9.2916     ,53.0652,8.87752   ,52.8042,8.5428    ,52.3788,8.27989    ,51.9026,8.25394   ,51.4204,8.52285   ,51.1236,8.95731   ,50.9904,9.39147   ,52.4006,-9.30906  ,-0.590222  ,513,119608,52.1968,13.0001,123.782,0
1580,51.3279,9.86873   ,51.3   ,9.47766    ,51.4603,9.08486  ,51.7381,8.78703   ,52.1332,8.73302   ,52.4655,8.88445   ,52.7602,9.16907    ,52.9737,9.49541   ,53.1779,9.8376    ,53.4063,10.193      ,53.6352,10.5305   ,53.8247,10.8439   ,51.3279,9.86873   ,51.5899,9.63163    ,51.727 ,9.34382   ,51.9179,9.15484   ,52.1923,9.20259   ,52.4028,9.38919    ,52.5897,9.64494    ,52.7555,9.91      ,52.9501,10.1889    ,53.1949,10.4795   ,53.4681,10.7348   ,53.8247,10.8439   ,53.7462,10.2453   ,53.5588,9.81873   ,53.3534,9.39842    ,53.1411,8.99718   ,52.8678,8.61573   ,52.4411,8.32128    ,51.9715,8.24518   ,51.4713,8.47521   ,51.1461,8.9119    ,50.9903,9.41239   ,52.444 ,-9.34939  ,-0.611913  ,527,121532,54.2118,13.1057,127.782,0
1581,51.254 ,9.81745   ,51.2944,9.42528    ,51.4524,9.08283  ,51.7439,8.79829   ,52.0934,8.73683   ,52.4795,8.88318   ,52.7669,9.16017    ,52.9752,9.47831   ,53.1552,9.79246   ,53.3855,10.1453     ,53.6009,10.446    ,53.7533,10.7608   ,51.254 ,9.81745   ,51.5589,9.62232    ,51.7093,9.37233   ,51.9219,9.19028   ,52.1694,9.21408   ,52.4256,9.40729    ,52.6153,9.648      ,52.7567,9.89125   ,52.9206,10.1393    ,53.1664,10.4275   ,53.4072,10.6552   ,53.7533,10.7608   ,53.7427,10.1638   ,53.5509,9.78547   ,53.343 ,9.36721    ,53.1477,8.98591   ,52.856 ,8.59532   ,52.4479,8.30418    ,51.913 ,8.25101   ,51.4765,8.4593    ,51.1451,8.87767   ,51.0009,9.31218   ,52.4475,-9.32597  ,-0.602224  ,520,121871,52.3717,13.5317,127.782,0
1582,51.3258,9.76286   ,51.3682,9.33165    ,51.543 ,8.96245  ,51.8651,8.72543   ,52.2506,8.7547    ,52.584 ,8.96382   ,52.8563,9.27779    ,53.0774,9.61197   ,53.289 ,9.92903   ,53.5175,10.252      ,53.8082,10.585    ,54.051 ,10.848    ,51.3258,9.76286   ,51.6374,9.52265    ,51.8132,9.24264   ,52.0615,9.09554   ,52.332 ,9.24032   ,52.5402,9.51215    ,52.7298,9.80326    ,52.9128,10.0874   ,53.1196,10.3562    ,53.3703,10.6038   ,53.6773,10.8085   ,54.051 ,10.848    ,53.8667,10.288    ,53.6088,9.82326   ,53.3986,9.41477    ,53.1823,9.04257   ,52.912 ,8.65648   ,52.5421,8.33984    ,52.0615,8.23365   ,51.5618,8.39122   ,51.206 ,8.77961   ,51.0691,9.25392   ,52.5325,-9.37617  ,-0.633411  ,539,124636,54.4974,14.3776,130.853,0
1583,51.3679,9.68071   ,51.4075,9.27876    ,51.6116,8.92862  ,51.9529,8.77019   ,52.334 ,8.84939   ,52.6698,9.08077   ,52.9401,9.40119    ,53.1689,9.73905   ,53.3987,10.0601   ,53.6481,10.3666     ,53.92  ,10.6504   ,54.1651,10.9103   ,51.3679,9.68071   ,51.6441,9.4978     ,51.8628,9.26654   ,52.1614,9.20727   ,52.4372,9.4076    ,52.6448,9.68019    ,52.8256,9.95913    ,53.03  ,10.2335   ,53.2657,10.4876    ,53.5338,10.7147   ,53.8161,10.8917   ,54.1651,10.9103   ,53.9541,10.3417   ,53.6973,9.94374   ,53.4735,9.55436    ,53.2514,9.16155   ,52.9934,8.75851   ,52.6188,8.41082    ,52.1368,8.25213   ,51.652 ,8.34261   ,51.2915,8.66396   ,51.1416,9.15968   ,52.6094,-9.40267  ,-0.667381  ,532,122924,53.7565,15.5712,128.024,0
1584,51.282 ,9.57212   ,51.4273,9.1908     ,51.7068,8.90991  ,52.0467,8.81229   ,52.4447,8.9157    ,52.7215,9.12805   ,52.9723,9.43603    ,53.2123,9.76687   ,53.4317,10.047    ,53.6922,10.3483     ,53.9667,10.626    ,54.2163,10.8913   ,51.282 ,9.57212   ,51.6382,9.45458    ,51.9182,9.28551   ,52.1903,9.26696   ,52.452 ,9.4428    ,52.6213,9.66628    ,52.82  ,9.94426    ,53.0616,10.2273   ,53.2995,10.461     ,53.5768,10.691    ,53.8515,10.8654   ,54.2163,10.8913   ,54.0127,10.3207   ,53.742 ,9.93279   ,53.4996,9.5545     ,53.3021,9.22437   ,53.0654,8.84623   ,52.7506,8.51983    ,52.3459,8.34388   ,51.8   ,8.36097   ,51.4104,8.59168   ,51.1659,9.00703   ,52.6648,-9.42734  ,-0.655428  ,516,120281,52.2417,14.1496,123.196,0
1585,51.1636,9.47523   ,51.3648,9.15946    ,51.6948,8.93278  ,52.0585,8.90062   ,52.4381,9.01795   ,52.7214,9.20071   ,53.0038,9.4851     ,53.245 ,9.77313   ,53.4965,10.083    ,53.7351,10.3418     ,54.007 ,10.5833   ,54.3035,10.8111   ,51.1636,9.47523   ,51.5344,9.41458    ,51.8745,9.29875   ,52.2078,9.358     ,52.509 ,9.5757    ,52.7259,9.80964    ,52.9384,10.0743    ,53.1254,10.2857   ,53.3631,10.5047    ,53.6184,10.6857   ,53.899 ,10.8242   ,54.3035,10.8111   ,54.0359,10.2778   ,53.7789,9.92529   ,53.5668,9.58577    ,53.2999,9.18003   ,52.9938,8.81122   ,52.6286,8.52094    ,52.2637,8.41315   ,51.7999,8.43096   ,51.4203,8.60566   ,51.1303,8.97441   ,52.6978,-9.46055  ,-0.621639  ,510,117681,50.9789,15.8501,120.953,0
1586,51.0305,9.18883   ,51.3738,8.99963    ,51.7166,8.89825  ,52.1057,8.87884   ,52.4392,8.9777    ,52.7357,9.18049   ,53.0014,9.44558    ,53.2485,9.7358    ,53.482 ,10.0207   ,53.7346,10.3159     ,53.9874,10.5739   ,54.2267,10.8183   ,51.0305,9.18883   ,51.4209,9.31821    ,51.7296,9.27273   ,52.0259,9.25655   ,52.2739,9.36032   ,52.5131,9.56175    ,52.7561,9.81158    ,53.0106,10.0797   ,53.2715,10.3426    ,53.5629,10.6014   ,53.8455,10.7865   ,54.2267,10.8183   ,54.0661,10.3006   ,53.8441,9.96088   ,53.6274,9.61973    ,53.4174,9.3084    ,53.1736,8.99914   ,52.8779,8.73157    ,52.5135,8.55266   ,52.0861,8.4919    ,51.6123,8.5432    ,51.2471,8.71179   ,52.7061,-9.46494  ,-0.596072  ,492,115597,49.9974,11.2023,116.711,0
1587,51.0044,9.15936   ,51.378 ,8.98254    ,51.7077,8.89794  ,52.1262,8.88319   ,52.4726,9.00059   ,52.7807,9.22516   ,53.0336,9.47202    ,53.3036,9.77612   ,53.5374,10.0606   ,53.7863,10.3545     ,54.0467,10.6244   ,54.2923,10.8823   ,51.0044,9.15936   ,51.4168,9.3249     ,51.7142,9.27004   ,52.0466,9.2548    ,52.3302,9.39687   ,52.6081,9.64439    ,52.8393,9.88622    ,53.0981,10.1638   ,53.3517,10.4139    ,53.6344,10.6519   ,53.9079,10.8367   ,54.2923,10.8823   ,54.1205,10.348    ,53.8747,9.9863    ,53.6595,9.62958    ,53.4366,9.30299   ,53.1452,8.97153   ,52.8674,8.73135    ,52.5219,8.55643   ,52.1001,8.4986    ,51.6025,8.54621   ,51.2506,8.66738   ,52.7185,-9.46977  ,-0.587562  ,498,115598,51.2574,11.8288,119.539,0
1588,51.1164,9.29192   ,51.4187,9.04143    ,51.7967,8.92528  ,52.1478,8.93675   ,52.4752,9.06102   ,52.7777,9.27827   ,53.0764,9.55934    ,53.3241,9.82248   ,53.5768,10.1141   ,53.7991,10.3718     ,54.0633,10.6395   ,54.322 ,10.8945   ,51.1164,9.29192   ,51.5075,9.37345    ,51.846 ,9.33277   ,52.1449,9.36367   ,52.4146,9.49919   ,52.6696,9.71737    ,52.9227,9.97776    ,53.1385,10.2075   ,53.3921,10.4598    ,53.6426,10.6699   ,53.9311,10.8542   ,54.322 ,10.8945   ,54.1289,10.361    ,53.8916,10.0034   ,53.6948,9.68924    ,53.4302,9.34988   ,53.1449,9.05514   ,52.8006,8.76798    ,52.4461,8.57468   ,52.0518,8.49224   ,51.6478,8.53256   ,51.2455,8.75494   ,52.7131,-9.49924  ,-0.582502  ,496,115134,50.4669,11.7539,119.539,0
1589,51.0131,9.19469   ,51.3681,9.02697    ,51.7343,8.98147  ,52.1374,9.02639   ,52.4794,9.15689   ,52.8004,9.37242   ,53.0671,9.60364    ,53.323 ,9.85277   ,53.5984,10.1384   ,53.8468,10.4        ,54.106 ,10.6618   ,54.3415,10.9327   ,51.0131,9.19469   ,51.3951,9.35805    ,51.7176,9.38654   ,52.0556,9.47041   ,52.3489,9.61157   ,52.6375,9.80641    ,52.8821,10.0025    ,53.1228,10.2104   ,53.3952,10.4494    ,53.6548,10.6635   ,53.936 ,10.8509   ,54.3415,10.9327   ,54.2142,10.4118   ,53.9706,10.0655   ,53.7264,9.74814    ,53.4401,9.41151   ,53.1642,9.124     ,52.873 ,8.86813    ,52.5151,8.65383   ,52.1181,8.55959   ,51.6534,8.57892   ,51.2594,8.71741   ,52.7404,-9.55816  ,-0.57744   ,503,117125,50.6489,11.9216,118.953,0
1590,51.0068,9.26737   ,51.3647,9.08255    ,51.7498,9.01304  ,52.1724,9.0527    ,52.4957,9.16643   ,52.8412,9.42136   ,53.1199,9.68272    ,53.3693,9.92555   ,53.6631,10.2141   ,53.966 ,10.5091     ,54.2343,10.7666   ,54.4807,11.0168   ,51.0068,9.26737   ,51.4669,9.38884    ,51.8848,9.38861   ,52.2801,9.50321   ,52.5492,9.6833    ,52.8196,9.96133    ,53.0333,10.1762    ,53.2312,10.3602   ,53.4915,10.5782    ,53.7897,10.789    ,54.0735,10.9555   ,54.4807,11.0168   ,54.321 ,10.5083   ,54.0614,10.1503   ,53.7404,9.75754    ,53.4065,9.39232   ,53.1095,9.09577   ,52.7761,8.80517    ,52.3452,8.60218   ,51.9454,8.57726   ,51.4971,8.64483   ,51.1649,8.81069   ,52.7929,-9.59772  ,-0.580943  ,510,118922,52.57  ,14.1896,124.61 ,0
1591,51.134 ,9.3137    ,51.4523,9.07207    ,51.8395,8.97264  ,52.2462,9.04379   ,52.5493,9.19133   ,52.864 ,9.44571   ,53.1594,9.72815    ,53.4209,9.98307   ,53.7354,10.288    ,53.9755,10.5225     ,54.2658,10.8037   ,54.5305,11.0578   ,51.134 ,9.3137    ,51.5701,9.38122    ,51.9514,9.34541   ,52.3054,9.48432   ,52.5589,9.69521   ,52.8106,9.96066    ,53.0354,10.1913    ,53.2366,10.3815   ,53.5119,10.6098    ,53.7492,10.7915   ,54.0663,11.0029   ,54.5305,11.0578   ,54.3881,10.5311   ,54.1101,10.1635   ,53.8572,9.8673     ,53.499 ,9.48167   ,53.1818,9.16529   ,52.8245,8.84731    ,52.4467,8.62956   ,52.075 ,8.56659   ,51.6104,8.60602   ,51.2369,8.81786   ,52.8622,-9.64348  ,-0.599804  ,524,121706,52.5154,13.6556,123.196,0
1592,51.1304,9.29592   ,51.4754,9.0795     ,51.8937,8.98439  ,52.2784,9.07544   ,52.6316,9.27867   ,52.913 ,9.50506   ,53.203 ,9.77641    ,53.5119,10.071    ,53.8059,10.3481   ,54.1133,10.6248     ,54.4185,10.8851   ,54.6944,11.0949   ,51.1304,9.29592   ,51.5615,9.39181    ,51.9512,9.36436   ,52.2852,9.51407   ,52.6224,9.78739   ,52.8866,10.0354    ,53.1165,10.2673    ,53.364 ,10.4941   ,53.6331,10.7162    ,53.9421,10.936    ,54.2615,11.1074   ,54.6944,11.0949   ,54.4887,10.5921   ,54.1979,10.2369   ,53.886 ,9.89399    ,53.5565,9.54954   ,53.1895,9.19005   ,52.8458,8.89273    ,52.545 ,8.70339   ,52.1638,8.59319   ,51.727 ,8.60514   ,51.2926,8.81362   ,52.9524,-9.71321  ,-0.615799  ,539,123524,53.9617,14.0232,126.267,0
1593,51.1662,9.13324   ,51.5736,9.05087    ,51.9681,9.06614  ,52.3611,9.1714    ,52.7109,9.36167   ,53.0262,9.61364   ,53.3165,9.88571    ,53.6152,10.1862   ,53.896 ,10.4505   ,54.2203,10.7409     ,54.5066,10.996    ,54.7893,11.243    ,51.1662,9.13324   ,51.5433,9.35737    ,51.9163,9.45642   ,52.2853,9.61214   ,52.6325,9.83783   ,52.9535,10.108     ,53.233 ,10.3747    ,53.4904,10.6358   ,53.7462,10.8468    ,54.062 ,11.0547   ,54.3449,11.2138   ,54.7893,11.243    ,54.5879,10.7086   ,54.2964,10.3529   ,53.9659,9.98224    ,53.6585,9.65503   ,53.3077,9.30685   ,52.9969,9.02985    ,52.6791,8.81187   ,52.3108,8.68294   ,51.885 ,8.65861   ,51.4822,8.75512   ,53.0504,-9.79543  ,-0.639028  ,535,124171,54.2794,13.2337,124.61 ,0
1594,51.3747,9.08338   ,51.7984,9.01334    ,52.1666,9.05861  ,52.5149,9.22037   ,52.8642,9.48798   ,53.1256,9.72013   ,53.4375,10.0097    ,53.7263,10.2818   ,54.0142,10.5421   ,54.2836,10.7759     ,54.6191,11.0381   ,54.9123,11.2476   ,51.3747,9.08338   ,51.7456,9.33252    ,52.0596,9.42828   ,52.3832,9.62894   ,52.743 ,9.93527   ,53.0119,10.1829    ,53.3287,10.4773    ,53.6202,10.7379   ,53.9171,10.9766    ,54.1802,11.145    ,54.4959,11.2679   ,54.9123,11.2476   ,54.6557,10.7461   ,54.308 ,10.3397   ,54.034 ,10.0401    ,53.7414,9.74022   ,53.4442,9.44615   ,53.1341,9.16184    ,52.8827,8.95379   ,52.549 ,8.75144   ,52.1701,8.66217   ,51.7482,8.6971    ,53.1678,-9.85884  ,-0.666932  ,524,120522,53.1584,12.7261,122.853,0
1595,51.477 ,8.92399   ,51.9084,8.97792    ,52.2523,9.07626  ,52.5863,9.26618   ,52.9233,9.53204   ,53.2231,9.80033   ,53.4675,10.0304    ,53.7505,10.2953   ,54.0782,10.5899   ,54.3479,10.8298     ,54.6433,11.0755   ,54.9414,11.2802   ,51.477 ,8.92399   ,51.8102,9.27415    ,52.1257,9.43047   ,52.4784,9.69817   ,52.8628,10.0414   ,53.1789,10.3358    ,53.4057,10.548     ,53.639 ,10.752    ,53.917 ,10.9505    ,54.1659,11.1142   ,54.4683,11.2736   ,54.9414,11.2802   ,54.7365,10.8137   ,54.442 ,10.468    ,54.147 ,10.1467    ,53.7678,9.75241   ,53.4334,9.42148   ,53.1673,9.17298    ,52.8853,8.9387    ,52.5996,8.76997   ,52.2815,8.6823    ,51.9095,8.66728   ,53.2399,-9.88134  ,-0.688753  ,510,116554,52.5058,14.2622,120.267,0
1596,51.7026,8.73102   ,52.0281,8.92876    ,52.3834,9.12913  ,52.7162,9.36183   ,52.9706,9.56981   ,53.2844,9.8426    ,53.5398,10.0727    ,53.83  ,10.3426   ,54.1066,10.6023   ,54.4159,10.8789     ,54.6719,11.0849   ,54.9757,11.3127   ,51.7026,8.73102   ,51.8106,9.18889    ,52.1447,9.45173   ,52.4932,9.72622   ,52.7624,9.95885   ,53.0879,10.2471    ,53.3482,10.4749    ,53.6417,10.724    ,53.916 ,10.9382    ,54.2291,11.1396   ,54.5069,11.2652   ,54.9757,11.3127   ,54.7537,10.8409   ,54.5154,10.5438   ,54.2068,10.1821    ,53.9236,9.87234   ,53.631 ,9.57902   ,53.3765,9.34563    ,53.0753,9.09365   ,52.8404,8.92154   ,52.5308,8.75157   ,52.1623,8.62134   ,53.2778,-9.89098  ,-0.700966  ,496,114753,51.3001,11.6087,119.095,0
1597,51.6647,8.87951   ,52.0532,8.95518    ,52.3915,9.12461  ,52.716 ,9.34503   ,53.015 ,9.58259   ,53.2835,9.82349   ,53.5758,10.0913    ,53.8774,10.3697   ,54.1554,10.6273   ,54.4046,10.8492     ,54.7195,11.1223   ,54.9781,11.3264   ,51.6647,8.87951   ,51.9309,9.27827    ,52.2515,9.48833   ,52.5841,9.74512   ,52.8696,10.0073   ,53.1029,10.2415    ,53.3658,10.4887    ,53.6603,10.7373   ,53.9497,10.9534    ,54.2154,11.1124   ,54.5542,11.2835   ,54.9781,11.3264   ,54.8082,10.8955   ,54.5131,10.5154   ,54.2729,10.2203    ,53.9957,9.9109    ,53.6851,9.60152   ,53.3716,9.32082    ,53.075 ,9.08515   ,52.7588,8.88067   ,52.4357,8.70234   ,52.0791,8.60135   ,53.3189,-9.90015  ,-0.70638   ,499,114814,51.2297,11.7623,118.853,0
1598,51.6776,8.77587   ,52.0413,8.92993    ,52.3951,9.12735  ,52.7178,9.34187   ,53.0314,9.59023   ,53.3125,9.83463   ,53.5987,10.094     ,53.875 ,10.3503   ,54.1264,10.5847   ,54.4295,10.8564     ,54.7073,11.1048   ,54.9491,11.3392   ,51.6776,8.77587   ,51.8284,9.20986    ,52.147 ,9.41722   ,52.4807,9.65418   ,52.8189,9.94739   ,53.1205,10.2244    ,53.4197,10.4993    ,53.6989,10.7456   ,53.9483,10.9473    ,54.2481,11.1345   ,54.5304,11.2751   ,54.9491,11.3392   ,54.8073,10.8644   ,54.5289,10.5062   ,54.209 ,10.1337    ,53.9436,9.85469   ,53.6638,9.58414   ,53.3905,9.34362    ,53.1348,9.14226   ,52.8575,8.95932   ,52.5554,8.78497   ,52.1658,8.60633   ,53.3296,-9.90464  ,-0.70141   ,498,114603,51.3246,11.6166,118.267,0
1599,51.71  ,8.69522   ,52.0643,8.91271    ,52.3767,9.12057  ,52.6906,9.3332    ,53.0393,9.60768   ,53.3075,9.83813   ,53.5797,10.0796    ,53.8973,10.368    ,54.1913,10.6418   ,54.452 ,10.8834     ,54.7214,11.1279   ,54.9988,11.3959   ,51.71  ,8.69522   ,51.8483,9.15664    ,52.1414,9.41984   ,52.466 ,9.65879   ,52.825 ,9.95447   ,53.0965,10.1945    ,53.3692,10.4377    ,53.688 ,10.7195   ,53.9865,10.9707    ,54.2517,11.1633   ,54.5305,11.3204   ,54.9988,11.3959   ,54.839 ,10.8687   ,54.5696,10.5279   ,54.3027,10.2256    ,54.0031,9.92135   ,53.6818,9.6246    ,53.4098,9.3867     ,53.1493,9.17429   ,52.8222,8.94124   ,52.5241,8.76342   ,52.19  ,8.61008   ,53.3502,-9.92816  ,-0.700124  ,505,116439,52.3396,10.6837,119.924,0
1600,51.6801,8.84097   ,52.0817,8.97246    ,52.4385,9.16734  ,52.7466,9.39129   ,53.0526,9.65151   ,53.3507,9.91419   ,53.6698,10.1966    ,53.9375,10.4325   ,54.2483,10.7054   ,54.5402,10.9608     ,54.8109,11.1914   ,55.1301,11.419    ,51.6801,8.84097   ,51.9732,9.30606    ,52.3571,9.54856   ,52.6909,9.84136   ,53.0091,10.1601   ,53.303 ,10.434     ,53.6001,10.6889    ,53.8389,10.8771   ,54.108 ,11.0714    ,54.3624,11.236    ,54.6255,11.3813   ,55.1301,11.419    ,54.9095,10.9308   ,54.6236,10.6032   ,54.2874,10.2506    ,53.9298,9.89435   ,53.6319,9.60931   ,53.2952,9.30318    ,53.0027,9.06114   ,52.7227,8.87774   ,52.4428,8.7372    ,52.1091,8.60592   ,53.3911,-9.98098  ,-0.701889  ,512,117842,53.2728,13.8695,122.752,0
1601,51.7488,8.97504   ,52.139 ,9.04048    ,52.5207,9.22072  ,52.8094,9.43501   ,53.1254,9.7138    ,53.4245,9.98956   ,53.6848,10.2286    ,53.9976,10.5123   ,54.2527,10.7425   ,54.5468,11.0106     ,54.8122,11.2549   ,55.0771,11.5251   ,51.7488,8.97504   ,52.0518,9.35994    ,52.4316,9.61944   ,52.739 ,9.89163   ,53.0531,10.2046   ,53.3286,10.4764    ,53.5557,10.6854    ,53.8192,10.9033   ,54.034 ,11.0624    ,54.2963,11.2407   ,54.5692,11.3979   ,55.0771,11.5251   ,54.9728,11.0355   ,54.7021,10.6933   ,54.3705,10.3313    ,54.0725,10.0278   ,53.7091,9.6761    ,53.418 ,9.40811    ,53.1026,9.13641   ,52.7952,8.90903   ,52.5277,8.77112   ,52.1396,8.69576   ,53.4524,-10.041   ,-0.708765  ,521,120095,52.3097,13.1475,121.681,0
1602,51.7718,8.89665   ,52.1452,9.03841    ,52.5   ,9.23492  ,52.8506,9.48282   ,53.1543,9.74565   ,53.4307,10.0024   ,53.7313,10.2799    ,54.0495,10.5699   ,54.315 ,10.8114   ,54.6218,11.0901     ,54.9025,11.3436   ,55.1696,11.6002   ,51.7718,8.89665   ,52.0073,9.34144    ,52.3751,9.59811   ,52.7495,9.90986   ,53.0758,10.2267   ,53.3706,10.5147    ,53.6661,10.7853    ,53.9528,11.0254   ,54.1819,11.2005    ,54.4468,11.3792   ,54.7126,11.5187   ,55.1696,11.6002   ,55.0045,11.0888   ,54.6973,10.7108   ,54.3429,10.3266    ,54.0391,10.0171   ,53.6931,9.67971   ,53.3954,9.4011     ,53.1444,9.18423   ,52.8657,8.98837   ,52.5357,8.8161    ,52.1966,8.69654   ,53.5215,-10.1135  ,-0.702535  ,536,123136,53.6706,13.661 ,125.338,0
1603,51.7302,9.04607   ,52.1408,9.08993    ,52.5047,9.26709  ,52.8712,9.53624   ,53.2028,9.81508   ,53.486 ,10.0616   ,53.8197,10.3511    ,54.09  ,10.5854   ,54.4056,10.8613   ,54.7172,11.1342     ,55.0218,11.392    ,55.334 ,11.6488   ,51.7302,9.04607   ,52.0496,9.38374    ,52.4016,9.65623   ,52.8126,10.0169   ,53.1788,10.3499   ,53.4734,10.6148    ,53.7979,10.896     ,54.0445,11.0982   ,54.3217,11.3101    ,54.5949,11.4934   ,54.8795,11.6323   ,55.334 ,11.6488   ,55.0656,11.0696   ,54.7357,10.6851   ,54.3854,10.3209    ,54.0286,9.97984   ,53.7316,9.71106   ,53.3857,9.40985    ,53.1141,9.1831    ,52.823 ,8.97031   ,52.5041,8.81389   ,52.1306,8.76575   ,53.5942,-10.1797  ,-0.699329  ,551,127332,55.4641,14.817 ,129.581,0
1604,51.8252,8.92488   ,52.2609,9.11661    ,52.6289,9.35011  ,52.9669,9.61858   ,53.2679,9.87904   ,53.6289,10.1964   ,53.9151,10.4452    ,54.2796,10.7575   ,54.5941,11.0275   ,54.9064,11.2698     ,55.2998,11.5261   ,55.6234,11.7386   ,51.8252,8.92488   ,52.0789,9.41074    ,52.4618,9.72633   ,52.8337,10.0516   ,53.1503,10.3346   ,53.5135,10.6549    ,53.7882,10.8884    ,54.1333,11.1647   ,54.4517,11.4008    ,54.7622,11.5862   ,55.1535,11.7229   ,55.6234,11.7386   ,55.3472,11.2684   ,54.9575,10.8862   ,54.6498,10.5805    ,54.3284,10.267    ,53.9304,9.90528   ,53.6261,9.63438    ,53.2637,9.31663   ,52.9831,9.08768   ,52.6888,8.89698   ,52.3403,8.76906   ,53.6504,-10.2239  ,-0.693485  ,562,130084,58.2475,12.5923,132.995,0
1605,51.8291,8.90707   ,52.2254,9.10846    ,52.648 ,9.37521  ,52.9799,9.63862   ,53.3242,9.93411   ,53.6655,10.2304   ,53.9943,10.5083    ,54.314 ,10.7689   ,54.6863,11.0604   ,55.0137,11.3055     ,55.4011,11.5487   ,55.7628,11.7333   ,51.8291,8.90707   ,52.0646,9.39825    ,52.5218,9.78      ,52.9111,10.1225   ,53.3026,10.4709   ,53.6663,10.7857    ,53.99  ,11.0501    ,54.2802,11.2664   ,54.594 ,11.4727    ,54.8701,11.63     ,55.2406,11.7563   ,55.7628,11.7333   ,55.4531,11.2802   ,55.0468,10.9018   ,54.6715,10.5653    ,54.2419,10.1866   ,53.8906,9.87663   ,53.5526,9.57843    ,53.2303,9.29705   ,52.936 ,9.06098   ,52.6661,8.89225   ,52.2859,8.76673   ,53.7096,-10.2643  ,-0.683857  ,575,131944,59.6482,14.8718,134.409,0
1606,51.8264,8.91282   ,52.254 ,9.12313    ,52.6077,9.34455  ,52.9779,9.63374   ,53.3107,9.91851   ,53.6406,10.2047   ,54.0099,10.5161    ,54.3706,10.8114   ,54.6831,11.0644   ,55.0523,11.3545     ,55.4128,11.6185   ,55.7403,11.8592   ,51.8264,8.91282   ,52.1027,9.43073    ,52.4983,9.75548   ,52.9435,10.1482   ,53.3257,10.49     ,53.6786,10.7963    ,54.0416,11.0905    ,54.3675,11.3282   ,54.6334,11.5039    ,54.9429,11.6735   ,55.2729,11.7945   ,55.7403,11.8592   ,55.4539,11.3719   ,55.0562,10.9549   ,54.6279,10.5404    ,54.2706,10.2108   ,53.8745,9.8556    ,53.4944,9.51989    ,53.184 ,9.25002   ,52.9038,9.02959   ,52.6145,8.86135   ,52.3076,8.76488   ,53.7106,-10.2662  ,-0.687766  ,579,132641,60.2666,15.8159,136.066,0
1607,51.8405,8.90829   ,52.2703,9.13205    ,52.6195,9.35717  ,52.9851,9.64253   ,53.3125,9.91887   ,53.6392,10.1984   ,53.9573,10.4655    ,54.3201,10.7629   ,54.6833,11.0621   ,54.993 ,11.3198     ,55.3425,11.6007   ,55.6684,11.8431   ,51.8405,8.90829   ,52.1191,9.4436     ,52.5058,9.77475   ,52.9394,10.1555   ,53.313 ,10.484    ,53.6615,10.7821    ,53.9741,11.0346    ,54.3003,11.2721   ,54.6075,11.4782    ,54.8673,11.6413   ,55.1843,11.7953   ,55.6684,11.8431   ,55.4033,11.3303   ,55.0166,10.9139   ,54.6551,10.5593    ,54.2366,10.1697   ,53.8356,9.80933   ,53.5091,9.52284    ,53.2021,9.25981   ,52.9236,9.04182   ,52.6316,8.86733   ,52.3252,8.76733   ,53.7214,-10.2745  ,-0.687963  ,585,134526,59.3067,15.5571,135.238,0
1608,51.8338,8.91451   ,52.2715,9.13072    ,52.651 ,9.37708  ,52.9859,9.63868   ,53.322 ,9.92451   ,53.69  ,10.2432   ,54.002 ,10.503     ,54.3801,10.8086   ,54.7166,11.0861   ,55.0514,11.3663     ,55.4204,11.6802   ,55.7103,11.9334   ,51.8338,8.91451   ,52.1069,9.43352    ,52.5191,9.78269   ,52.9152,10.1308   ,53.3133,10.483    ,53.7391,10.8472    ,54.0598,11.1007    ,54.3973,11.3357   ,54.6773,11.5194    ,54.9497,11.6826   ,55.2716,11.8462   ,55.7103,11.9334   ,55.4687,11.4282   ,55.0431,10.9573   ,54.643 ,10.5589    ,54.2528,10.1923   ,53.8388,9.81877   ,53.5382,9.55115    ,53.2206,9.27068   ,52.9439,9.05427   ,52.6729,8.89228   ,52.3308,8.7707    ,53.7374,-10.2873  ,-0.689067  ,591,135946,60.4454,16.0847,137.238,0
1609,51.8426,8.97913   ,52.3005,9.15355    ,52.6512,9.37584  ,53.0073,9.65504   ,53.3636,9.96127   ,53.696 ,10.2515   ,54.0251,10.5245    ,54.3627,10.794    ,54.7066,11.0681   ,55.0931,11.3749     ,55.3994,11.6272   ,55.7253,11.9074   ,51.8426,8.97913   ,52.1463,9.47011    ,52.5174,9.78182   ,52.9291,10.1435   ,53.3401,10.5066   ,53.7147,10.8253    ,54.0412,11.0792    ,54.3373,11.2853   ,54.6296,11.4847    ,54.9596,11.6881   ,55.2373,11.8343   ,55.7253,11.9074   ,55.4625,11.3368   ,55.12  ,10.9767   ,54.6692,10.5603    ,54.2743,10.2124   ,53.8981,9.87999   ,53.5686,9.584      ,53.2711,9.31446   ,52.9657,9.06756   ,52.6679,8.88634   ,52.339 ,8.77826   ,53.7392,-10.2873  ,-0.688617  ,593,136923,59.9728,15.3286,137.823,0
1610,51.8428,8.96901   ,52.289 ,9.13969    ,52.6868,9.39641  ,53.0375,9.67751   ,53.3305,9.93208   ,53.6614,10.2235   ,53.99  ,10.4984    ,54.3801,10.8114   ,54.714 ,11.0775   ,55.0292,11.3253     ,55.3951,11.61     ,55.7168,11.8686   ,51.8428,8.96901   ,52.1137,9.44286    ,52.53  ,9.7907    ,52.9286,10.1417   ,53.2613,10.4369   ,53.6313,10.7545    ,53.9535,11.0072    ,54.2902,11.24     ,54.5724,11.4328    ,54.8491,11.615    ,55.2085,11.8213   ,55.7168,11.8686   ,55.4951,11.3313   ,55.109 ,10.9576   ,54.7457,10.6348    ,54.3579,10.2931   ,53.9161,9.89968   ,53.5831,9.59814    ,53.2846,9.32597   ,53.028 ,9.11368   ,52.7291,8.91809   ,52.3518,8.77953   ,53.7487,-10.2911  ,-0.685848  ,595,137265,59.6628,14.1942,138.995,0
1611,51.8329,8.98691   ,52.3063,9.15259    ,52.6606,9.37788  ,53.0222,9.66392   ,53.3843,9.9789    ,53.7201,10.2751   ,54.0574,10.5561    ,54.4015,10.8317   ,54.8032,11.1537   ,55.1206,11.4039     ,55.4917,11.6911   ,55.8418,11.9372   ,51.8329,8.98691   ,52.1457,9.46854    ,52.5184,9.77542   ,52.9312,10.1396   ,53.3425,10.5069   ,53.7151,10.8266    ,54.0373,11.0768    ,54.33  ,11.2781   ,54.6708,11.5122    ,54.9575,11.6989   ,55.3367,11.9142   ,55.8418,11.9372   ,55.5561,11.4016   ,55.1837,11.0299   ,54.8231,10.7052    ,54.3576,10.2932   ,53.964 ,9.94297   ,53.6146,9.62774    ,53.3088,9.34729   ,52.9909,9.08607   ,52.6846,8.8955    ,52.3491,8.77778   ,53.7655,-10.3084  ,-0.688379  ,602,137805,61.4338,14.7548,140.652,0
1612,51.8597,8.96136   ,52.2752,9.1234     ,52.6624,9.34265  ,53.0313,9.63636   ,53.3544,9.94001   ,53.6976,10.2555   ,54.0046,10.5221    ,54.3638,10.8124   ,54.6944,11.069    ,55.0349,11.3364     ,55.3832,11.6195   ,55.7027,11.914    ,51.8597,8.96136   ,52.0893,9.41809    ,52.4762,9.68923   ,52.8444,9.99768   ,53.1658,10.316    ,53.5155,10.6433    ,53.8121,10.8984    ,54.1464,11.152    ,54.4601,11.3693    ,54.8223,11.6131   ,55.189 ,11.8192   ,55.7027,11.914    ,55.4773,11.3354   ,55.1513,10.985    ,54.8237,10.6873    ,54.4649,10.3816   ,54.0738,10.0412   ,53.7601,9.76075    ,53.4342,9.46079   ,53.1122,9.17999   ,52.7418,8.92539   ,52.3462,8.77715   ,53.7469,-10.288   ,-0.687181  ,593,137222,59.812 ,11.2325,138.995,0
1613,51.7998,8.97369   ,52.2736,9.11984    ,52.6268,9.31259  ,52.9634,9.5766    ,53.3436,9.9196    ,53.6337,10.1773   ,53.9704,10.47      ,54.3414,10.7788   ,54.6605,11.0386   ,54.984 ,11.2978     ,55.3485,11.5759   ,55.6857,11.8225   ,51.7998,8.97369   ,52.1214,9.43323    ,52.4849,9.67433   ,52.8366,9.98534   ,53.2103,10.3586   ,53.4883,10.6125    ,53.7934,10.8692    ,54.0998,11.1029   ,54.4045,11.3226    ,54.7687,11.579    ,55.1648,11.7852   ,55.6857,11.8225   ,55.4366,11.2941   ,55.1119,10.9493   ,54.8138,10.6713    ,54.475 ,10.3672   ,54.0399,9.97797   ,53.6627,9.63937    ,53.363 ,9.37801   ,52.9904,9.08075   ,52.6727,8.88802   ,52.3181,8.76416   ,53.7226,-10.2562  ,-0.689081  ,587,135700,59.5919,12.1716,137.581,0
1614,51.7561,8.92212   ,52.2056,9.07185    ,52.5761,9.27282  ,52.9286,9.53773   ,53.2451,9.81929   ,53.5342,10.0727   ,53.8979,10.3855    ,54.2007,10.6429   ,54.5468,10.9358   ,54.8508,11.1848     ,55.2241,11.4245   ,55.5788,11.5747   ,51.7561,8.92212   ,52.0777,9.39829    ,52.4605,9.66313   ,52.8182,9.96935   ,53.1081,10.2545   ,53.3693,10.4869    ,53.7029,10.7598    ,53.9834,10.9819   ,54.3099,11.235     ,54.6223,11.4644   ,55.0487,11.6671   ,55.5788,11.5747   ,55.3017,11.1299   ,54.9854,10.8309   ,54.6727,10.5432    ,54.2981,10.2023   ,53.971 ,9.90688   ,53.5804,9.55492    ,53.272 ,9.28613   ,52.9381,9.0202    ,52.5885,8.81896   ,52.2268,8.69694   ,53.6551,-10.1826  ,-0.682038  ,575,133412,57.639 ,12.0456,135.581,0
1615,51.7777,8.8784    ,52.2093,9.04952    ,52.5992,9.26909  ,52.9472,9.54494   ,53.2427,9.80664   ,53.5967,10.1203   ,53.9362,10.4159    ,54.2238,10.6574   ,54.5721,10.9396   ,54.9433,11.2028     ,55.3075,11.3862   ,55.7226,11.4994   ,51.7777,8.8784    ,52.0358,9.34851    ,52.4326,9.61166   ,52.7979,9.93738   ,53.0965,10.226    ,53.4489,10.5465    ,53.8032,10.8415    ,54.0916,11.0689   ,54.4217,11.309     ,54.8077,11.5095   ,55.2299,11.6122   ,55.7226,11.4994   ,55.278 ,11.1228   ,54.9772,10.8307   ,54.6088,10.481     ,54.2391,10.1488   ,53.9571,9.89349   ,53.6277,9.59145    ,53.2707,9.28205   ,52.9785,9.05122   ,52.653 ,8.85084   ,52.273 ,8.70057   ,53.6228,-10.1407  ,-0.679634  ,553,128159,58.7833,11.9169,138.995,0
1616,51.7725,8.83426   ,52.1665,9.0143     ,52.5141,9.21007  ,52.8273,9.43443   ,53.1439,9.6958    ,53.4526,9.96837   ,53.7555,10.2406    ,54.0669,10.512    ,54.3771,10.7747   ,54.7233,11.0397     ,55.0737,11.2349   ,55.402 ,11.3532   ,51.7725,8.83426   ,52.016 ,9.29721    ,52.3659,9.54958   ,52.7117,9.83654   ,53.062 ,10.1501   ,53.3738,10.4364    ,53.6452,10.6855    ,53.9214,10.9192   ,54.201 ,11.1379    ,54.5271,11.3488   ,54.9063,11.4626   ,55.402 ,11.3532   ,55.1381,10.959    ,54.8222,10.6635   ,54.4513,10.3266    ,54.108 ,10.0149   ,53.7636,9.705     ,53.4303,9.40931    ,53.1208,9.15161   ,52.8377,8.95121   ,52.5599,8.80514   ,52.2226,8.68726   ,53.5517,-10.0737  ,-0.683355  ,524,122234,54.6304,12.6153,126.51 ,0
1617,51.7265,8.91273   ,52.1291,9.004      ,52.4858,9.1835   ,52.8076,9.41111   ,53.1336,9.68163   ,53.3924,9.91012   ,53.71  ,10.1973    ,53.9874,10.4355   ,54.2811,10.6842   ,54.625 ,10.9739     ,54.9161,11.1967   ,55.2119,11.4119   ,51.7265,8.91273   ,51.9797,9.29625    ,52.3077,9.49565   ,52.6417,9.76765   ,52.9926,10.0847   ,53.266 ,10.3381    ,53.5855,10.6346    ,53.8488,10.8612   ,54.1219,11.0762    ,54.4451,11.2939   ,54.74  ,11.4178   ,55.2119,11.4119   ,54.9979,10.9074   ,54.7062,10.5729   ,54.3421,10.2088    ,54.0299,9.92859   ,53.747 ,9.68205   ,53.4191,9.39288    ,53.1669,9.18574   ,52.8651,8.97102   ,52.5592,8.80714   ,52.1804,8.67863   ,53.4887,-10.0273  ,-0.688859  ,514,118879,53.2073,11.8489,123.681,0
1618,51.7595,8.84515   ,52.1243,9.01665    ,52.4691,9.18949  ,52.7742,9.38181   ,53.0685,9.62916   ,53.3499,9.89595   ,53.6044,10.1379    ,53.8892,10.4073   ,54.1731,10.6869   ,54.431 ,10.9545     ,54.6582,11.2002   ,54.8867,11.4778   ,51.7595,8.84515   ,51.9225,9.29269    ,52.2354,9.48427   ,52.515 ,9.67241   ,52.7639,9.90102   ,52.9908,10.1407    ,53.2227,10.3693    ,53.5057,10.6294   ,53.8106,10.8986    ,54.1175,11.1547   ,54.4167,11.3713   ,54.8867,11.4778   ,54.8295,10.9511   ,54.6623,10.6675   ,54.4441,10.383     ,54.1757,10.0923   ,53.8963,9.82222   ,53.6289,9.57387    ,53.291 ,9.28345   ,52.9468,9.02769   ,52.6155,8.84958   ,52.2408,8.69749   ,53.3929,-9.99613  ,-0.716135  ,505,116800,50.6713,10.6423,118.61 ,0
1619,51.692 ,8.9795    ,52.0637,9.01566    ,52.3591,9.15783  ,52.6663,9.355     ,52.9662,9.58988   ,53.2033,9.80065   ,53.4779,10.0672    ,53.7037,10.3054   ,53.9417,10.5808   ,54.1582,10.8842     ,54.3137,11.1918   ,54.399 ,11.4965   ,51.692 ,8.9795    ,51.8819,9.3134     ,52.1136,9.45142   ,52.39  ,9.65776   ,52.6681,9.90781   ,52.8879,10.1214    ,53.1461,10.383     ,53.3612,10.6084   ,53.5958,10.8617    ,53.8356,11.1241   ,54.0613,11.3453   ,54.399 ,11.4965   ,54.5334,10.9616   ,54.4338,10.5684   ,54.2245,10.2227    ,53.9727,9.92258   ,53.7326,9.67326   ,53.4392,9.40657    ,53.1866,9.2068    ,52.8714,9.00213   ,52.5389,8.82708   ,52.1801,8.69441   ,53.2685,-9.9751   ,-0.765393  ,494,113845,47.7431,11.2917,112.368,0
1620,51.6692,8.94296   ,52.0026,9.02099    ,52.3213,9.15503  ,52.6199,9.32054   ,52.918 ,9.53231   ,53.1492,9.72764   ,53.4043,9.97769    ,53.623 ,10.2385   ,53.7986,10.535    ,53.8846,10.8561     ,53.8984,11.1816   ,53.8652,11.4996   ,51.6692,8.94296   ,51.7954,9.25487    ,52.0118,9.41926   ,52.2643,9.57179   ,52.5358,9.76849   ,52.7453,9.94838    ,52.9825,10.1796    ,53.1925,10.4188   ,53.3716,10.6914    ,53.4822,10.9714   ,53.5706,11.2527   ,53.8652,11.4996   ,54.2269,11.0335   ,54.2753,10.6572   ,54.1914,10.3034    ,53.9974,9.98369   ,53.7569,9.70242   ,53.4763,9.43845    ,53.2238,9.23706   ,52.9024,9.02313   ,52.5528,8.85455   ,52.1306,8.75807   ,53.1587,-9.95952  ,-0.823732  ,483,112217,45.7811,11.2218,109.64 ,0
1621,51.6804,9.04819   ,52.0441,9.06653    ,52.3442,9.17189  ,52.6626,9.33884   ,52.9289,9.5304    ,53.2022,9.76653   ,53.4442,10.0217    ,53.6237,10.2956   ,53.7094,10.6404   ,53.6424,10.9387     ,53.4397,11.2237   ,53.1827,11.4067   ,51.6804,9.04819   ,51.8373,9.34596    ,52.0428,9.45475   ,52.2967,9.58397   ,52.5142,9.73745   ,52.7443,9.93564    ,52.9671,10.1584    ,53.156 ,10.3879   ,53.2802,10.6447    ,53.2689,10.8581   ,53.1838,11.0896   ,53.1827,11.4067   ,53.7531,11.295    ,54.0514,10.9387   ,54.1347,10.5472    ,54.0506,10.1221   ,53.8582,9.80994   ,53.5842,9.52709    ,53.2651,9.26177   ,52.9562,9.04865   ,52.5737,8.85921   ,52.1724,8.76695   ,53.0829,-9.95317  ,-0.879959  ,477,112196,46.2226,11.7352,109.64 ,0
1622,51.6063,9.00903   ,51.9507,9.03156    ,52.285 ,9.1551   ,52.6095,9.31558   ,52.9174,9.53041   ,53.1508,9.74346   ,53.378 ,10.0225    ,53.504 ,10.341    ,53.4854,10.7135   ,53.2908,10.9913     ,52.9936,11.157    ,52.6647,11.2402   ,51.6063,9.00903   ,51.7216,9.29016    ,51.9288,9.41855   ,52.1741,9.52      ,52.404 ,9.65339   ,52.5799,9.79186    ,52.7782,9.99055    ,52.942 ,10.2185   ,53.0266,10.4968    ,52.9506,10.7513   ,52.7888,10.956    ,52.6647,11.2402   ,53.2774,11.3244   ,53.6949,11.1766   ,53.9694,10.8437    ,54.0453,10.3679   ,53.923 ,9.97069   ,53.6465,9.61995    ,53.3515,9.34386   ,52.9715,9.06897   ,52.5687,8.86181   ,52.1042,8.75117   ,53.0074,-9.9821   ,-0.938835  ,493,113639,47.6189,14.0423,113.296,0
1623,51.6025,9.02689   ,51.9606,9.04096    ,52.2984,9.16882  ,52.594 ,9.31235   ,52.8997,9.52041   ,53.1601,9.76493   ,53.3661,10.0424    ,53.4681,10.348    ,53.3701,10.6729   ,53.0445,10.8536     ,52.7086,10.8982   ,52.3894,10.869    ,51.6025,9.02689   ,51.7428,9.30841    ,51.9609,9.43428   ,52.1804,9.53023   ,52.4077,9.66546   ,52.6077,9.82483    ,52.7955,10.0158    ,52.9403,10.2231   ,52.9662,10.4502    ,52.7941,10.5863   ,52.5973,10.6627   ,52.3894,10.869    ,52.9149,11.1301   ,53.3889,11.0935   ,53.8292,10.8264    ,53.9841,10.3838   ,53.8882,9.98616   ,53.6424,9.63044    ,53.3143,9.31384   ,52.9327,9.05323   ,52.5632,8.87164   ,52.1006,8.7524    ,52.9381,-9.95153  ,-0.9348    ,489,113246,47.3235,13.406 ,112.811,0
1624,51.5883,9.03178   ,51.9253,9.02768    ,52.2461,9.1406   ,52.5521,9.28887   ,52.833 ,9.47217   ,53.0709,9.68628   ,53.248 ,9.93567    ,53.3436,10.2651   ,53.2749,10.598    ,53.0203,10.7665     ,52.6663,10.7906   ,52.3954,10.6969   ,51.5883,9.03178   ,51.7045,9.27521    ,51.8808,9.39766   ,52.0874,9.48666   ,52.2796,9.58075   ,52.4494,9.69134    ,52.6152,9.8293     ,52.7821,10.0133   ,52.8762,10.2345    ,52.773 ,10.3799   ,52.5612,10.4777   ,52.3954,10.6969   ,52.8461,11.1088   ,53.3436,11.128    ,53.7137,10.8987    ,53.8944,10.4334   ,53.8404,9.9655    ,53.6296,9.61576    ,53.315 ,9.30983   ,52.9486,9.05346   ,52.542 ,8.85514   ,52.0737,8.76222   ,52.8984,-9.93307  ,-0.949811  ,485,112907,44.815 ,15.1193,111.054,0
1625,51.6007,9.01521   ,51.9387,9.02325    ,52.2602,9.14583  ,52.5702,9.29532   ,52.8566,9.50301   ,53.0873,9.73679   ,53.2683,10.0239    ,53.318 ,10.3523   ,53.1534,10.6259   ,52.8378,10.6963     ,52.4675,10.6167   ,52.2206,10.4586   ,51.6007,9.01521   ,51.7022,9.27055    ,51.8767,9.39732   ,52.0847,9.48771   ,52.2788,9.5832    ,52.4511,9.695      ,52.6436,9.8544     ,52.8262,10.0603   ,52.8595,10.2553    ,52.6804,10.312    ,52.4345,10.3307   ,52.2206,10.4586   ,52.5772,10.9305   ,53.0794,11.0797   ,53.511 ,10.9527    ,53.8166,10.5728   ,53.8599,10.1205   ,53.6643,9.70866    ,53.3628,9.36218   ,52.9858,9.06266   ,52.5739,8.86574   ,52.103 ,8.75364   ,52.8487,-9.90601  ,-0.944988  ,485,113287,45.9372,15.2703,112.468,0
1626,51.627 ,9.10169   ,51.9625,9.05156    ,52.2501,9.13166  ,52.5438,9.26681   ,52.8428,9.47719   ,53.0586,9.70492   ,53.2086,9.96735    ,53.2566,10.3037   ,53.0804,10.5456   ,52.735 ,10.6217     ,52.4119,10.5928   ,52.1555,10.4731   ,51.627 ,9.10169   ,51.7668,9.31417    ,51.9247,9.40443   ,52.1168,9.48976   ,52.3133,9.59243   ,52.4662,9.69789    ,52.6113,9.82658    ,52.7538,10.013    ,52.7276,10.1782    ,52.5308,10.2432   ,52.3385,10.2922   ,52.1555,10.4731   ,52.56  ,10.9062   ,53.0214,10.9961   ,53.4965,10.8766    ,53.7676,10.5252   ,53.7737,10.0308   ,53.5953,9.64156    ,53.3058,9.30535   ,52.9058,9.00862   ,52.5071,8.83381   ,52.0833,8.77801   ,52.8004,-9.88499  ,-0.948989  ,485,113073,44.1333,14.4747,111.64 ,0
1627,51.6164,9.1053    ,51.9196,9.04326    ,52.2433,9.13764  ,52.5365,9.27269   ,52.8372,9.47699   ,53.0437,9.69172   ,53.1978,10.006     ,53.1813,10.31     ,52.9299,10.5206   ,52.5845,10.558      ,52.2647,10.5041   ,52.0006,10.3767   ,51.6164,9.1053    ,51.7275,9.30196    ,51.8887,9.4059    ,52.0735,9.48043   ,52.2637,9.56477   ,52.4095,9.65432    ,52.5825,9.8053     ,52.6956,9.98223   ,52.6082,10.1132    ,52.3999,10.1531   ,52.1903,10.1931   ,52.0006,10.3767   ,52.4058,10.8305   ,52.8439,10.9702   ,53.3245,10.899     ,53.6923,10.5738   ,53.7928,10.1365   ,53.6268,9.6634     ,53.3444,9.3348    ,52.934 ,9.03029   ,52.5303,8.84301   ,52.0364,8.77473   ,52.7656,-9.87604  ,-0.953307  ,487,113302,44.6401,15.3891,113.054,0
1628,51.6167,9.08934   ,51.9848,9.05745    ,52.2837,9.15443  ,52.6288,9.31349   ,52.91  ,9.52508   ,53.1064,9.78463   ,53.1984,10.1327    ,53.037 ,10.456    ,52.7141,10.5654   ,52.3884,10.5299     ,52.0316,10.4281   ,51.7427,10.2992   ,51.6167,9.08934   ,51.7579,9.32729    ,51.9277,9.42347   ,52.1648,9.51824   ,52.3572,9.61736   ,52.5198,9.73584    ,52.6744,9.90263    ,52.6867,10.0906   ,52.4902,10.1497    ,52.2474,10.1588   ,51.974 ,10.172    ,51.7427,10.2992   ,52.1654,10.7092   ,52.6103,10.918    ,53.0222,10.971     ,53.4547,10.769    ,53.7191,10.2759   ,53.6477,9.75185    ,53.3955,9.36914   ,53.0224,9.0699    ,52.5688,8.85757   ,52.1328,8.77154   ,52.7179,-9.87696  ,-0.94707   ,498,115380,47.5001,13.8344,114.811,0
1629,51.6141,9.07799   ,51.9638,9.04113    ,52.3181,9.14909  ,52.6126,9.29938   ,52.8934,9.52352   ,53.0948,9.79918   ,53.1513,10.1447    ,52.9353,10.4096   ,52.599 ,10.4878   ,52.2561,10.4433     ,51.9173,10.3412   ,51.6108,10.1956   ,51.6141,9.07799   ,51.7406,9.29933    ,51.9327,9.41001   ,52.1172,9.48792   ,52.3018,9.58005   ,52.4774,9.70742    ,52.6215,9.89351    ,52.5338,10.0443   ,52.3134,10.0716    ,52.0822,10.0643   ,51.8423,10.063    ,51.6108,10.1956   ,52.0639,10.6445   ,52.512 ,10.8394   ,52.9735,10.9007    ,53.4095,10.7336   ,53.6915,10.3211   ,53.6754,9.81711    ,53.4196,9.40421   ,53.0352,9.06508   ,52.6276,8.8595    ,52.105 ,8.76821   ,52.671 ,-9.85836  ,-0.917441  ,502,115270,47.6426,14.7536,117.054,0
1630,51.6134,9.07108   ,51.9562,9.03893    ,52.3056,9.14619  ,52.5924,9.28593   ,52.8842,9.51535   ,53.0657,9.78391   ,53.0751,10.1362    ,52.7873,10.3693   ,52.4686,10.4104   ,52.1158,10.359      ,51.7761,10.2808   ,51.4669,10.1991   ,51.6134,9.07108   ,51.7346,9.29457    ,51.9249,9.40794   ,52.1089,9.4859    ,52.3147,9.58676   ,52.4842,9.70837    ,52.5945,9.88241    ,52.4295,9.97745   ,52.2194,9.98909    ,51.9574,9.99461   ,51.6759,10.0228   ,51.4669,10.1991   ,51.9477,10.5538   ,52.3569,10.7399   ,52.8118,10.8326    ,53.2276,10.7299   ,53.5837,10.3151   ,53.6155,9.78476    ,53.3949,9.38561   ,53.0063,9.04457   ,52.6114,8.85627   ,52.0974,8.76859   ,52.598 ,-9.82817  ,-0.863878  ,498,114934,47.1404,13.9062,115.397,0
1631,51.6148,9.08764   ,51.949 ,9.04568    ,52.3003,9.14587  ,52.5879,9.27864   ,52.8754,9.49968   ,53.0398,9.7726    ,53.0424,10.1323    ,52.8034,10.3411   ,52.4575,10.4094   ,52.1074,10.3731     ,51.7644,10.3159   ,51.4641,10.2754   ,51.6148,9.08764   ,51.7512,9.30846    ,51.9477,9.4188    ,52.1339,9.49739   ,52.3407,9.60087   ,52.5078,9.72528    ,52.5968,9.89875    ,52.4414,9.97957   ,52.1977,9.99956    ,51.9293,10.0208   ,51.6483,10.0803   ,51.4641,10.2754   ,51.9529,10.5607   ,52.3689,10.7381   ,52.8082,10.8157    ,53.2417,10.6667   ,53.5175,10.292    ,53.5437,9.74283    ,53.3539,9.34102   ,52.9722,9.0207    ,52.5778,8.84578   ,52.0661,8.77041   ,52.5656,-9.81482  ,-0.922869  ,486,113824,46.3539,12.9369,113.154,0
1632,51.6098,8.9842    ,51.9865,9.01243    ,52.2885,9.12976  ,52.611 ,9.29904   ,52.8973,9.54309   ,53.0429,9.83664   ,53.0004,10.1887    ,52.7007,10.3786   ,52.3139,10.3889   ,52.0002,10.3444     ,51.6282,10.2856   ,51.3093,10.2203   ,51.6098,8.9842    ,51.7205,9.25132    ,51.8865,9.37615   ,52.1027,9.48187   ,52.3273,9.59988   ,52.5074,9.73817    ,52.5827,9.91874    ,52.373 ,9.98635   ,52.0764,9.99003    ,51.8286,9.99346   ,51.5298,10.0257   ,51.3093,10.2203   ,51.8044,10.5561   ,52.2595,10.7098   ,52.6424,10.7954    ,53.107 ,10.7475   ,53.4595,10.3909   ,53.557 ,9.85412    ,53.4136,9.42392   ,53.0487,9.07188   ,52.617 ,8.85206   ,52.1749,8.74876   ,52.5317,-9.82932  ,-0.823597  ,498,116040,48.3058,13.4971,117.154,0
1633,51.6947,9.09211   ,52.0804,9.06687    ,52.4148,9.17457  ,52.7291,9.35558   ,52.9796,9.61017   ,53.0654,9.95876   ,52.8357,10.2377    ,52.4714,10.3601   ,52.107 ,10.3666   ,51.7201,10.3284     ,51.3689,10.2986   ,51.0307,10.2692   ,51.6947,9.09211   ,51.8596,9.34848    ,52.0658,9.45556   ,52.2843,9.56473   ,52.4816,9.7086    ,52.581 ,9.90354    ,52.3659,9.98487    ,52.0819,9.99354   ,51.812 ,9.99877    ,51.5088,10.0209   ,51.2377,10.076    ,51.0307,10.2692   ,51.5843,10.5263   ,52.0239,10.6453   ,52.5034,10.7466    ,52.962 ,10.7112   ,53.3796,10.4414   ,53.5647,9.9358     ,53.4273,9.44174   ,53.0996,9.09231   ,52.6811,8.85946   ,52.2173,8.76869   ,52.4691,-9.83892  ,0.119465   ,509,118404,49.7467,13.9271,119.74 ,0
1634,51.6944,9.07846   ,52.0604,9.04907    ,52.396 ,9.15502  ,52.7033,9.34126   ,52.9373,9.60619   ,52.9852,9.92494   ,52.7182,10.1876    ,52.4038,10.309    ,52.0469,10.3249   ,51.681 ,10.3039     ,51.328 ,10.2853   ,51.0064,10.2277   ,51.6944,9.07846   ,51.8338,9.31615    ,52.0336,9.42366   ,52.2408,9.5267    ,52.4185,9.66201   ,52.4528,9.84371    ,52.1843,9.90701    ,51.9343,9.91498   ,51.6854,9.932      ,51.4402,9.96863   ,51.2121,10.032    ,51.0064,10.2277   ,51.5289,10.5426   ,52.0124,10.6448   ,52.4927,10.733     ,52.9581,10.6843   ,53.3219,10.4244   ,53.5426,9.9421     ,53.411 ,9.47892   ,53.0941,9.09936   ,52.6767,8.85208   ,52.2014,8.76689   ,52.4245,-9.8319   ,0.330146   ,507,118098,48.1132,15.706 ,119.74 ,0
1635,51.7233,9.03785   ,52.0883,9.0462     ,52.4441,9.16832  ,52.7596,9.35417   ,52.9849,9.61318   ,52.9656,9.95638   ,52.661 ,10.1966    ,52.341 ,10.2994   ,51.9522,10.3186   ,51.5879,10.3128     ,51.2365,10.3091   ,50.9098,10.2827   ,51.7233,9.03785   ,51.8669,9.30925    ,52.0966,9.44695   ,52.3322,9.55193   ,52.5343,9.67435   ,52.5115,9.85268    ,52.1869,9.91166    ,51.8997,9.92441   ,51.5901,9.94259    ,51.3391,9.98007   ,51.1066,10.0438   ,50.9098,10.2827   ,51.4611,10.5749   ,51.9408,10.6474   ,52.4161,10.6948    ,52.8765,10.655    ,53.2194,10.439    ,53.4603,9.99213    ,53.3961,9.47884   ,53.1143,9.10225   ,52.7063,8.85252   ,52.218 ,8.76253   ,52.3722,-9.82596  ,0.449218   ,499,118129,49.0502,14.9602,121.154,0
1636,51.7102,8.96905   ,52.0813,8.9975     ,52.4264,9.14164  ,52.7067,9.32531   ,52.9278,9.60076   ,52.9072,9.95268   ,52.6478,10.1891    ,52.2837,10.3245   ,51.9262,10.3501   ,51.5866,10.3436     ,51.226 ,10.3282   ,50.8826,10.2689   ,51.7102,8.96905   ,51.8269,9.22336    ,52.0321,9.37248   ,52.2302,9.48968   ,52.4179,9.63142   ,52.3974,9.81279    ,52.1481,9.89838    ,51.8405,9.94743   ,51.5601,9.9835     ,51.3268,10.0175   ,51.0911,10.0695   ,50.8826,10.2689   ,51.4444,10.591    ,51.9428,10.6728   ,52.3872,10.7157    ,52.8121,10.6823   ,53.2197,10.4363   ,53.4521,10.0285    ,53.405 ,9.50199   ,53.1183,9.10859   ,52.7458,8.87286   ,52.2581,8.74779   ,52.3642,-9.83952  ,0.465163   ,502,118560,48.8956,14.9408,120.912,0
1637,51.7614,8.93969   ,52.1462,9.01562    ,52.4543,9.15677  ,52.7678,9.37921   ,52.9447,9.67943   ,52.8271,10.0151   ,52.488 ,10.2388    ,52.1475,10.3122   ,51.7584,10.3441   ,51.4268,10.3508     ,51.0301,10.3593   ,50.6998,10.3383   ,51.7614,8.93969   ,51.8714,9.23909    ,52.0612,9.38383   ,52.2912,9.5299    ,52.4444,9.69886   ,52.266 ,9.85979    ,51.9107,9.93397    ,51.6378,9.97321   ,51.3669,10.014     ,51.1455,10.055    ,50.884 ,10.1307   ,50.6998,10.3383   ,51.2665,10.5867   ,51.8163,10.6471   ,52.2629,10.6684    ,52.7627,10.6368   ,53.15  ,10.512    ,53.435 ,10.1122    ,53.4303,9.58635   ,53.1831,9.17133   ,52.7712,8.88951   ,52.3453,8.76282   ,52.3075,-9.86536  ,0.406661   ,514,120660,49.8667,16.7715,122.669,0
1638,51.7206,9.08689   ,52.0908,9.07927    ,52.4942,9.19827  ,52.7908,9.40024   ,52.9586,9.72434   ,52.7936,10.061    ,52.458 ,10.2588    ,52.094 ,10.3226   ,51.6814,10.3445   ,51.3311,10.3446     ,50.9612,10.3384   ,50.5985,10.2812   ,51.7206,9.08689   ,51.8683,9.3174     ,52.1026,9.44204   ,52.3159,9.55794   ,52.4692,9.7416    ,52.2431,9.90008    ,51.8847,9.95709    ,51.5884,9.98745   ,51.3012,10.0167    ,51.0716,10.0463   ,50.8335,10.0957   ,50.5985,10.2812   ,51.1873,10.5849   ,51.704 ,10.6423   ,52.1804,10.6692    ,52.7126,10.6463   ,53.1212,10.5307   ,53.4011,10.1638    ,53.4393,9.62902   ,53.2022,9.18183   ,52.8007,8.91745   ,52.2232,8.82625   ,52.2869,-9.88682  ,0.404904   ,513,119103,51.4513,16.7168,121.841,0
1639,51.8333,9.06928   ,52.2012,9.09143    ,52.5339,9.2196   ,52.8216,9.45265   ,52.8568,9.81085   ,52.6512,10.0957   ,52.3497,10.2601    ,51.997 ,10.3227   ,51.5936,10.3491   ,51.2464,10.3573     ,50.88  ,10.3682   ,50.555 ,10.347    ,51.8333,9.06928   ,51.9631,9.32476    ,52.1719,9.46929   ,52.3908,9.64374   ,52.3581,9.84916   ,52.059 ,9.9276     ,51.7403,9.96553    ,51.4553,9.99388   ,51.1814,10.0262    ,50.963 ,10.0624   ,50.7411,10.1265   ,50.555 ,10.347    ,51.1155,10.6073   ,51.6446,10.6514   ,52.1233,10.6671    ,52.6481,10.6395   ,53.0469,10.5261   ,53.3042,10.2089    ,53.38  ,9.70179   ,53.2047,9.19894   ,52.8178,8.92993   ,52.3531,8.83655   ,52.2476,-9.90849  ,0.443653   ,497,115704,49.0442,17.4372,120.669,0
1640,52.0883,8.95552   ,52.4304,9.09059    ,52.6722,9.28808  ,52.8408,9.57009   ,52.746 ,9.92121   ,52.4935,10.1457   ,52.1745,10.2705    ,51.8423,10.3245   ,51.5302,10.3467   ,51.1638,10.3517     ,50.8278,10.3476   ,50.5286,10.277    ,52.0883,8.95552   ,52.1125,9.26309    ,52.2413,9.46564   ,52.351 ,9.68693   ,52.1635,9.86554   ,51.8791,9.92348    ,51.6092,9.95855    ,51.373 ,9.98703   ,51.1749,10.0136    ,50.9532,10.0515   ,50.7489,10.1033   ,50.5286,10.277    ,50.996 ,10.5956   ,51.4801,10.6557   ,51.9911,10.6746    ,52.412 ,10.6509   ,52.8271,10.56     ,53.1765,10.3254    ,53.3683,9.91941   ,53.3126,9.38463   ,53.0479,9.05595   ,52.6835,8.87639   ,52.2216,-9.92185  ,0.452725   ,489,113168,46.0165,16.6582,114.426,0
1641,52.3322,8.83574   ,52.6105,9.05154    ,52.7788,9.31818  ,52.8112,9.65967   ,52.6636,9.93709   ,52.3916,10.1542   ,52.0888,10.2764    ,51.7468,10.3444   ,51.4313,10.3794   ,51.1127,10.4019     ,50.761 ,10.4043   ,50.45  ,10.3838   ,52.3322,8.83574   ,52.2881,9.19104    ,52.332 ,9.46029   ,52.2568,9.72645   ,52.0365,9.86466   ,51.7613,9.93878    ,51.5101,9.98184    ,51.2636,10.0217   ,51.0607,10.061     ,50.8671,10.1106   ,50.6555,10.1861   ,50.45  ,10.3838   ,50.9609,10.6198   ,51.4631,10.6873   ,51.9087,10.688     ,52.3318,10.6522   ,52.7592,10.5439   ,53.1003,10.3236    ,53.3431,9.94591   ,53.3803,9.51751   ,53.1941,9.10349   ,52.8819,8.8541    ,52.1974,-9.93026  ,0.478612   ,491,113970,45.0707,17.086 ,115.255,0
1642,52.4109,8.86424   ,52.6879,9.06411    ,52.871 ,9.37608  ,52.8345,9.69978   ,52.6168,9.95768   ,52.3448,10.1344   ,52.0362,10.2563    ,51.6877,10.3333   ,51.3533,10.3845   ,50.9983,10.4289     ,50.6601,10.4695   ,50.3726,10.4954   ,52.4109,8.86424   ,52.3791,9.20947    ,52.4324,9.48673   ,52.3024,9.71777   ,52.0185,9.84131   ,51.7377,9.90646    ,51.46  ,9.96414    ,51.1941,10.0279   ,50.9708,10.0919    ,50.7468,10.1686   ,50.5338,10.2692   ,50.3726,10.4954   ,50.8914,10.6567   ,51.3684,10.675    ,51.8513,10.6612    ,52.2865,10.6198   ,52.7047,10.5208   ,53.0352,10.3175    ,53.2828,10.0168   ,53.3998,9.6068    ,53.2847,9.18169   ,52.9337,8.85184   ,52.1893,-9.90668  ,0.52347    ,489,112925,45.7289,16.7223,113.841,0
1643,52.4808,8.4741    ,52.6891,8.78955    ,52.8206,9.0986   ,52.851 ,9.48845   ,52.7169,9.80466   ,52.4602,10.036    ,52.1458,10.18      ,51.8145,10.2754   ,51.443 ,10.3554   ,51.0854,10.4067     ,50.7238,10.4405   ,50.406 ,10.447    ,52.4808,8.4741    ,52.3982,8.87801    ,52.4383,9.20223   ,52.4105,9.5333    ,52.2118,9.72434   ,51.9354,9.82449    ,51.6401,9.89633    ,51.349 ,9.97055   ,51.0758,10.059     ,50.8464,10.1409   ,50.6183,10.2323   ,50.406 ,10.447    ,50.9455,10.64     ,51.4469,10.6579   ,51.9228,10.6311    ,52.3781,10.5549   ,52.7435,10.4315   ,53.0691,10.1923    ,53.277 ,9.80426   ,53.3054,9.34397   ,53.1734,8.90343   ,52.9346,8.61811   ,52.1801,-9.8526   ,0.590567   ,487,112672,48.0812,15.0398,115.255,0
1644,52.568 ,8.48785   ,52.745 ,8.84548    ,52.8371,9.1342   ,52.841 ,9.52524   ,52.6632,9.81675   ,52.3711,10.0338   ,52.0868,10.1572    ,51.7421,10.2554   ,51.3726,10.3399   ,51.0261,10.3963     ,50.6722,10.4273   ,50.3633,10.4232   ,52.568 ,8.48785   ,52.4141,8.88668    ,52.4324,9.17366   ,52.3935,9.5041    ,52.1854,9.68555   ,51.9112,9.7899     ,51.6603,9.86268    ,51.3599,9.94401   ,51.0741,10.037     ,50.8396,10.1257   ,50.6004,10.2156   ,50.3633,10.4232   ,50.8578,10.6324   ,51.3317,10.6513   ,51.7809,10.6201    ,52.2251,10.5412   ,52.6096,10.4179   ,52.9219,10.225     ,53.2097,9.87419   ,53.3118,9.45129   ,53.217 ,8.99756   ,53.0391,8.71014   ,52.15  ,-9.82481  ,0.596291   ,485,113621,47.5238,13.4952,116.083,0
1645,52.6008,8.48552   ,52.7582,8.81906    ,52.8403,9.1473   ,52.8209,9.53306   ,52.6619,9.80694   ,52.3613,10.0283   ,52.0527,10.1558    ,51.7202,10.2452   ,51.3554,10.3218   ,51.0175,10.3765     ,50.676 ,10.4124   ,50.3302,10.4061   ,52.6008,8.48552   ,52.4393,8.83136    ,52.4278,9.15412   ,52.3556,9.4831    ,52.1639,9.66652   ,51.8787,9.77861    ,51.6164,9.85472    ,51.3452,9.92957   ,51.0681,10.0135    ,50.8268,10.0969   ,50.5923,10.192    ,50.3302,10.4061   ,50.8705,10.6244   ,51.323 ,10.6399   ,51.7514,10.6097    ,52.1937,10.5374   ,52.5798,10.4269   ,52.9274,10.2315    ,53.22  ,9.87987   ,53.3101,9.49083   ,53.237 ,9.04417   ,53.046 ,8.71751   ,52.1196,-9.82853  ,0.572904   ,494,115100,47.5819,14.0097,117.841,0
1646,52.5255,8.48629   ,52.7434,8.84825    ,52.8519,9.19189  ,52.82  ,9.54797   ,52.5902,9.86406   ,52.2998,10.047    ,51.9196,10.1779    ,51.546 ,10.2655   ,51.2015,10.3329   ,50.8433,10.3916     ,50.4869,10.4352   ,50.1194,10.4624   ,52.5255,8.48629   ,52.4102,8.89221    ,52.4416,9.22149   ,52.3676,9.50938   ,52.0889,9.69801   ,51.7935,9.78962    ,51.4414,9.87798    ,51.1309,9.95602   ,50.8764,10.0316    ,50.6382,10.1221   ,50.4067,10.2279   ,50.1194,10.4624   ,50.682 ,10.6304   ,51.1691,10.6433   ,51.6438,10.6127    ,52.0721,10.5512   ,52.4983,10.4502   ,52.8948,10.2619    ,53.1647,9.96472   ,53.3038,9.48959   ,53.244 ,9.06099   ,53.0329,8.71008   ,52.0636,-9.84295  ,0.535488   ,506,116319,50.4873,14.7402,124.083,0
1647,52.5917,8.55298   ,52.7527,8.90211    ,52.8555,9.28559  ,52.7812,9.62082   ,52.5199,9.88914   ,52.1773,10.0847   ,51.8679,10.1891    ,51.4795,10.2685   ,51.1299,10.336    ,50.7789,10.4193     ,50.388 ,10.5289   ,50.0653,10.5851   ,52.5917,8.55298   ,52.4244,8.93753    ,52.4423,9.31084   ,52.3205,9.58246   ,52.0469,9.72568   ,51.732 ,9.80904    ,51.4539,9.87179    ,51.122 ,9.94321   ,50.8456,10.0148    ,50.5879,10.1145   ,50.3059,10.2754   ,50.0653,10.5851   ,50.5763,10.752    ,51.0864,10.6941   ,51.5314,10.633     ,51.9516,10.5726   ,52.3874,10.4785   ,52.7236,10.3145    ,53.0828,9.98472   ,53.2898,9.56974   ,53.2568,9.16233   ,53.0466,8.77326   ,51.9807,-9.88964  ,0.509187   ,507,118287,50.0884,13.6545,122.326,0
1648,52.4927,8.61697   ,52.7593,8.97588    ,52.826 ,9.31744  ,52.6969,9.69977   ,52.3905,9.96894   ,52.0163,10.1336   ,51.6759,10.2254    ,51.2579,10.3239   ,50.8934,10.4146   ,50.5331,10.5269     ,50.1471,10.695    ,49.8499,10.8936   ,52.4927,8.61697   ,52.4286,9.06579    ,52.4468,9.3791    ,52.2357,9.64976   ,51.8852,9.76863   ,51.5171,9.85781    ,51.192 ,9.93214    ,50.8297,10.031    ,50.5487,10.139     ,50.2758,10.2832   ,49.9775,10.4997   ,49.8499,10.8936   ,50.4187,10.8369   ,50.908 ,10.7289   ,51.3602,10.658     ,51.8067,10.5882   ,52.2767,10.4904   ,52.6249,10.3731    ,52.9972,10.1054   ,53.2203,9.65353   ,53.205 ,9.13712   ,53.0416,8.78334   ,51.8456,-9.96914  ,0.478402   ,517,120638,53.3196,14.9841,127.154,0
1649,52.6323,8.59776   ,52.787 ,8.98857    ,52.8117,9.3964   ,52.66  ,9.75333   ,52.3617,9.98624   ,52.0022,10.128    ,51.6342,10.2401    ,51.2602,10.3516   ,50.8723,10.4601   ,50.5333,10.5648     ,50.1404,10.7037   ,49.7897,10.7937   ,52.6323,8.59776   ,52.4687,8.98223    ,52.4178,9.34164   ,52.2055,9.62057   ,51.8904,9.75691   ,51.5496,9.84207    ,51.2139,9.93321    ,50.8939,10.0374   ,50.5944,10.1549    ,50.3441,10.2768   ,50.0463,10.4572   ,49.7897,10.7937   ,50.3446,10.9114   ,50.8355,10.8148   ,51.2624,10.7334    ,51.7343,10.6339   ,52.1613,10.516    ,52.5587,10.3801    ,52.9303,10.1612   ,53.1788,9.80048   ,53.2185,9.33379   ,53.0773,8.88659   ,51.8056,-10.0176  ,0.473992   ,517,119403,52.8345,14.0255,124.569,0
1650,52.7478,8.73622   ,52.7996,9.12554    ,52.75  ,9.49725  ,52.5478,9.83102   ,52.2357,10.0313   ,51.8969,10.171    ,51.5397,10.2848    ,51.1666,10.3917   ,50.8476,10.487    ,50.4764,10.6097     ,50.1114,10.7516   ,49.7915,10.866    ,52.7478,8.73622   ,52.5222,9.031      ,52.401 ,9.32348   ,52.1623,9.59529   ,51.8572,9.74881   ,51.5334,9.85367    ,51.1967,9.951      ,50.8769,10.0607   ,50.6273,10.17      ,50.342 ,10.3135   ,50.0429,10.5088   ,49.7915,10.866    ,50.2808,10.9545   ,50.7171,10.8681   ,51.1738,10.7715    ,51.5636,10.6921   ,51.9867,10.5872   ,52.3595,10.4531    ,52.7087,10.2664   ,53.0088,9.99025   ,53.1308,9.55305   ,53.0748,9.09613   ,51.749 ,-10.067   ,0.474897   ,497,115967,50.5745,12.5177,122.225,0
1651,52.9549,8.76291   ,52.8634,9.16251    ,52.752 ,9.48649  ,52.5596,9.77841   ,52.2716,10.0026   ,51.91  ,10.1705   ,51.5977,10.2789    ,51.2131,10.3939   ,50.8771,10.4932   ,50.5362,10.6112     ,50.1959,10.7565   ,49.8928,10.9199   ,52.9549,8.76291   ,52.5609,9.00896    ,52.4127,9.28737   ,52.2289,9.53861   ,51.9621,9.7031    ,51.6213,9.83389    ,51.3198,9.93691    ,50.9625,10.0528   ,50.666 ,10.1587    ,50.3813,10.299    ,50.093 ,10.4914   ,49.8928,10.9199   ,50.4085,10.97     ,50.8058,10.8797   ,51.2003,10.7929    ,51.5755,10.7029   ,51.9818,10.5864   ,52.3017,10.468     ,52.6836,10.2384   ,52.9708,9.92877   ,53.1354,9.57986   ,53.1961,9.20972   ,51.7467,-10.0798  ,0.486809   ,485,113177,49.4034,11.407 ,118.225,0
1652,53.0571,8.77472   ,52.9155,9.14633    ,52.7473,9.51073  ,52.5194,9.81455   ,52.2225,10.0554   ,51.9137,10.2001   ,51.5419,10.3229    ,51.1532,10.4412   ,50.8167,10.547    ,50.4132,10.6854     ,50.0689,10.824    ,49.7632,10.9517   ,53.0571,8.77472   ,52.6534,8.9525     ,52.4456,9.2762    ,52.2184,9.55576   ,51.9289,9.7602    ,51.6181,9.87422    ,51.2462,9.98194    ,50.8777,10.0983   ,50.5996,10.2244    ,50.2761,10.3981   ,49.9838,10.5844   ,49.7632,10.9517   ,50.2661,11.0169   ,50.6667,10.9293   ,51.1475,10.8341    ,51.54  ,10.7497   ,51.9469,10.6302   ,52.3122,10.4864    ,52.6188,10.2852   ,52.9093,9.97617   ,53.1065,9.64201   ,53.2188,9.23641   ,51.7056,-10.1185  ,0.484664   ,496,115224,51.3276,11.7075,120.811,0
1653,52.9544,8.76446   ,52.8819,9.17616    ,52.7191,9.53892  ,52.4913,9.82306   ,52.2096,10.0513   ,51.8773,10.2221   ,51.5172,10.338     ,51.1292,10.4415   ,50.7321,10.5509   ,50.3918,10.6723     ,50.0629,10.8186   ,49.7207,10.9699   ,52.9544,8.76446   ,52.5736,9.01684    ,52.3838,9.34863   ,52.1461,9.59946   ,51.8728,9.77271   ,51.5597,9.90783    ,51.2118,10.0094    ,50.8526,10.1062   ,50.5258,10.2309    ,50.2503,10.3843   ,49.9725,10.5811   ,49.7207,10.9699   ,50.2596,11.0061   ,50.646 ,10.9157   ,51.0526,10.837     ,51.518 ,10.7475   ,51.9304,10.6363   ,52.2912,10.4971    ,52.6418,10.2645   ,52.9229,9.9572    ,53.1142,9.62953   ,53.2212,9.22865   ,51.7115,-10.1034  ,0.488553   ,501,115265,51.6287,11.695 ,122.811,0
1654,53.0473,8.6927    ,52.9036,9.09568    ,52.726 ,9.44398  ,52.5125,9.72408   ,52.2394,9.97049   ,51.9094,10.1718   ,51.5252,10.32      ,51.1668,10.433    ,50.7926,10.5427   ,50.4581,10.6527     ,50.0728,10.8242   ,49.7847,10.9717   ,53.0473,8.6927    ,52.6388,8.91043    ,52.4043,9.23587   ,52.1632,9.50641   ,51.8872,9.71586   ,51.5758,9.87018    ,51.2125,10.001     ,50.8844,10.1099   ,50.5657,10.2262    ,50.285 ,10.351    ,49.9614,10.5813   ,49.7847,10.9717   ,50.2901,11.0151   ,50.7436,10.9127   ,51.1289,10.8275    ,51.5535,10.7246   ,51.9374,10.6056   ,52.3361,10.4276    ,52.6869,10.151    ,52.9425,9.851     ,53.1063,9.55546   ,53.2105,9.18056   ,51.6808,-10.0908  ,0.504301   ,503,116396,51.5687,11.5765,122.468,0
1655,52.9641,8.68542   ,52.8656,9.11029    ,52.7003,9.47129  ,52.472 ,9.77447   ,52.1642,10.0194   ,51.843 ,10.1673   ,51.4811,10.2943    ,51.1143,10.4248   ,50.7285,10.5449   ,50.3424,10.6851     ,50.0159,10.8388   ,49.6849,10.9786   ,52.9641,8.68542   ,52.5654,8.93497    ,52.3903,9.27101   ,52.1333,9.54819   ,51.8255,9.74252   ,51.5189,9.85141    ,51.175 ,9.96105    ,50.8569,10.0962   ,50.5366,10.228     ,50.2148,10.385    ,49.9281,10.5691   ,49.6849,10.9786   ,50.21  ,11.0544   ,50.5815,10.9404   ,51.0299,10.8262    ,51.4794,10.7173   ,51.8903,10.5909   ,52.2729,10.4446    ,52.6104,10.2277   ,52.9007,9.90428   ,53.0688,9.56797   ,53.1993,9.18506   ,51.6465,-10.0938  ,0.501134   ,506,117795,52.4288,11.7659,123.882,0
1656,52.8976,8.7576    ,52.8193,9.16008    ,52.6449,9.53251  ,52.3798,9.8462    ,52.0827,10.0498   ,51.7241,10.2043   ,51.314 ,10.3464    ,50.9402,10.4635   ,50.5693,10.5863   ,50.1998,10.7469     ,49.8877,10.9307   ,49.5564,11.1476   ,52.8976,8.7576    ,52.5447,9.00557    ,52.3171,9.34259   ,52.017 ,9.63345   ,51.7225,9.78555   ,51.3779,9.89573    ,50.9877,10.0182    ,50.654 ,10.1326   ,50.3459,10.2655    ,50.0329,10.454    ,49.7623,10.6936   ,49.5564,11.1476   ,50.1157,11.1027   ,50.4719,10.9861   ,50.8983,10.8695    ,51.3337,10.7611   ,51.7453,10.6404   ,52.1707,10.4746    ,52.5465,10.2569   ,52.8305,9.9775    ,53.0334,9.62303   ,53.1282,9.20265   ,51.5393,-10.147   ,0.481505   ,518,119897,53.557 ,12.0384,125.882,0
1657,52.8805,8.85614   ,52.7472,9.28052    ,52.5725,9.61609  ,52.2876,9.89662   ,51.9475,10.0892   ,51.5653,10.2356   ,51.2369,10.3509    ,50.849 ,10.486    ,50.4538,10.6182   ,50.1112,10.7557     ,49.7696,10.9268   ,49.4397,11.1179   ,52.8805,8.85614   ,52.4678,9.08954    ,52.2817,9.38364   ,52.0333,9.6125    ,51.7136,9.75647   ,51.3286,9.88052    ,51.0096,9.99243    ,50.6521,10.1338   ,50.2945,10.2742    ,49.9815,10.4291   ,49.668 ,10.6462   ,49.4397,11.1179   ,49.9829,11.1475   ,50.3557,11.031    ,50.7265,10.923     ,51.1581,10.8006   ,51.5738,10.6701   ,51.9104,10.5522    ,52.2944,10.3703   ,52.6502,10.0977   ,52.9354,9.74212   ,53.0686,9.35457   ,51.4232,-10.1861  ,0.465441   ,522,121276,53.1714,10.8989,125.882,0
1658,52.7916,9.01618   ,52.6476,9.39328    ,52.3919,9.75644  ,52.1046,9.97805   ,51.7331,10.1517   ,51.3563,10.288    ,50.9708,10.4199    ,50.6425,10.5363   ,50.2747,10.6839   ,49.8974,10.8399     ,49.4898,10.9777   ,49.1465,11.0209   ,52.7916,9.01618   ,52.381 ,9.1897     ,52.0666,9.51692   ,51.7712,9.70994   ,51.4079,9.83252   ,51.0544,9.95771    ,50.7005,10.088     ,50.4055,10.2057   ,50.088 ,10.3613    ,49.7678,10.5313   ,49.4306,10.7154   ,49.1465,11.0209   ,49.6684,11.2102   ,50.1375,11.1023   ,50.5664,10.9637    ,50.9875,10.8269   ,51.3517,10.7141   ,51.7666,10.5801    ,52.1648,10.4288   ,52.5411,10.1838   ,52.8017,9.90385   ,52.9702,9.48228   ,51.2448,-10.2546  ,0.434297   ,529,123507,53.5294,11.818 ,126.811,0
1659,52.9502,9.26235   ,52.6336,9.54463    ,52.2996,9.83623  ,52.0136,10.0299   ,51.6241,10.1846   ,51.2441,10.3125   ,50.8603,10.4469    ,50.4772,10.5832   ,50.1065,10.7305   ,49.7718,10.8633     ,49.349 ,10.9983   ,49.0059,11.0821   ,52.9502,9.26235   ,52.4721,9.28322    ,52.0809,9.52135   ,51.7893,9.69094   ,51.4067,9.83234   ,51.0228,9.95327    ,50.6461,10.0877    ,50.2841,10.2329   ,49.9432,10.393     ,49.6525,10.5501   ,49.2994,10.7454   ,49.0059,11.0821   ,49.5193,11.2179   ,50.0073,11.132    ,50.3769,11.0254    ,50.7773,10.8929   ,51.1846,10.7674   ,51.5738,10.6337    ,51.9515,10.5013   ,52.351 ,10.3043   ,52.6334,10.0576   ,52.8968,9.71231   ,51.1326,-10.3068  ,0.401951   ,525,121583,54.0096,10.7387,125.64 ,0
1660,52.768 ,9.27352   ,52.5678,9.62167    ,52.2491,9.92382  ,51.9257,10.0875   ,51.5372,10.2198   ,51.1473,10.3474   ,50.7698,10.4865    ,50.3931,10.6257   ,50.0658,10.746    ,49.6649,10.8957     ,49.2924,10.9879   ,48.9212,11.0147   ,52.768 ,9.27352   ,52.3505,9.39026    ,51.9946,9.62009   ,51.6693,9.76025   ,51.2783,9.87281   ,50.9044,9.99195    ,50.554 ,10.1306    ,50.2151,10.2764   ,49.9271,10.4032    ,49.5876,10.581    ,49.2695,10.7479   ,48.9212,11.0147   ,49.439 ,11.2063   ,49.863 ,11.1697   ,50.3134,11.0469    ,50.6802,10.9362   ,51.0917,10.8012   ,51.5009,10.6655    ,51.9077,10.531    ,52.2919,10.3703   ,52.6058,10.1564   ,52.8589,9.75231   ,51.0962,-10.3428  ,0.376538   ,512,118008,53.5405,11.1696,125.64 ,0
1661,52.8488,9.58394   ,52.5183,9.83513    ,52.2077,10.0016  ,51.883 ,10.1226   ,51.4944,10.242    ,51.1594,10.3436   ,50.7909,10.4779    ,50.4761,10.5937   ,50.1109,10.7329   ,49.7304,10.8806     ,49.382 ,10.9823   ,49.0644,11.0188   ,52.8488,9.58394   ,52.3676,9.53358    ,52.0355,9.65166   ,51.7026,9.75868   ,51.3077,9.87095   ,50.974 ,9.96962    ,50.6095,10.1016    ,50.3089,10.2225   ,49.9764,10.3763    ,49.6469,10.5534   ,49.3521,10.7152   ,49.0644,11.0188   ,49.5285,11.2241   ,49.9265,11.1657   ,50.3499,11.0485    ,50.7492,10.927    ,51.0754,10.8139   ,51.4543,10.6823    ,51.7947,10.5807   ,52.1722,10.4499   ,52.4861,10.3027   ,52.767 ,10.0739   ,51.0591,-10.3905  ,0.346833   ,495,115319,50.0606,10.5574,118.326,0
1662,52.8187,9.68201   ,52.4946,9.9078     ,52.113 ,10.0543  ,51.7722,10.1535   ,51.4369,10.2542   ,51.0736,10.391    ,50.7154,10.5313    ,50.3407,10.66     ,49.9696,10.7998   ,49.6278,10.9255     ,49.2547,11.0281   ,48.9391,11.1055   ,52.8187,9.68201   ,52.3584,9.60186    ,51.937 ,9.71283   ,51.5712,9.80353   ,51.2197,9.89493   ,50.8467,10.0231    ,50.494 ,10.1649    ,50.1421,10.3058   ,49.8065,10.4642    ,49.5178,10.6262   ,49.2173,10.7908   ,48.9391,11.1055   ,49.4175,11.2341   ,49.8572,11.1855   ,50.2397,11.0932    ,50.6466,10.9776   ,51.0406,10.8586   ,51.4018,10.7179    ,51.7635,10.5783   ,52.0869,10.4711   ,52.4012,10.36     ,52.7308,10.1597   ,50.9911,-10.4325  ,0.332923   ,500,115745,50.9268,10.9072,120.912,0
1663,52.9563,9.75976   ,52.5585,9.91705    ,52.2267,10.0279  ,51.8204,10.145    ,51.4714,10.243    ,51.0936,10.375    ,50.7365,10.5219    ,50.362 ,10.6556   ,50.0401,10.7749   ,49.6355,10.9206     ,49.2567,11.0239   ,48.9351,11.1023   ,52.9563,9.75976   ,52.4772,9.58142    ,52.1248,9.67557   ,51.686 ,9.78453   ,51.3089,9.8715    ,50.9126,9.99657    ,50.5492,10.1427    ,50.1862,10.2878   ,49.8866,10.4225    ,49.5422,10.6129   ,49.2332,10.7817   ,48.9351,11.1023   ,49.4075,11.2348   ,49.8504,11.1886   ,50.3023,11.0864    ,50.6453,10.9854   ,51.0279,10.8606   ,51.3774,10.7123    ,51.7482,10.5808   ,52.0727,10.4736   ,52.4414,10.3444   ,52.7457,10.2139   ,51.0101,-10.4293  ,0.329482   ,505,115766,52.0558,10.5817,122.326,0
1664,52.9377,9.72197   ,52.5516,9.91817    ,52.2323,10.0439  ,51.8347,10.171    ,51.4594,10.2586   ,51.0967,10.3533   ,50.7117,10.4975    ,50.3376,10.6542   ,50.0246,10.7838   ,49.6191,10.9266     ,49.2339,11.0326   ,48.9124,11.109    ,52.9377,9.72197   ,52.429 ,9.59136    ,52.0931,9.7013    ,51.6804,9.82546   ,51.2876,9.90472   ,50.9131,9.9924     ,50.5131,10.1333    ,50.1304,10.3065   ,49.8331,10.4485    ,49.4913,10.6279   ,49.1783,10.8044   ,48.9124,11.109    ,49.4189,11.2297   ,49.8701,11.1853   ,50.3232,11.0775    ,50.6492,10.9575   ,51.0189,10.8173   ,51.3958,10.6791    ,51.7576,10.5844   ,52.1085,10.4838   ,52.4802,10.347    ,52.7765,10.1995   ,51.0014,-10.4311  ,0.322901   ,501,116107,52.371 ,10.4328,122.912,0
1665,52.9463,9.71481   ,52.5494,9.89992    ,52.2133,10.0414  ,51.8227,10.181    ,51.4546,10.2769   ,51.0762,10.3668   ,50.6726,10.4974    ,50.3301,10.6224   ,49.9419,10.7719   ,49.548 ,10.9309     ,49.1867,11.0754   ,48.8574,11.1994   ,52.9463,9.71481   ,52.4861,9.57974    ,52.1308,9.67801   ,51.7187,9.81303   ,51.3343,9.9046    ,50.9458,9.99061    ,50.5417,10.1245    ,50.1913,10.2588   ,49.799 ,10.4262    ,49.4399,10.6138   ,49.1161,10.822    ,48.8574,11.1994   ,49.3769,11.2839   ,49.7737,11.1992   ,50.1935,11.0751    ,50.5828,10.9428   ,50.9165,10.8302   ,51.3292,10.7107    ,51.7012,10.619    ,52.0425,10.5128   ,52.4067,10.3613   ,52.7234,10.1684   ,50.9488,-10.4405  ,0.322736   ,507,117880,53.4468,10.0048,124.569,0
1666,52.9038,9.68139   ,52.5428,9.88772    ,52.1735,10.0559  ,51.7831,10.2025   ,51.4086,10.3058   ,51.0162,10.3976   ,50.6418,10.4981    ,50.2293,10.6291   ,49.8972,10.7561   ,49.5018,10.9278     ,49.1356,11.0755   ,48.778 ,11.1885   ,52.9038,9.68139   ,52.4103,9.58732    ,52.0164,9.72694   ,51.6139,9.86382   ,51.2215,9.95233   ,50.8177,10.0343    ,50.4429,10.1309    ,50.0545,10.2725   ,49.7462,10.4094    ,49.3884,10.611    ,49.0613,10.8156   ,48.778 ,11.1885   ,49.3348,11.2904   ,49.7324,11.193    ,50.1572,11.058     ,50.519 ,10.9467   ,50.963 ,10.8306   ,51.3432,10.7294    ,51.7257,10.6279   ,52.0695,10.5029   ,52.4374,10.3394   ,52.7768,10.1351   ,50.8978,-10.4511  ,0.3167     ,516,119718,54.0592,10.6919,127.983,0
1667,52.8336,9.67585   ,52.4725,9.91551    ,52.0958,10.1026  ,51.6828,10.2437   ,51.2874,10.3395   ,50.8908,10.4339   ,50.5096,10.5372    ,50.1373,10.6451   ,49.7325,10.789    ,49.3291,10.9657     ,48.959 ,11.1275   ,48.6133,11.2668   ,52.8336,9.67585   ,52.3316,9.61074    ,51.9501,9.77567   ,51.5116,9.89807   ,51.0923,9.97731   ,50.6891,10.0647    ,50.3194,10.1708    ,49.9685,10.2878   ,49.5919,10.4426    ,49.2264,10.6472   ,48.8935,10.8773   ,48.6133,11.2668   ,49.147 ,11.3269   ,49.5524,11.2292   ,49.9847,11.0907    ,50.4288,10.9658   ,50.8246,10.8676   ,51.2228,10.7705    ,51.6165,10.6711   ,51.9792,10.5534   ,52.352 ,10.3832   ,52.7174,10.1581   ,50.832 ,-10.4666  ,0.308543   ,527,121685,55.6246,10.8516,131.397,0
1668,52.7444,9.65509   ,52.3789,9.94926    ,52.0586,10.1167  ,51.644 ,10.25     ,51.2522,10.3427   ,50.8673,10.4393   ,50.4337,10.5615    ,50.0735,10.6727   ,49.6797,10.8172   ,49.2819,10.9754     ,48.9323,11.1591   ,48.6494,11.3916   ,52.7444,9.65509   ,52.2395,9.63678    ,51.9041,9.78003   ,51.4661,9.90725   ,51.0445,9.98711   ,50.6424,10.0767    ,50.2155,10.2059    ,49.8643,10.3255   ,49.4978,10.4903    ,49.1356,10.673    ,48.8127,10.9122   ,48.6494,11.3916   ,49.1647,11.3374   ,49.5451,11.2272   ,49.973 ,11.1025    ,50.3992,10.9805   ,50.774 ,10.8809   ,51.219 ,10.7689    ,51.5901,10.6669   ,51.9486,10.5598   ,52.3219,10.4065   ,52.6212,10.1914   ,50.762 ,-10.4889  ,0.312074   ,536,124909,55.2507,11.0497,129.983,0
1669,52.7474,9.65544   ,52.4007,9.92209    ,51.9969,10.1334  ,51.6208,10.2558   ,51.1457,10.3667   ,50.7449,10.4659   ,50.3685,10.5809    ,49.9407,10.7217   ,49.5156,10.8616   ,49.1556,11.0082     ,48.7356,11.2376   ,48.4483,11.4669   ,52.7474,9.65544   ,52.2436,9.63136    ,51.8154,9.81064   ,51.4213,9.91747   ,50.9204,10.0124   ,50.5202,10.1094    ,50.1541,10.228     ,49.7372,10.3714   ,49.3478,10.5263    ,49.022 ,10.6984   ,48.6261,11.0015   ,48.4483,11.4669   ,48.9601,11.4028   ,49.4111,11.2625   ,49.8022,11.1546    ,50.2657,11.0315   ,50.7071,10.8948   ,51.1002,10.7876    ,51.5065,10.6891   ,51.9524,10.5598   ,52.296 ,10.4044   ,52.6698,10.1409   ,50.6787,-10.513   ,0.316038   ,556,128954,57.8703,10.9792,134.811,0
1670,52.6504,9.77681   ,52.2603,9.98285    ,51.8849,10.1548  ,51.4975,10.2801   ,51.106 ,10.3775   ,50.6368,10.4987   ,50.2482,10.6182    ,49.8624,10.7548   ,49.4797,10.9075   ,49.1006,11.0674     ,48.7377,11.2539   ,48.4182,11.4545   ,52.6504,9.77681   ,52.1984,9.66737    ,51.8059,9.79232   ,51.4113,9.90372   ,51.0145,9.9978    ,50.5383,10.1088    ,50.1452,10.2294    ,49.7567,10.3791   ,49.3726,10.5517    ,48.9941,10.7492   ,48.6436,10.9928   ,48.4182,11.4545   ,48.9717,11.4379   ,49.3557,11.3196   ,49.7396,11.2012    ,50.1227,11.0773   ,50.5067,10.959    ,50.8915,10.8469    ,51.3546,10.7226   ,51.7396,10.6115   ,52.1169,10.4549   ,52.4634,10.2274   ,50.5857,-10.5504  ,0.327328   ,566,131872,56.1154,10.0361,137.882,0
1671,52.6352,9.60205   ,52.2848,9.95302    ,51.9351,10.1493  ,51.553 ,10.2677   ,51.081 ,10.3815   ,50.6808,10.484    ,50.3053,10.6091    ,49.8743,10.7709   ,49.4699,10.9297   ,49.059 ,11.1074     ,48.7054,11.324    ,48.4393,11.6098   ,52.6352,9.60205   ,52.1095,9.66634    ,51.7453,9.81501   ,51.3562,9.92707   ,50.858 ,10.0259   ,50.4602,10.1257    ,50.0895,10.2541    ,49.6522,10.4308   ,49.2655,10.6054    ,48.887 ,10.8067   ,48.5593,11.0971   ,48.4393,11.6098   ,48.9622,11.469    ,49.3518,11.3491   ,49.7881,11.2089    ,50.217 ,11.0648   ,50.6459,10.9204   ,51.0308,10.8053    ,51.4395,10.7045   ,51.8822,10.5748   ,52.2449,10.4309   ,52.5697,10.158    ,50.589 ,-10.5583  ,0.334242   ,565,132126,58.2037,10.9603,137.296,0
1672,52.6474,9.74258   ,52.2569,9.98327    ,51.8772,10.1617  ,51.4833,10.2892   ,51.0845,10.3815   ,50.6874,10.4878   ,50.2929,10.6117    ,49.9012,10.754    ,49.5122,10.9105   ,49.1238,11.0675     ,48.7429,11.2381   ,48.3903,11.4304   ,52.6474,9.74258   ,52.1721,9.66737    ,51.7824,9.80346   ,51.3884,9.91268   ,50.9921,10.0034   ,50.5954,10.0898    ,50.2035,10.212     ,49.8156,10.36     ,49.4328,10.5348    ,49.0531,10.724    ,48.6821,10.944    ,48.3903,11.4304   ,48.9505,11.4591   ,49.3497,11.3477   ,49.7469,11.2219    ,50.1432,11.0898   ,50.5395,10.9577   ,50.9376,10.8385    ,51.3368,10.7268   ,51.7366,10.6199   ,52.1277,10.4587   ,52.4818,10.2161   ,50.5667,-10.5631  ,0.33002    ,573,133703,56.4375,10.0965,136.811,0
1673,52.644 ,9.77681   ,52.2509,9.98868    ,51.8713,10.1607  ,51.3997,10.3041   ,51.0039,10.4039   ,50.6088,10.5102   ,50.2161,10.6341    ,49.7494,10.8092   ,49.3624,10.9643   ,48.9771,11.125      ,48.5952,11.2946   ,48.2359,11.4732   ,52.644 ,9.77681   ,52.1976,9.6623     ,51.8072,9.78538   ,51.3364,9.91802   ,50.9421,10.0131   ,50.5476,10.1059    ,50.1566,10.2253    ,49.6935,10.4064   ,49.3138,10.5887    ,48.9372,10.7856   ,48.568 ,11.0134   ,48.2359,11.4732   ,48.7732,11.5051   ,49.1702,11.3958   ,49.5662,11.2799    ,49.9606,11.1525   ,50.433 ,10.9946   ,50.8275,10.8685    ,51.2241,10.757    ,51.6219,10.6539   ,52.0905,10.4746   ,52.4456,10.2405   ,50.5179,-10.58    ,0.332488   ,587,135842,58.1149,10.0252,141.882,0
1674,52.6504,9.77042   ,52.2552,9.98558    ,51.8744,10.1589  ,51.4023,10.3035   ,51.0057,10.4026   ,50.6101,10.5089   ,50.2171,10.6344    ,49.75  ,10.8116   ,49.3622,10.9659   ,48.976 ,11.125      ,48.5966,11.2978   ,48.2551,11.4987   ,52.6504,9.77042   ,52.1941,9.65662    ,51.7998,9.7882    ,51.323 ,9.92101   ,50.9237,10.0158   ,50.5247,10.1131    ,50.129 ,10.2347    ,49.6609,10.4218   ,49.275 ,10.5999    ,48.8937,10.7986   ,48.5198,11.0282   ,48.2551,11.4987   ,48.8185,11.4908   ,49.2121,11.3862   ,49.604 ,11.2682    ,49.9945,11.141    ,50.4626,10.9853   ,50.8538,10.8628    ,51.2464,10.75     ,51.6404,10.6484   ,52.1041,10.4678   ,52.4579,10.2343   ,50.5156,-10.5789  ,0.331402   ,592,136798,58.1595,10.0742,142.711,0
1675,52.6504,9.76417   ,52.2565,9.98158    ,51.8761,10.1583  ,51.4037,10.3032   ,51.007 ,10.4022   ,50.6115,10.5117   ,50.2188,10.6401    ,49.751 ,10.8146   ,49.3624,10.9665   ,48.9769,11.1308     ,48.597 ,11.3032   ,48.2551,11.4987   ,52.6504,9.76417   ,52.1944,9.6503     ,51.8012,9.78766   ,51.3247,9.92065   ,50.9255,10.0155   ,50.5274,10.1184    ,50.1328,10.2461    ,49.6648,10.4327   ,49.278 ,10.605     ,48.8967,10.803    ,48.5228,11.0324   ,48.2551,11.4987   ,48.8167,11.4978   ,49.2104,11.3893   ,49.6025,11.2687    ,49.9936,11.1413   ,50.4624,10.9854   ,50.8541,10.8627    ,51.2472,10.7497   ,51.6418,10.648    ,52.1061,10.4668   ,52.4599,10.2323   ,50.521 ,-10.5793  ,0.333741   ,591,137321,58.1817,9.96856,141.882,0
1676,52.6754,9.76417   ,52.2894,9.9732     ,51.836 ,10.1743  ,51.4442,10.2972   ,51.049 ,10.397    ,50.655 ,10.5063   ,50.2639,10.6355    ,49.796 ,10.799    ,49.4079,10.9452   ,49.0225,11.1019     ,48.6491,11.2731   ,48.2988,11.4479   ,52.6754,9.76417   ,52.2141,9.65057    ,51.7485,9.81247   ,51.3564,9.91951   ,50.9621,10.0096   ,50.5694,10.1117    ,50.1806,10.2415    ,49.7167,10.4134   ,49.3332,10.5733    ,48.9558,10.7628   ,48.5962,10.9917   ,48.2988,11.4479   ,48.8462,11.4831   ,49.2431,11.3791   ,49.6377,11.2578    ,50.0307,11.1268   ,50.5035,10.9765   ,50.8983,10.8576    ,51.2936,10.742    ,51.6898,10.6328   ,52.0789,10.4797   ,52.5069,10.2192   ,50.5654,-10.5659  ,0.329872   ,586,136426,57.6942,9.99737,140.225,0
1677,52.6878,9.71375   ,52.319 ,9.95536    ,51.9505,10.1389  ,51.5618,10.2738   ,51.0889,10.3944   ,50.6953,10.4998   ,50.3047,10.626     ,49.915 ,10.7587   ,49.5273,10.902    ,49.1417,11.0535     ,48.7669,11.2225   ,48.4374,11.4043   ,52.6878,9.71375   ,52.2158,9.66088    ,51.8295,9.79589   ,51.4398,9.90647   ,50.9681,10.0082   ,50.577 ,10.1093    ,50.1898,10.2379    ,49.8047,10.3795   ,49.4227,10.5383    ,49.0445,10.7155   ,48.6813,10.94     ,48.4374,11.4043   ,48.9954,11.4299   ,49.3923,11.327    ,49.7876,11.2115    ,50.1812,11.0844   ,50.5757,10.9629   ,50.971 ,10.8476    ,51.3671,10.7384   ,51.8406,10.5946   ,52.2249,10.4155   ,52.5593,10.1689   ,50.6188,-10.5482  ,0.324748   ,578,134036,56.3938,10.2622,136.811,0
1678,52.7725,9.71024   ,52.3488,9.96369    ,51.9977,10.1387  ,51.571 ,10.2831   ,51.1771,10.381    ,50.7862,10.4814   ,50.3541,10.6126    ,49.9402,10.755    ,49.5377,10.9022   ,49.1247,11.0673     ,48.7332,11.2475   ,48.4182,11.437    ,52.7725,9.71024   ,52.2103,9.64815    ,51.8423,9.80104   ,51.393 ,9.93619   ,50.972 ,10.0226   ,50.5785,10.1234    ,50.139 ,10.252     ,49.7332,10.4033   ,49.3512,10.5652    ,48.9768,10.7527   ,48.6342,11.003    ,48.4182,11.437    ,48.9627,11.4274   ,49.3976,11.33     ,49.8369,11.1956    ,50.2655,11.0664   ,50.6893,10.9336   ,51.1215,10.8043    ,51.5145,10.7073   ,51.8774,10.5954   ,52.269 ,10.424    ,52.6057,10.2148   ,50.669 ,-10.5364  ,0.322887   ,564,130163,57.7524,10.7445,135.397,0
1679,52.7613,9.69116   ,52.3851,9.94801    ,52.0516,10.1164  ,51.6444,10.2543   ,51.2778,10.3507   ,50.856 ,10.4658   ,50.4996,10.5674    ,50.0974,10.6949   ,49.7032,10.8291   ,49.303 ,10.9679     ,48.9325,11.0786   ,48.5765,11.1949   ,52.7613,9.69116   ,52.2289,9.65343    ,51.8817,9.796     ,51.458 ,9.92236   ,51.0593,10.0029   ,50.6221,10.111     ,50.2647,10.213     ,49.8715,10.3479   ,49.5028,10.4984    ,49.1539,10.6604   ,48.8508,10.8159   ,48.5765,11.1949   ,49.1383,11.304    ,49.5714,11.2375   ,50.015 ,11.12      ,50.4368,11.0044   ,50.8521,10.8871   ,51.209 ,10.7868    ,51.6191,10.667    ,51.9507,10.5522   ,52.3339,10.3873   ,52.6492,10.1777   ,50.7631,-10.4927  ,0.309205   ,533,123763,54.8227,10.977 ,128.326,0
1680,52.705 ,9.6668    ,52.4011,9.91052    ,52.0569,10.1027  ,51.6976,10.2429   ,51.3742,10.3319   ,50.993 ,10.4278   ,50.6187,10.5287    ,50.2446,10.6328   ,49.914 ,10.7155   ,49.513 ,10.7885     ,49.158 ,10.8267   ,48.8134,10.8513   ,52.705 ,9.6668    ,52.2643,9.61997    ,51.9189,9.76547   ,51.568 ,9.89309   ,51.2396,9.96787   ,50.8559,10.048     ,50.4922,10.1382    ,50.1471,10.2388   ,49.8544,10.326     ,49.4976,10.4253   ,49.1694,10.522    ,48.8134,10.8513   ,49.2628,11.1217   ,49.6455,11.1359   ,50.0848,11.0788    ,50.4507,10.9978   ,50.8511,10.8894   ,51.2381,10.7796    ,51.6185,10.6685   ,51.932 ,10.5586   ,52.2952,10.3912   ,52.6308,10.1392   ,50.8578,-10.4288  ,0.270955   ,510,119333,50.6248,10.2101,121.255,0
1681,52.835 ,9.62652   ,52.5071,9.85112    ,52.1843,10.0246  ,51.8501,10.1788   ,51.4892,10.2988   ,51.0986,10.396    ,50.7562,10.4784    ,50.3382,10.5664   ,50.0161,10.6018   ,49.6329,10.5868     ,49.2496,10.4784   ,48.9515,10.3172   ,52.835 ,9.62652   ,52.3984,9.52795    ,52.0843,9.66608   ,51.7784,9.80301   ,51.4388,9.90797   ,51.0563,9.98764    ,50.7343,10.0607    ,50.3705,10.1535   ,50.105 ,10.2081    ,49.7707,10.2281   ,49.3892,10.178    ,48.9515,10.3172   ,49.2086,10.8196   ,49.6194,10.9602   ,50.0582,10.9872    ,50.43  ,10.9579   ,50.8934,10.8687   ,51.2535,10.7767    ,51.6479,10.6598   ,52.0193,10.5141   ,52.3776,10.3366   ,52.7049,10.1202   ,50.93  ,-10.3412  ,0.212944   ,507,118018,50.828 ,10.0992,120.669,0
1682,52.803 ,9.63192   ,52.4841,9.86391    ,52.1815,10.017   ,51.8301,10.1816   ,51.4969,10.2913   ,51.1392,10.3859   ,50.8069,10.4544    ,50.4476,10.4901   ,50.034 ,10.45     ,49.7353,10.3177     ,49.4667,10.0829   ,49.2704,9.79729   ,52.803 ,9.63192   ,52.3731,9.52758    ,52.0943,9.64241   ,51.7934,9.78527   ,51.495 ,9.87674   ,51.1716,9.95296    ,50.8907,10.0163    ,50.601 ,10.0636   ,50.2417,10.0588    ,49.9542,9.98788   ,49.677 ,9.85578   ,49.2704,9.79729   ,49.3215,10.3807   ,49.6076,10.704    ,49.938 ,10.8663    ,50.4167,10.9118   ,50.8377,10.8726   ,51.2121,10.7928    ,51.5978,10.6778   ,51.9571,10.541    ,52.355 ,10.348    ,52.6798,10.1542   ,51.0183,-10.2535  ,0.143841   ,497,114674,49.0934,10.6453,116.912,0
1683,52.8208,9.5918    ,52.5623,9.81465    ,52.2607,9.98237  ,51.9591,10.1326   ,51.6467,10.2639   ,51.3269,10.3554   ,50.9698,10.4202    ,50.621 ,10.4387   ,50.2936,10.3597   ,50.0434,10.1963     ,49.8279,9.928     ,49.7049,9.63395   ,52.8208,9.5918    ,52.4645,9.4953     ,52.1972,9.5856    ,51.957 ,9.71311   ,51.6961,9.82683   ,51.4289,9.903      ,51.1395,9.96182    ,50.8375,9.98778   ,50.5366,9.95135    ,50.3046,9.85273   ,50.0681,9.6952    ,49.7049,9.63395   ,49.6376,10.2414   ,49.8587,10.6058   ,50.1413,10.8051    ,50.4995,10.8921   ,50.9037,10.8642   ,51.3223,10.7848    ,51.6799,10.6705   ,52.0368,10.5173   ,52.4001,10.3384   ,52.7318,10.0896   ,51.1386,-10.1928  ,0.110792   ,479,110730,45.6484,11.8401,111.497,0
1684,52.8499,9.58881   ,52.5558,9.82971    ,52.2318,10.0008  ,51.9209,10.1589   ,51.5702,10.2938   ,51.2054,10.3658   ,50.8785,10.3881    ,50.5395,10.3479   ,50.2307,10.1247   ,50.1203,9.79522     ,50.1401,9.45721   ,50.2578,9.12251   ,52.8499,9.58881   ,52.4924,9.50574    ,52.2018,9.58883   ,51.9532,9.70928   ,51.7101,9.82056   ,51.4689,9.89756    ,51.2495,9.9531     ,50.9881,9.99071   ,50.6695,9.91836    ,50.4797,9.69501   ,50.3707,9.42451   ,50.2578,9.12251   ,49.8964,9.57002   ,49.7701,9.98357   ,49.8432,10.3996    ,50.1786,10.7289   ,50.6141,10.8216   ,51.0507,10.8191    ,51.5263,10.7385   ,51.9676,10.5709   ,52.3418,10.3706   ,52.6966,10.1098   ,51.1725,-10.1258  ,0.0559561  ,484,111581,48.5633,13.4358,117.74 ,0
1685,52.8396,9.57137   ,52.5511,9.81622    ,52.2533,9.99673  ,51.9688,10.1433   ,51.6482,10.2742   ,51.3176,10.3488   ,50.9678,10.3757    ,50.6117,10.3093   ,50.3729,10.0655   ,50.3267,9.75447     ,50.4246,9.4148    ,50.5973,9.13796   ,52.8396,9.57137   ,52.5179,9.5008     ,52.2627,9.56554   ,52.0373,9.66591   ,51.7998,9.78298   ,51.5726,9.86813    ,51.326 ,9.93526    ,51.0462,9.97627   ,50.8148,9.89093    ,50.7335,9.69084   ,50.7381,9.43198   ,50.5973,9.13796   ,50.0765,9.47692   ,49.9144,9.90918   ,49.9704,10.3195    ,50.2571,10.6762   ,50.7079,10.8136   ,51.1618,10.8134    ,51.5831,10.7375   ,51.9781,10.5831   ,52.329 ,10.3796   ,52.6658,10.0778   ,51.2257,-10.0853  ,0.0295063  ,484,111729,46.7192,13.1727,112.569,0
1686,52.6338,9.60423   ,52.4253,9.86623    ,52.1185,10.0665  ,51.8187,10.2149   ,51.4979,10.3252   ,51.1828,10.3764   ,50.8299,10.364     ,50.553 ,10.202    ,50.4299,9.88726   ,50.477 ,9.53786     ,50.599 ,9.25209   ,50.7766,8.97549   ,52.6338,9.60423   ,52.3299,9.55412    ,52.0883,9.63561   ,51.8739,9.74741   ,51.6576,9.85402   ,51.4487,9.92993    ,51.1951,9.98124    ,50.9674,9.93954   ,50.8606,9.74389    ,50.873 ,9.49207   ,50.9007,9.26982   ,50.7766,8.97549   ,50.2587,9.3134    ,50.055 ,9.66814   ,50.0095,10.1182    ,50.1943,10.5256   ,50.5482,10.7625   ,51.0086,10.8149    ,51.4243,10.7741   ,51.8372,10.6491   ,52.2267,10.4535   ,52.5911,10.1222   ,51.2489,-10.0348  ,-0.0250411 ,485,113250,45.834 ,12.4393,113.74 ,0
1687,52.7951,9.55581   ,52.5309,9.8194     ,52.2424,10.0025  ,51.9264,10.1639   ,51.5634,10.2999   ,51.2093,10.3542   ,50.8609,10.2944    ,50.5908,10.0832   ,50.5046,9.74911   ,50.5789,9.39247     ,50.7116,9.06359   ,50.8702,8.77505   ,52.7951,9.55581   ,52.4859,9.50092    ,52.2501,9.56666   ,52.014 ,9.67979   ,51.7675,9.80812   ,51.521 ,9.89341    ,51.2509,9.92401    ,51.0114,9.84093   ,50.9238,9.60692    ,50.9494,9.32946   ,50.99  ,9.06093   ,50.8702,8.77505   ,50.3993,9.14561   ,50.1789,9.54167   ,50.0858,9.98196    ,50.2202,10.3946   ,50.5537,10.6954   ,50.9858,10.8132    ,51.4461,10.7674   ,51.9145,10.6122   ,52.3176,10.3901   ,52.654 ,10.0815   ,51.283 ,-9.97884  ,-0.0937682 ,487,113302,48.2942,13.0513,115.154,0
1688,52.7865,9.5461    ,52.5208,9.81702    ,52.2309,10.0083  ,51.9118,10.1756   ,51.5601,10.2843   ,51.2044,10.3155   ,50.849 ,10.2524    ,50.6183,9.95855   ,50.5934,9.57714   ,50.6693,9.25363     ,50.7879,8.92051   ,50.8982,8.57992   ,52.7865,9.5461    ,52.4561,9.50517    ,52.2134,9.58112   ,51.9728,9.70196   ,51.7439,9.82027   ,51.5206,9.89763    ,51.2495,9.91887    ,51.0307,9.74734   ,51.0035,9.45685    ,51.0363,9.18507   ,51.0701,8.88844   ,50.8982,8.57992   ,50.48  ,9.03289   ,50.2738,9.41027   ,50.1738,9.79481    ,50.2352,10.2557   ,50.5247,10.6197   ,50.9884,10.7319    ,51.4737,10.7293   ,51.9291,10.6132   ,52.3315,10.385    ,52.6643,10.0701   ,51.3056,-9.91233  ,-0.205432  ,491,114292,49.1491,12.3652,117.74 ,0
1689,52.6592,9.61323   ,52.4203,9.87836    ,52.1011,10.0808  ,51.7861,10.2289   ,51.4167,10.3114   ,51.0787,10.3067   ,50.7753,10.1605    ,50.6403,9.83849   ,50.6464,9.43366   ,50.7156,9.10133     ,50.7994,8.75969   ,50.8742,8.43879   ,52.6592,9.61323   ,52.3403,9.5484     ,52.084 ,9.63917   ,51.8563,9.76199   ,51.6174,9.86886   ,51.3876,9.91829    ,51.1402,9.86131    ,51.018 ,9.63028   ,51.0181,9.31883    ,51.0488,9.02916   ,51.0712,8.7218    ,50.8742,8.43879   ,50.5107,8.87983   ,50.3593,9.26372   ,50.2623,9.64988    ,50.2779,10.1409   ,50.4701,10.5181   ,50.8618,10.7069    ,51.315 ,10.7427   ,51.7974,10.6644   ,52.1981,10.4781   ,52.5755,10.1516   ,51.3154,-9.86849  ,-0.342418  ,491,115467,48.415 ,11.6247,118.912,0
1690,52.6365,9.60928   ,52.3617,9.91549    ,52.0763,10.1066  ,51.7343,10.261    ,51.348 ,10.3255   ,50.983 ,10.24     ,50.7626,9.95017    ,50.7012,9.5909    ,50.7116,9.20691   ,50.7496,8.84792     ,50.7815,8.46198   ,50.8042,8.10388   ,52.6365,9.60928   ,52.2631,9.57702    ,52.024 ,9.67952   ,51.7571,9.81794   ,51.4783,9.9051    ,51.2214,9.84509    ,51.0959,9.59465    ,51.074 ,9.31039   ,51.0705,9.00629    ,51.0552,8.70118   ,51.0076,8.37549   ,50.8042,8.10388   ,50.5505,8.64138   ,50.433 ,9.09433   ,50.3444,9.5151     ,50.3347,9.98034   ,50.4653,10.3964   ,50.8236,10.6791    ,51.3177,10.7433   ,51.8007,10.6735   ,52.2117,10.4846   ,52.5375,10.1937   ,51.3169,-9.78109  ,-0.6231    ,508,117952,50.8629,12.51  ,123.497,0
1691,52.7217,9.67088   ,52.4097,9.93176    ,52.0867,10.1113  ,51.7615,10.2522   ,51.368 ,10.3123   ,51.046 ,10.1974   ,50.8179,9.87005    ,50.7396,9.54413   ,50.7274,9.158     ,50.75  ,8.77038     ,50.7591,8.39353   ,50.7712,8.04783   ,52.7217,9.67088   ,52.3635,9.58311    ,52.0896,9.67069   ,51.8303,9.7956    ,51.5487,9.89491   ,51.3266,9.82422    ,51.1866,9.53123    ,51.1319,9.23726   ,51.0896,8.88652    ,51.0457,8.55693   ,50.9792,8.27475   ,50.7712,8.04783   ,50.539 ,8.60273   ,50.4492,9.0807    ,50.3612,9.52611    ,50.3616,9.94688   ,50.4839,10.2956   ,50.8357,10.6207    ,51.2758,10.7329   ,51.7756,10.6795   ,52.1646,10.5102   ,52.5339,10.2338   ,51.3323,-9.73582  ,-0.719097  ,508,117789,50.7   ,12.8452,123.497,0
1692,52.7234,9.70458   ,52.4001,9.95156    ,52.062 ,10.1236  ,51.7375,10.2228   ,51.3442,10.2315   ,51.0109,10.0677   ,50.8188,9.74166    ,50.7532,9.38626   ,50.7369,9.00256   ,50.739 ,8.61937     ,50.7404,8.26192   ,50.7538,7.91044   ,52.7234,9.70458   ,52.3459,9.612      ,52.0439,9.69402   ,51.7807,9.77954   ,51.4853,9.81601   ,51.2515,9.68391    ,51.1416,9.38778    ,51.0988,9.07365   ,51.071 ,8.74968    ,51.0377,8.44226   ,50.9808,8.17173   ,50.7538,7.91044   ,50.5005,8.44852   ,50.4392,8.90426   ,50.4041,9.36616    ,50.4184,9.80532   ,50.5283,10.1888   ,50.8393,10.5135    ,51.2997,10.6613   ,51.7908,10.6463   ,52.1683,10.515    ,52.5333,10.2453   ,51.3344,-9.64723  ,-0.808953  ,508,117820,50.6825,12.3734,122.426,0
1693,52.7658,9.63979   ,52.4346,9.88371    ,52.1267,10.0785  ,51.7401,10.2386   ,51.3695,10.279    ,51.0232,10.1378   ,50.8379,9.77111    ,50.7743,9.40902   ,50.7475,9.01374   ,50.7398,8.62058     ,50.7357,8.20349   ,50.7454,7.87222   ,52.7658,9.63979   ,52.3666,9.52409    ,52.0976,9.63964   ,51.7978,9.80776   ,51.5253,9.90245   ,51.2669,9.80306    ,51.1573,9.45624    ,51.1205,9.12627   ,51.0939,8.78135    ,51.0617,8.45507   ,50.9993,8.12845   ,50.7454,7.87222   ,50.4735,8.38801   ,50.419 ,8.91429   ,50.4065,9.37956    ,50.4431,9.81879   ,50.5504,10.1951   ,50.8478,10.5359    ,51.3177,10.6589   ,51.7855,10.6409   ,52.2456,10.4645   ,52.588 ,10.1888   ,51.3128,-9.61819  ,-0.842864  ,510,118504,52.5363,11.8814,124.669,0
1694,52.712 ,9.49589   ,52.4573,9.80876    ,52.1118,10.0914  ,51.7623,10.2571   ,51.3767,10.2875   ,51.0127,10.0822   ,50.8299,9.72218    ,50.7574,9.3324    ,50.7209,8.90712   ,50.7   ,8.47992     ,50.6814,8.08934   ,50.657 ,7.7334    ,52.712 ,9.49589   ,52.3133,9.51085    ,52.0007,9.70282   ,51.7189,9.86093   ,51.4354,9.91635   ,51.2125,9.69119    ,51.1325,9.33075    ,51.0931,8.98064   ,51.0538,8.6344     ,51.0027,8.30645   ,50.9252,8.00706   ,50.657 ,7.7334    ,50.4452,8.29311   ,50.4033,8.7927    ,50.3972,9.32402    ,50.439 ,9.8207    ,50.5643,10.2318   ,50.8865,10.5513    ,51.4274,10.6734   ,51.9113,10.6197   ,52.3158,10.4172   ,52.6774,10.0309   ,51.2866,-9.58281  ,-0.886277  ,520,120836,54.7783,13.0638,128.083,0
1695,52.6616,9.52122   ,52.4124,9.85217    ,52.0519,10.1218  ,51.6965,10.2688   ,51.2724,10.2294   ,50.9577,9.96087   ,50.8077,9.60733    ,50.7394,9.17698   ,50.7061,8.76127   ,50.6847,8.3378      ,50.6711,7.95174   ,50.6718,7.55839   ,52.6616,9.52122   ,52.2505,9.5515     ,51.9088,9.74527   ,51.6209,9.88595   ,51.3181,9.83396   ,51.1608,9.50432    ,51.1006,9.12967    ,51.0583,8.74415   ,51.0192,8.42834    ,50.9714,8.12899   ,50.9067,7.85503   ,50.6718,7.55839   ,50.4395,8.16804   ,50.4038,8.68524   ,50.4021,9.23607    ,50.435 ,9.74141   ,50.5443,10.1957   ,50.8174,10.5031    ,51.3251,10.664    ,51.8784,10.626    ,52.2914,10.4384   ,52.6514,10.0791   ,51.2611,-9.52667  ,-0.949271  ,532,123087,55.8418,14.7476,130.083,0
1696,52.6382,9.52306   ,52.3938,9.85222    ,52.0487,10.1238  ,51.7064,10.2622   ,51.3065,10.1992   ,50.9916,9.92296   ,50.8189,9.55813    ,50.745 ,9.18871   ,50.7061,8.78248   ,50.6824,8.36511     ,50.6647,7.97698   ,50.6519,7.5863    ,52.6382,9.52306   ,52.2371,9.56921    ,51.9037,9.75223   ,51.6211,9.87227   ,51.3321,9.78      ,51.1723,9.45321    ,51.1059,9.09493    ,51.0687,8.774     ,51.033 ,8.45796    ,50.9881,8.1549    ,50.9202,7.87681   ,50.6519,7.5863    ,50.4151,8.19825   ,50.3834,8.71281   ,50.3893,9.24594    ,50.4395,9.73241   ,50.5682,10.1356   ,50.8774,10.4807    ,51.3741,10.6628   ,51.8934,10.6306   ,52.2865,10.4366   ,52.6249,10.0602   ,51.2609,-9.50576  ,-0.949753  ,531,123454,54.5991,14.3657,129.497,0
1697,52.6481,9.52244   ,52.3921,9.85641    ,52.0867,10.1006  ,51.692 ,10.2658   ,51.2894,10.1915   ,51.0136,9.94975   ,50.8216,9.55187    ,50.7454,9.13235   ,50.7064,8.73002   ,50.6803,8.38291     ,50.6443,7.92784   ,50.6152,7.5759    ,52.6481,9.52244   ,52.2411,9.56373    ,51.9437,9.72971   ,51.6159,9.87782   ,51.3246,9.77474   ,51.1819,9.47994    ,51.1053,9.05724    ,51.0624,8.67525   ,51.0226,8.36349    ,50.9791,8.11842   ,50.8836,7.80939   ,50.6152,7.5759    ,50.4158,8.16636   ,50.3915,8.78566   ,50.4017,9.23446    ,50.4445,9.71677   ,50.571 ,10.1557   ,50.913 ,10.5034    ,51.346 ,10.6573   ,51.8713,10.6338   ,52.3227,10.4089   ,52.6197,10.0731   ,51.2611,-9.49962  ,-0.951068  ,531,123870,54.8119,14.9816,129.497,0
1698,52.6637,9.53085   ,52.3962,9.86651    ,52.0731,10.109   ,51.7132,10.2563   ,51.2961,10.1833   ,50.9788,9.89553   ,50.8167,9.54874    ,50.7445,9.13612   ,50.7072,8.72228   ,50.6768,8.28394     ,50.6528,7.93661   ,50.6317,7.53819   ,52.6637,9.53085   ,52.2314,9.5671     ,51.9159,9.74354   ,51.6107,9.87346   ,51.3047,9.75148   ,51.1479,9.39741    ,51.0927,9.04097    ,51.0617,8.69181   ,51.0279,8.38784    ,50.9752,8.08363   ,50.9063,7.84323   ,50.6317,7.53819   ,50.409 ,8.16239   ,50.3881,8.62978   ,50.3976,9.20038    ,50.4422,9.70819   ,50.5731,10.1624   ,50.8749,10.4813    ,51.3841,10.662    ,51.9224,10.617    ,52.3282,10.4121   ,52.6419,10.0907   ,51.2561,-9.48189  ,-0.964934  ,536,125210,55.1907,15.1586,131.74 ,0
1699,52.654 ,9.58582   ,52.3582,9.88463    ,51.9969,10.1166  ,51.6671,10.2289   ,51.233 ,10.1442   ,50.9585,9.8591    ,50.8005,9.47644    ,50.7376,9.07187   ,50.7074,8.73329   ,50.6817,8.32694     ,50.658 ,7.92183   ,50.6753,7.53941   ,52.654 ,9.58582   ,52.2936,9.53669    ,51.9794,9.68973   ,51.7139,9.79754   ,51.3658,9.72679   ,51.1887,9.46246    ,51.1107,9.13617    ,51.0731,8.80611   ,51.0305,8.53174    ,50.9826,8.20257   ,50.9151,7.87485   ,50.6753,7.53941   ,50.4107,8.10342   ,50.39  ,8.58676   ,50.39  ,9.07053    ,50.4142,9.47319   ,50.5288,9.94953   ,50.8085,10.3677    ,51.2135,10.6234   ,51.7554,10.6369   ,52.1427,10.4783   ,52.5301,10.1459   ,51.2487,-9.45412  ,-0.996905  ,545,126530,54.2263,12.2657,133.74 ,0
1700,52.6158,9.54123   ,52.332 ,9.9088     ,52.0208,10.1459  ,51.6138,10.2692   ,51.2593,10.1614   ,50.9516,9.87104   ,50.7849,9.45572    ,50.727 ,9.07398   ,50.687 ,8.64483   ,50.6517,8.19929     ,50.6191,7.77757   ,50.5995,7.42513   ,52.6158,9.54123   ,52.1641,9.6007     ,51.873 ,9.77403   ,51.5434,9.87979   ,51.2948,9.73324   ,51.1424,9.38405    ,51.072 ,8.96398    ,51.0344,8.63253   ,50.9914,8.30481    ,50.929 ,7.99206   ,50.8375,7.69711   ,50.5995,7.42513   ,50.4111,7.99032   ,50.3859,8.55428   ,50.3949,9.13225    ,50.435 ,9.65062   ,50.5254,10.0627   ,50.8228,10.4471    ,51.3132,10.6494   ,51.7913,10.6551   ,52.2629,10.4595   ,52.5791,10.1411   ,51.2397,-9.45077  ,-0.99842   ,541,126653,56.2605,15.05  ,132.326,0
1701,52.6132,9.59269   ,52.3268,9.90075    ,51.965 ,10.1245  ,51.6388,10.2203   ,51.2226,10.1074   ,50.9616,9.81649   ,50.805 ,9.43602    ,50.7413,9.10117   ,50.6965,8.69654   ,50.6689,8.2915      ,50.6165,7.89489   ,50.5862,7.52634   ,52.6132,9.59269   ,52.23  ,9.57082    ,51.9152,9.717     ,51.6503,9.80046   ,51.3288,9.6718    ,51.1741,9.38865    ,51.0983,9.06226    ,51.0647,8.78789   ,51.0122,8.45937    ,50.9569,8.13106   ,50.8656,7.81338   ,50.5862,7.52634   ,50.3899,8.10522   ,50.39  ,8.58698   ,50.3895,9.06873    ,50.4387,9.54903   ,50.553 ,9.94166   ,50.8249,10.3563    ,51.2212,10.6099   ,51.7577,10.6298   ,52.1435,10.4711   ,52.5306,10.1453   ,51.2428,-9.44227  ,-0.98963   ,539,125942,53.6213,12.6905,132.912,0
1702,52.6163,9.50061   ,52.4125,9.84167    ,52.0551,10.118   ,51.7002,10.2674   ,51.3338,10.2327   ,51.004 ,9.95208   ,50.8345,9.59607    ,50.7503,9.19478   ,50.7042,8.82531   ,50.6584,8.42571     ,50.6041,8.05305   ,50.5436,7.66364   ,52.6163,9.50061   ,52.2414,9.53647    ,51.9264,9.73162   ,51.6479,9.87052   ,51.3894,9.85473   ,51.2151,9.59895    ,51.1378,9.28054    ,51.0842,8.92012   ,51.0419,8.60037    ,50.9815,8.24529   ,50.8913,7.93152   ,50.5436,7.66364   ,50.3337,8.27755   ,50.3496,8.7152    ,50.3801,9.17267    ,50.4355,9.58948   ,50.5656,10.0195   ,50.8604,10.3958    ,51.3742,10.6563   ,51.8578,10.6391   ,52.2805,10.443    ,52.6561,10.0712   ,51.2471,-9.46722  ,-0.940611  ,531,123912,54.1534,11.4621,131.397,0
1703,52.6447,9.70905   ,52.349 ,9.96015    ,52.0154,10.1511  ,51.61  ,10.2474   ,51.2682,10.1301   ,50.9972,9.87029   ,50.8248,9.53306    ,50.7227,9.10608   ,50.669 ,8.75289   ,50.6209,8.38443     ,50.5757,7.96408   ,50.5739,7.62736   ,52.6447,9.70905   ,52.235 ,9.64752    ,51.9189,9.76481   ,51.577 ,9.8345    ,51.3238,9.69268   ,51.1693,9.41491    ,51.0892,9.0827     ,51.0312,8.67975   ,50.9865,8.3874     ,50.9241,8.12619   ,50.8203,7.86191   ,50.5739,7.62736   ,50.3416,8.18064   ,50.3329,8.76625   ,50.3682,9.23915    ,50.4342,9.64469   ,50.5975,10.0842   ,50.891 ,10.4132    ,51.3042,10.6204   ,51.7466,10.66     ,52.2099,10.4898   ,52.5514,10.2147   ,51.2406,-9.47674  ,-0.91362   ,531,123687,52.1838,13.9166,128.326,0
1704,52.6215,9.61645   ,52.3353,9.93425    ,52.0105,10.1371  ,51.6508,10.2245   ,51.2561,10.1173   ,50.9771,9.83171   ,50.8256,9.49444    ,50.7329,9.12445   ,50.6532,8.72968   ,50.5561,8.32005     ,50.4372,7.93606   ,50.3391,7.61317   ,52.6215,9.61645   ,52.19  ,9.60275    ,51.9048,9.74207   ,51.6058,9.80118   ,51.3044,9.65014   ,51.1412,9.33552    ,51.0741,9.01337    ,51.0226,8.68137   ,50.9518,8.35833    ,50.8384,8.05568   ,50.678 ,7.78834   ,50.3391,7.61317   ,50.2325,8.18495   ,50.3041,8.70136   ,50.3786,9.21655    ,50.4661,9.67628   ,50.6117,10.0768   ,50.8692,10.4149    ,51.2969,10.6317   ,51.8016,10.6427   ,52.2138,10.4838   ,52.5641,10.2012   ,51.2297,-9.46833  ,-0.9032    ,529,123502,53.133 ,14.2216,128.569,0
1705,52.6578,9.57982   ,52.3779,9.88639    ,52.0378,10.1115  ,51.7121,10.2039   ,51.3193,10.1008   ,51.0597,9.84563   ,50.8698,9.50024    ,50.7493,9.12456   ,50.6529,8.73937   ,50.5261,8.35274     ,50.3754,8.04955   ,50.1402,7.74688   ,52.6578,9.57982   ,52.2455,9.56985    ,51.932 ,9.72014   ,51.6494,9.78335   ,51.3236,9.61396   ,51.1734,9.32248    ,51.0943,8.9894     ,51.0287,8.64554   ,50.9384,8.32119    ,50.7797,8.03125   ,50.5747,7.82536   ,50.1402,7.74688   ,50.2322,8.36676   ,50.3145,8.7833    ,50.3967,9.26841    ,50.498 ,9.71261   ,50.6907,10.115    ,51.0115,10.4565    ,51.4028,10.6373   ,51.8846,10.6132   ,52.2476,10.4486   ,52.5951,10.1317   ,51.2211,-9.45989  ,-0.879025  ,516,120172,52.3328,14.6651,126.811,0
1706,52.4712,9.55056   ,52.27  ,9.89643    ,52.0098,10.1141  ,51.6458,10.175    ,51.2932,10.0383   ,51.0108,9.75603   ,50.8572,9.42885    ,50.7486,9.08228   ,50.6453,8.7321    ,50.5272,8.37253     ,50.3701,8.03165   ,50.1812,7.74913   ,52.4712,9.55056   ,52.1035,9.62077    ,51.8741,9.75636   ,51.5923,9.77715   ,51.3455,9.56938   ,51.1783,9.23767    ,51.0962,8.92419    ,51.0197,8.61495   ,50.9187,8.33566    ,50.7825,8.07322   ,50.5883,7.82927   ,50.1812,7.74913   ,50.2027,8.32365   ,50.3089,8.77552   ,50.4026,9.22912    ,50.5064,9.64953   ,50.6553,10.0305   ,50.8987,10.3594    ,51.3325,10.5586   ,51.8075,10.5849   ,52.2396,10.4155   ,52.5107,10.0844   ,51.2069,-9.43531  ,-0.88092   ,507,118413,50.2329,14.6058,121.983,0
1707,52.5601,9.54559   ,52.3199,9.88386    ,51.9708,10.1069  ,51.6309,10.1357   ,51.2863,9.98295   ,51.0039,9.6525    ,50.838 ,9.30071    ,50.7192,8.93023   ,50.6109,8.59729   ,50.4675,8.22024     ,50.2955,7.89399   ,50.0697,7.58271   ,52.5601,9.54559   ,52.1628,9.58741    ,51.8392,9.72479   ,51.5482,9.70443   ,51.3147,9.47936   ,51.1825,9.12873    ,51.0917,8.80324    ,50.9863,8.47889   ,50.8604,8.21134    ,50.6761,7.92852   ,50.4712,7.69985   ,50.0697,7.58271   ,50.1739,8.17437   ,50.3021,8.61504   ,50.3995,9.09468    ,50.4855,9.49062   ,50.6227,9.90029   ,50.8864,10.2722    ,51.3439,10.5467   ,51.8265,10.5798   ,52.2115,10.4474   ,52.5601,10.0968   ,51.1893,-9.38059  ,-0.901142  ,513,118337,52.5889,14.6324,126.225,0
1708,52.5773,9.55353   ,52.3521,9.8669     ,52.015 ,10.0973  ,51.6346,10.1401   ,51.3129,9.97875   ,51.044 ,9.67848   ,50.8627,9.30922    ,50.7418,8.95993   ,50.6118,8.59405   ,50.446 ,8.22847     ,50.2451,7.89622   ,50.0453,7.60868   ,52.5773,9.55353   ,52.2097,9.57652    ,51.8963,9.71776   ,51.5766,9.71669   ,51.3802,9.49049   ,51.2418,9.17414    ,51.1154,8.84872    ,51.0121,8.55419   ,50.8711,8.26828    ,50.663 ,7.97778   ,50.4099,7.71446   ,50.0453,7.60868   ,50.1408,8.16655   ,50.2807,8.58115   ,50.3938,9.02541    ,50.5051,9.46827   ,50.6485,9.86528   ,50.9016,10.2681    ,51.3277,10.527    ,51.7994,10.5797   ,52.2381,10.4289   ,52.5752,10.0773   ,51.1898,-9.38145  ,-0.891727  ,505,116491,52.361 ,14.0499,124.225,0
1709,52.4572,9.51613   ,52.31  ,9.87094    ,51.9661,10.0982  ,51.6047,10.1047   ,51.2752,9.91396   ,51.0366,9.62092   ,50.8379,9.25413    ,50.7012,8.88492   ,50.5673,8.54349   ,50.3761,8.2035      ,50.142 ,7.89092   ,49.9021,7.63417   ,52.4572,9.51613   ,52.1324,9.62338    ,51.8186,9.7393    ,51.5385,9.65718   ,51.3414,9.39212   ,51.2308,9.12687    ,51.1104,8.82317    ,50.9817,8.5388    ,50.8407,8.27958    ,50.6076,7.99628   ,50.3031,7.73562   ,49.9021,7.63417   ,50.05  ,8.12932   ,50.2064,8.50579   ,50.3384,8.9058     ,50.4541,9.32577   ,50.6045,9.77551   ,50.9061,10.2069    ,51.2821,10.5032   ,51.7682,10.5709   ,52.2155,10.4247   ,52.5466,10.0355   ,51.143 ,-9.35041  ,-0.886957  ,501,116345,52.1496,13.8315,123.296,0
1710,52.5312,9.66094   ,52.2662,9.93033    ,51.9211,10.108   ,51.5238,10.1019   ,51.2203,9.87346   ,51.0039,9.57561   ,50.8439,9.2602     ,50.7055,8.90069   ,50.5478,8.52985   ,50.3587,8.20343     ,50.1203,7.90465   ,49.8968,7.64797   ,52.5312,9.66094   ,52.1783,9.63733    ,51.8647,9.72375   ,51.5325,9.65301   ,51.3388,9.39042   ,51.2305,9.12594    ,51.1271,8.86048    ,50.9981,8.57561   ,50.8337,8.27821    ,50.6075,7.99356   ,50.3111,7.72695   ,49.8968,7.64797   ,50.0001,8.16316   ,50.1711,8.50402   ,50.3072,8.87579    ,50.4473,9.31628   ,50.5994,9.74958   ,50.8324,10.1152    ,51.1707,10.4302   ,51.6042,10.5794   ,52.0816,10.4591   ,52.4412,10.1568   ,51.0903,-9.30488  ,-0.898721  ,499,116066,51.1669,13.0778,121.882,0
1711,52.4662,9.77184   ,52.1631,10.0122    ,51.7805,10.1062  ,51.3985,10.0064   ,51.1337,9.77039   ,50.9504,9.44987   ,50.7822,9.07219    ,50.6262,8.72876   ,50.4516,8.38674   ,50.2771,8.06326     ,50.0389,7.72133   ,49.8276,7.46412   ,52.4662,9.77184   ,52.0916,9.69109    ,51.737 ,9.72844   ,51.4516,9.57671   ,51.3004,9.30231   ,51.188 ,9.00852    ,51.0473,8.67955    ,50.8916,8.37496   ,50.6939,8.06953    ,50.4903,7.80565   ,50.2161,7.53727   ,49.8276,7.46412   ,49.9255,7.98777   ,50.1164,8.40929   ,50.2586,8.80045    ,50.4087,9.18195   ,50.5577,9.56094   ,50.7594,9.98574    ,51.0298,10.3201   ,51.4398,10.4866   ,51.9411,10.4796   ,52.3306,10.2817   ,51.0259,-9.22575  ,-0.930791  ,494,115488,51.6185,13.0872,123.882,0
1712,52.4701,10.0006   ,52.0913,10.1118    ,51.716 ,10.1077  ,51.3816,9.99566   ,51.0921,9.70692   ,50.9205,9.39024   ,50.7838,9.07469    ,50.6206,8.70346   ,50.4519,8.38095   ,50.2441,8.03859     ,50.044 ,7.75312   ,49.8036,7.49899   ,52.4701,10.0006   ,52.1225,9.80445    ,51.7858,9.72341   ,51.5062,9.57215   ,51.2968,9.25667   ,51.1681,8.96021    ,51.0478,8.68066    ,50.888 ,8.3493    ,50.6987,8.05875    ,50.4566,7.76453   ,50.2174,7.5404    ,49.8036,7.49899   ,49.9319,8.0427    ,50.085 ,8.39553   ,50.2551,8.79395    ,50.3975,9.15134   ,50.5573,9.55992   ,50.7161,9.91081    ,50.946 ,10.2432   ,51.3538,10.4693   ,51.7725,10.5073   ,52.1759,10.4023   ,50.9822,-9.20665  ,-0.957825  ,486,113351,50.482 ,12.9088,119.64 ,0
1713,52.303 ,10.2163   ,51.8855,10.2137    ,51.5004,10.1058  ,51.2029,9.89602   ,51.0053,9.5918    ,50.8417,9.22812   ,50.6999,8.91211    ,50.541 ,8.5378    ,50.3614,8.20083   ,50.1433,7.86823     ,49.9468,7.58339   ,49.7155,7.28135   ,52.303 ,10.2163   ,51.9898,9.89754    ,51.6546,9.74524   ,51.419 ,9.5331    ,51.2855,9.25686   ,51.1515,8.91746    ,51.0225,8.63706    ,50.866 ,8.32346   ,50.6661,8.01907    ,50.3996,7.697     ,50.1399,7.44578   ,49.7155,7.28135   ,49.8191,7.8147    ,49.9519,8.13406   ,50.114 ,8.47951    ,50.2598,8.84617   ,50.4162,9.27935   ,50.5727,9.62835    ,50.7713,10.0178   ,51.0576,10.3344   ,51.4512,10.5066   ,51.8888,10.5469   ,50.8851,-9.12291  ,-0.998233  ,485,113434,51.6504,11.2631,120.711,0
1714,52.1376,10.4223   ,51.798 ,10.2682    ,51.4574,10.0768  ,51.186 ,9.8406    ,50.9597,9.51635   ,50.7978,9.18356   ,50.6509,8.85012    ,50.4873,8.48762   ,50.3227,8.17849   ,50.119 ,7.84244     ,49.9126,7.51671   ,49.7439,7.24123   ,52.1376,10.4223   ,52.0213,10.0152    ,51.75  ,9.77377   ,51.4902,9.54231   ,51.2723,9.22994   ,51.1433,8.90658    ,51.0071,8.60267    ,50.8382,8.29752   ,50.64  ,8.01795    ,50.3787,7.70131   ,50.122 ,7.41639   ,49.7439,7.24123   ,49.7635,7.71053   ,49.9173,8.07566   ,50.0631,8.43952    ,50.1874,8.78297   ,50.3366,9.19695   ,50.4951,9.55371    ,50.7008,9.89852   ,50.964 ,10.2248   ,51.262 ,10.4447   ,51.6711,10.5792   ,50.8352,-9.09089  ,-1.01576   ,486,112622,50.3652,11.2337,117.882,0
1715,52.1004,10.4238   ,51.7177,10.2611    ,51.4323,10.0513  ,51.1614,9.78489   ,50.9371,9.50341   ,50.7593,9.19581   ,50.6114,8.86932    ,50.4409,8.48757   ,50.277 ,8.16377   ,50.109 ,7.87643     ,49.894 ,7.56141   ,49.6786,7.27297   ,52.1004,10.4238   ,51.9401,10.016     ,51.7034,9.75589   ,51.4591,9.48745   ,51.2638,9.22604   ,51.1165,8.93964    ,50.9838,8.64273    ,50.8154,8.3084    ,50.6182,8.01302    ,50.3955,7.7346    ,50.1095,7.42931   ,49.6786,7.27297   ,49.7395,7.77876   ,49.8817,8.11312   ,49.9869,8.40979    ,50.1082,8.75471   ,50.2744,9.17808   ,50.444 ,9.53576    ,50.6757,9.87358   ,50.9498,10.1754   ,51.2553,10.427    ,51.5915,10.5623   ,50.787 ,-9.07251  ,-1.01015   ,488,112784,50.0916,11.0214,116.953,0
1716,52.0828,10.5414   ,51.7352,10.3237    ,51.4373,10.087   ,51.159 ,9.8065    ,50.9237,9.50554   ,50.7202,9.16403   ,50.5665,8.83146    ,50.4228,8.50091   ,50.2478,8.14929   ,50.0235,7.77776     ,49.8164,7.48013   ,49.5891,7.22288   ,52.0828,10.5414   ,51.9422,10.0863    ,51.6863,9.80787   ,51.4549,9.5446    ,51.2679,9.27234   ,51.0957,8.95936    ,50.9475,8.65548    ,50.8014,8.35267   ,50.6009,8.02166    ,50.3034,7.64452   ,50.018 ,7.34444   ,49.5891,7.22288   ,49.683 ,7.70764   ,49.8125,8.01629   ,49.9507,8.38139    ,50.0872,8.74453   ,50.2266,9.10132   ,50.3952,9.46498    ,50.65  ,9.83871   ,50.9511,10.1668   ,51.2867,10.4517   ,51.6243,10.6285   ,50.7669,-9.06647  ,-1.00453   ,494,114235,51.8439,10.5951,121.196,0
1717,52.0622,10.5862   ,51.732 ,10.3338    ,51.4315,10.0829  ,51.159 ,9.80714   ,50.9391,9.51656   ,50.7426,9.18155   ,50.5795,8.84331    ,50.4252,8.5078    ,50.2674,8.17329   ,50.0544,7.8138      ,49.8158,7.52009   ,49.5557,7.28432   ,52.0622,10.5862   ,51.9794,10.1379    ,51.7244,9.84773   ,51.4827,9.5796    ,51.2875,9.30319   ,51.1078,8.98354    ,50.9543,8.67296    ,50.8066,8.36457   ,50.6478,8.04529    ,50.3772,7.69259   ,50.0446,7.40223   ,49.5557,7.28432   ,49.6703,7.72987   ,49.8022,8.03811   ,49.9361,8.40058    ,50.0866,8.74495   ,50.2507,9.11111   ,50.4275,9.47479    ,50.6568,9.82688   ,50.9193,10.1298   ,51.2376,10.4057   ,51.5813,10.6053   ,50.7527,-9.02663  ,-1.0081    ,503,115558,51.6522,10.2911,120.368,0
1718,52.1439,10.4544   ,51.7825,10.3003    ,51.4565,10.0992  ,51.1547,9.79729   ,50.9499,9.50663   ,50.7546,9.17091   ,50.6048,8.83704    ,50.4471,8.49683   ,50.2542,8.12451   ,50.0586,7.7852      ,49.8437,7.51062   ,49.584 ,7.24342   ,52.1439,10.4544   ,51.9881,10.0756    ,51.7211,9.83578   ,51.4533,9.54525   ,51.2836,9.27541   ,51.1019,8.95814    ,50.955 ,8.63302    ,50.7929,8.30521   ,50.5947,7.94413    ,50.3694,7.61728   ,50.0973,7.35779   ,49.584 ,7.24342   ,49.6676,7.75092   ,49.8093,8.05003   ,49.9631,8.39902    ,50.1496,8.78333   ,50.2958,9.13886   ,50.4554,9.47744    ,50.6814,9.83629   ,50.9311,10.1416   ,51.2937,10.4385   ,51.69  ,10.5822   ,50.75  ,-8.99306  ,-1.00521   ,500,116652,51.7976,10.1909,122.125,0
1719,52.1201,10.4328   ,51.731 ,10.2453    ,51.4122,10.0008  ,51.1372,9.73219   ,50.9014,9.3863    ,50.7088,9.01913   ,50.5551,8.65823    ,50.3805,8.30937   ,50.1854,7.95274   ,49.9575,7.61422     ,49.6886,7.32236   ,49.4023,7.12138   ,52.1201,10.4328   ,51.9212,9.99844    ,51.6234,9.67665   ,51.3538,9.36087   ,51.1693,9.03651   ,51.0248,8.71607    ,50.8859,8.37564    ,50.7021,8.04382   ,50.4749,7.70049    ,50.202 ,7.36451   ,49.852 ,7.10756   ,49.4023,7.12138   ,49.6055,7.609     ,49.7829,7.95651   ,49.9553,8.30554    ,50.1116,8.67641   ,50.2685,9.04126   ,50.4424,9.42695    ,50.6955,9.83958   ,51.0011,10.1946   ,51.3049,10.413    ,51.6483,10.5649   ,50.7117,-8.89938  ,-1.01744   ,517,119207,53.9594,11.4355,128.024,0
1720,52.0709,10.3701   ,51.6628,10.1681    ,51.3343,9.9141   ,51.0962,9.66039   ,50.8609,9.30446   ,50.6841,8.95218   ,50.5076,8.5387     ,50.3489,8.19095   ,50.1417,7.84032   ,49.8847,7.48753     ,49.6247,7.20998   ,49.3242,6.99199   ,52.0709,10.3701   ,51.8777,9.92322    ,51.5779,9.61894   ,51.3574,9.365     ,51.1692,9.03683   ,51.0212,8.70956    ,50.8591,8.31721    ,50.7014,7.99163   ,50.4728,7.64128    ,50.1524,7.28026   ,49.8257,7.0182    ,49.3242,6.99199   ,49.5123,7.48722   ,49.6973,7.79361   ,49.876 ,8.14083    ,50.0462,8.48868   ,50.1991,8.86131   ,50.3951,9.29816    ,50.6088,9.67171   ,50.9214,10.0594   ,51.1964,10.3046   ,51.5601,10.4806   ,50.6586,-8.7939   ,-1.01782   ,525,122369,54.8354,10.5395,127.439,0
1721,51.9743,10.3104   ,51.5947,10.1028    ,51.2632,9.84141  ,51.0044,9.52359   ,50.7892,9.1419    ,50.6191,8.75728   ,50.4434,8.3847     ,50.2552,8.05658   ,50.025 ,7.66139   ,49.8011,7.34573     ,49.4826,7.02086   ,49.2053,6.7904    ,51.9743,10.3104   ,51.8322,9.87973    ,51.5308,9.56788   ,51.2842,9.24709   ,51.1029,8.87975   ,50.9481,8.49811    ,50.7705,8.13813    ,50.5789,7.81968   ,50.3115,7.42791    ,50.0483,7.10901   ,49.6888,6.83295   ,49.2053,6.7904    ,49.3703,7.29507   ,49.6362,7.68323   ,49.806 ,8.0053     ,49.9977,8.40618   ,50.1717,8.73667   ,50.3364,9.12567    ,50.5306,9.51384   ,50.7983,9.90872   ,51.0985,10.213    ,51.4735,10.3961   ,50.5698,-8.64917  ,-1.01771   ,536,125032,56.1296,10.7474,130.024,0
1722,51.7378,10.2973   ,51.4125,9.97498    ,51.1573,9.69533  ,50.905 ,9.36465   ,50.716 ,9.00744   ,50.5641,8.65586   ,50.3684,8.25156    ,50.182 ,7.94352   ,49.9326,7.56087   ,49.6953,7.23746     ,49.4409,6.9491    ,49.1633,6.70986   ,51.7378,10.2973   ,51.6835,9.81565    ,51.4786,9.50786   ,51.2587,9.18906   ,51.0876,8.84382   ,50.9413,8.48445    ,50.7481,8.09526    ,50.5626,7.79166   ,50.2849,7.40769    ,49.9972,7.07471   ,49.6834,6.79016   ,49.1633,6.70986   ,49.2845,7.19753   ,49.4741,7.50349   ,49.656 ,7.82585    ,49.8665,8.1999    ,50.0446,8.50896   ,50.2311,8.92766    ,50.3893,9.2717    ,50.6227,9.64649   ,50.9349,9.99677   ,51.2436,10.2382   ,50.4919,-8.54627  ,-1.0194    ,528,124264,54.6947,10.2666,127.439,0
1723,51.5582,10.2151   ,51.2924,9.88254    ,51.0459,9.58196  ,50.8292,9.24474   ,50.6553,8.87299   ,50.5053,8.54652   ,50.3289,8.18504    ,50.1343,7.8509    ,49.8707,7.48117   ,49.6433,7.20429     ,49.3548,6.88717   ,49.1097,6.654     ,51.5582,10.2151   ,51.595 ,9.77714    ,51.424 ,9.4788    ,51.2399,9.16579   ,51.0726,8.80218   ,50.9346,8.47149    ,50.7689,8.12014    ,50.5851,7.79435   ,50.2661,7.39739    ,49.9692,7.08565   ,49.5855,6.7479    ,49.1097,6.654     ,49.2175,7.12518   ,49.4129,7.43378   ,49.5582,7.67416    ,49.7494,8.00773   ,49.9339,8.34053   ,50.12  ,8.71319    ,50.2793,9.03796   ,50.4692,9.41715   ,50.7454,9.7854    ,51.0719,10.0842   ,50.4116,-8.43791  ,-1.02807   ,515,119888,53.4102,10.5918,123.439,0
1724,51.454 ,9.97363   ,51.1566,9.69702    ,50.9119,9.41     ,50.7347,9.06652   ,50.5746,8.68609   ,50.4129,8.36315   ,50.2331,8.02409    ,50.0126,7.67718   ,49.8048,7.38081   ,49.5618,7.08228     ,49.2985,6.79703   ,49.0226,6.55312   ,51.454 ,9.97363   ,51.4306,9.54825    ,51.2614,9.2582    ,51.1075,8.92256   ,50.9608,8.52789   ,50.812 ,8.21302    ,50.6442,7.89734    ,50.4052,7.55226   ,50.1547,7.24329    ,49.8619,6.93584   ,49.5271,6.64535   ,49.0226,6.55312   ,49.1561,7.03746   ,49.3478,7.32853   ,49.5275,7.61719    ,49.6861,7.90115   ,49.8774,8.24947   ,50.0621,8.60692    ,50.2313,8.93679   ,50.4019,9.30823   ,50.6331,9.65935   ,50.9721,9.93525   ,50.3301,-8.32467  ,-1.03137   ,507,118132,52.0562,10.3885,121.782,0
1725,51.4318,9.99238   ,51.112 ,9.7123     ,50.8952,9.38054  ,50.7266,9.03378   ,50.5751,8.69394   ,50.3926,8.31838   ,50.1921,7.97958    ,50.0014,7.67989   ,49.7607,7.33317   ,49.5245,7.04437     ,49.2708,6.76071   ,49.0151,6.48217   ,51.4318,9.99238   ,51.3958,9.50054    ,51.2066,9.16217   ,51.0651,8.8264    ,50.9328,8.48755   ,50.7672,8.12318    ,50.5826,7.80133    ,50.3647,7.50021   ,50.0816,7.15083    ,49.804 ,6.8753    ,49.4827,6.60417   ,49.0151,6.48217   ,49.1409,7.00764   ,49.3282,7.3104    ,49.5127,7.6128     ,49.7021,7.95966   ,49.8647,8.25704   ,50.0665,8.60722    ,50.2607,8.99643   ,50.4332,9.33911   ,50.6369,9.69725   ,50.9035,10.0087   ,50.3089,-8.29829  ,-1.03502   ,507,116443,52.7724,10.4444,124.024,0
1726,51.3838,10.0312   ,51.1446,9.71267    ,50.8911,9.36586  ,50.706 ,9.03553   ,50.5593,8.70458   ,50.4132,8.37147   ,50.2113,7.99152    ,50.0257,7.70023   ,49.7884,7.35478   ,49.5506,7.05941     ,49.3012,6.78452   ,49.0415,6.53326   ,51.3838,10.0312   ,51.4443,9.56586    ,51.2465,9.21134   ,51.0664,8.89771   ,50.9294,8.56736   ,50.7998,8.22931    ,50.6172,7.85139    ,50.4188,7.56071   ,50.1472,7.20972    ,49.8567,6.90775   ,49.541 ,6.6394    ,49.0415,6.53326   ,49.1433,7.01614   ,49.3266,7.30755   ,49.5041,7.59975    ,49.6944,7.93703   ,49.8645,8.22784   ,50.0688,8.6089     ,50.2307,8.93696   ,50.3906,9.2665    ,50.6018,9.61799   ,50.9186,9.95597   ,50.3121,-8.29139  ,-1.03281   ,504,115986,52.0057,10.3221,121.196,0
1727,51.4097,10.0019   ,51.1405,9.69137    ,50.8841,9.34833  ,50.6867,9.00948   ,50.5272,8.66477   ,50.382 ,8.32522   ,50.1991,7.94409    ,49.9838,7.60171   ,49.7527,7.29217   ,49.4916,6.9832      ,49.2403,6.70093   ,48.9925,6.4379    ,51.4097,10.0019   ,51.4264,9.52654    ,51.2256,9.17745   ,51.0511,8.86333   ,50.9141,8.5331    ,50.7748,8.20662    ,50.6062,7.82488    ,50.3839,7.48509   ,50.1155,7.16724    ,49.7929,6.84531   ,49.4657,6.56447   ,48.9925,6.4379    ,49.0949,6.92591   ,49.2783,7.22146   ,49.4729,7.52169    ,49.6529,7.81878   ,49.8437,8.15842   ,50.0309,8.53965    ,50.1824,8.89546   ,50.3728,9.2522    ,50.6101,9.61765   ,50.931 ,9.94949   ,50.2972,-8.26248  ,-1.03263   ,509,117685,53.2184,10.2074,123.196,0
1728,51.419 ,9.925     ,51.0922,9.62323    ,50.8811,9.34476  ,50.6937,9.01083   ,50.5154,8.62385   ,50.3633,8.29101   ,50.177 ,7.91736    ,49.9649,7.5779    ,49.7282,7.26432   ,49.5107,7.0043      ,49.2354,6.72092   ,48.9424,6.47633   ,51.419 ,9.925     ,51.393 ,9.42759    ,51.2154,9.16205   ,51.0475,8.85665   ,50.8958,8.48724   ,50.7538,8.16722    ,50.5709,7.79152    ,50.3618,7.45564   ,50.0898,7.12752    ,49.813 ,6.84636   ,49.4628,6.55848   ,48.9424,6.47633   ,49.0996,6.97056   ,49.2983,7.26429   ,49.45  ,7.50686    ,49.6383,7.80118   ,49.8326,8.13629   ,50.0164,8.50896    ,50.1791,8.85761   ,50.3863,9.25978   ,50.6122,9.62359   ,50.8665,9.90275   ,50.2782,-8.22985  ,-1.0257    ,513,119258,52.7107,9.99366,123.782,0
1729,51.3713,9.94679   ,51.0909,9.6152     ,50.8634,9.29463  ,50.6622,8.92342   ,50.4912,8.55858   ,50.3419,8.24528   ,50.1377,7.87649    ,49.9366,7.55684   ,49.7028,7.22645   ,49.4334,6.90077     ,49.1518,6.61677   ,48.8461,6.41723   ,51.3713,9.94679   ,51.3883,9.44293    ,51.1902,9.12388   ,51.0074,8.76433   ,50.8533,8.38821   ,50.7059,8.06487    ,50.5046,7.68376    ,50.299 ,7.36017   ,50.03  ,7.01425    ,49.7011,6.67301   ,49.3559,6.40503   ,48.8461,6.41723   ,49.0405,6.91209   ,49.2592,7.2335    ,49.4579,7.5494     ,49.6456,7.86186   ,49.833 ,8.17419   ,50.0299,8.53172    ,50.1775,8.83155   ,50.3695,9.18863   ,50.6048,9.57292   ,50.8736,9.88803   ,50.2269,-8.14653  ,-1.02535   ,522,120451,53.8787,10.1991,126.853,0
1730,51.3415,9.92843   ,51.0678,9.57103    ,50.8526,9.27263  ,50.6554,8.92003   ,50.4724,8.52098   ,50.3034,8.17082   ,50.098 ,7.81457    ,49.889 ,7.50126   ,49.6576,7.17352   ,49.3973,6.83743     ,49.1331,6.54125   ,48.8394,6.33265   ,51.3415,9.92843   ,51.3586,9.4336     ,51.1981,9.14737   ,51.0301,8.81457   ,50.8625,8.40842   ,50.7009,8.05282    ,50.5073,7.69242    ,50.304 ,7.38307   ,50.054 ,7.04594    ,49.7245,6.67633   ,49.3532,6.35549   ,48.8394,6.33265   ,49.0003,6.81376   ,49.1587,7.10856   ,49.342 ,7.41254    ,49.5482,7.72612   ,49.7509,8.03842   ,49.9579,8.39077    ,50.1281,8.73168   ,50.331 ,9.12651   ,50.5722,9.49808   ,50.8548,9.80615   ,50.1952,-8.09159  ,-1.02442   ,525,122322,54.2484,10.2004,126.853,0
1731,51.3292,9.85957   ,51.0396,9.53344    ,50.7943,9.17557  ,50.5983,8.80215   ,50.4223,8.41869   ,50.2356,8.05958   ,50.0094,7.69155    ,49.7878,7.36434   ,49.5644,7.03323   ,49.3324,6.69651     ,49.0823,6.35096   ,48.8558,6.0422    ,51.3292,9.85957   ,51.3333,9.37802    ,51.1379,9.0385    ,50.966 ,8.68957   ,50.813 ,8.31724   ,50.6452,7.96526    ,50.4372,7.60961    ,50.2215,7.29046   ,49.9783,6.95366    ,49.6947,6.59271   ,49.3504,6.22866   ,48.8558,6.0422    ,48.8964,6.58816   ,49.0505,6.91374   ,49.2258,7.22397    ,49.4278,7.54775   ,49.6518,7.88093   ,49.8832,8.25639    ,50.0828,8.62627   ,50.2813,9.02381   ,50.5134,9.41762   ,50.826 ,9.78368   ,50.1363,-7.99004  ,-1.0286    ,539,126889,55.9827,10.2336,129.439,0
1732,51.1932,9.85278   ,50.9519,9.43698    ,50.7581,9.10295  ,50.5633,8.71283   ,50.38  ,8.33513   ,50.1632,7.93071   ,49.9376,7.56517    ,49.7219,7.24341   ,49.4636,6.86306   ,49.2544,6.52386     ,49.0549,6.15177   ,48.8858,5.7962    ,51.1932,9.85278   ,51.287 ,9.34594    ,51.1358,9.00417   ,50.9518,8.62258   ,50.7804,8.24554   ,50.5898,7.85442    ,50.3952,7.50722    ,50.1813,7.19246   ,49.8838,6.79914    ,49.6166,6.44552   ,49.3333,6.08431   ,48.8858,5.7962    ,48.84  ,6.34455   ,48.9607,6.72021   ,49.1153,7.03601    ,49.3354,7.40211   ,49.5507,7.72972   ,49.794 ,8.10876    ,50.0311,8.52764   ,50.2279,8.91581   ,50.4415,9.31136   ,50.6841,9.64186   ,50.0808,-7.87929  ,-1.03981   ,558,129353,57.315 ,10.7102,132.853,0
1733,51.2144,9.80354   ,50.95  ,9.41501    ,50.7148,9.0315   ,50.527 ,8.65285   ,50.3535,8.27729   ,50.1366,7.88528   ,49.9232,7.54876    ,49.6927,7.20825   ,49.4436,6.80278   ,49.2469,6.45971     ,49.0408,6.10381   ,48.7843,5.76153   ,51.2144,9.80354   ,51.2657,9.27331    ,51.0669,8.89116   ,50.8957,8.52344   ,50.7354,8.14254   ,50.5292,7.74393    ,50.3206,7.40614    ,50.0918,7.07252   ,49.7984,6.66937    ,49.5619,6.32127   ,49.2919,5.96693   ,48.7843,5.76153   ,48.8592,6.35748   ,48.999 ,6.7143    ,49.1528,7.05092    ,49.3705,7.45876   ,49.5997,7.80345   ,49.8137,8.14012    ,50.024 ,8.51972   ,50.2065,8.89096   ,50.4251,9.27996   ,50.7069,9.6668    ,50.0644,-7.84154  ,-1.04532   ,560,130175,57.9648,10.0958,134.853,0
1734,51.2115,9.80748   ,50.9514,9.42738    ,50.7256,9.05473  ,50.5426,8.69022   ,50.3763,8.32518   ,50.1746,7.94813   ,49.9323,7.5645     ,49.7183,7.23774   ,49.4833,6.84874   ,49.2936,6.52314     ,49.057 ,6.11313   ,48.9008,5.78486   ,51.2115,9.80748   ,51.2773,9.30278    ,51.0882,8.93001   ,50.9191,8.58167   ,50.7689,8.21537   ,50.5845,7.84022    ,50.352 ,7.45721    ,50.1465,7.14332   ,49.8802,6.76803    ,49.6601,6.4402    ,49.3567,6.03211   ,48.9008,5.78486   ,48.8222,6.31524   ,48.9927,6.71543   ,49.1491,7.03979    ,49.3604,7.44173   ,49.584 ,7.78058   ,49.8299,8.16661    ,50.0336,8.53868   ,50.2135,8.90381   ,50.4222,9.28364   ,50.6981,9.66022   ,50.0664,-7.84556  ,-1.04635   ,562,130038,56.9881,10.3123,133.439,0
1735,51.2159,9.80478   ,50.9402,9.40725    ,50.7388,9.07763  ,50.523 ,8.64451   ,50.3489,8.26715   ,50.1386,7.87636   ,49.9193,7.53823    ,49.6531,7.13985   ,49.4483,6.79461   ,49.2162,6.40148     ,49.0083,6.0391    ,48.8239,5.69089   ,51.2159,9.80478   ,51.2656,9.27301    ,51.0943,8.94124   ,50.8947,8.52197   ,50.7346,8.14064   ,50.5449,7.74763    ,50.3341,7.41227    ,50.0611,7.02288   ,49.8223,6.68604    ,49.5501,6.28585   ,49.2776,5.93061   ,48.8239,5.69089   ,48.8052,6.27048   ,48.9522,6.63189   ,49.1386,7.01673    ,49.3194,7.37165   ,49.5819,7.77745   ,49.8   ,8.11786    ,50.0149,8.50163   ,50.1997,8.87631   ,50.4451,9.32204   ,50.6905,9.65309   ,50.0488,-7.81174  ,-1.04752   ,572,131769,58.4558,10.255 ,134.853,0
1736,51.1562,9.71488   ,50.9016,9.35582    ,50.6682,8.94546  ,50.4945,8.57225   ,50.3164,8.19648   ,50.1008,7.82165   ,49.8526,7.4414     ,49.6349,7.10017   ,49.4053,6.71306   ,49.1788,6.33229     ,48.9693,5.97487   ,48.7704,5.6239    ,51.1562,9.71488   ,51.2212,9.20964    ,51.0278,8.80899   ,50.8682,8.43989   ,50.6952,8.04689   ,50.4996,7.67003    ,50.2629,7.30787    ,50.0414,6.99534   ,49.7851,6.62804    ,49.5176,6.24149   ,49.234 ,5.89283   ,48.7704,5.6239    ,48.7736,6.17704   ,48.9085,6.53691   ,49.0871,6.90488    ,49.3013,7.31945   ,49.5142,7.68589   ,49.7698,8.08043    ,49.9905,8.45262   ,50.1688,8.81339   ,50.3634,9.18519   ,50.6456,9.60367   ,50.0121,-7.74976  ,-1.04818   ,569,131926,58.1714,10.2868,134.61 ,0
1737,51.0651,9.5345    ,50.8114,9.19324    ,50.603 ,8.82002  ,50.4352,8.44953   ,50.2444,8.07625   ,50.0151,7.69345   ,49.8029,7.36925    ,49.5701,6.98726   ,49.3738,6.6526    ,49.1649,6.3082      ,48.9643,5.95407   ,48.7765,5.58498   ,51.0651,9.5345    ,51.1355,9.05436    ,50.9686,8.68578   ,50.8118,8.31549   ,50.646 ,7.94651   ,50.4314,7.56134    ,50.2195,7.24213    ,49.9732,6.87339   ,49.7438,6.54607    ,49.475 ,6.19277   ,49.2024,5.83884   ,48.7765,5.58498   ,48.7864,6.18679   ,48.9254,6.54128   ,49.0713,6.87059    ,49.2322,7.21236   ,49.4556,7.604     ,49.6692,7.93431    ,49.9023,8.3155    ,50.1073,8.68804   ,50.2898,9.06097   ,50.5537,9.43537   ,49.959 ,-7.65568  ,-1.04967   ,546,126996,56.0854,10.4072,131.196,0
1738,50.8305,9.39759   ,50.6872,9.01306    ,50.5207,8.64181  ,50.3585,8.29524   ,50.1753,7.94336   ,49.9586,7.59109   ,49.765 ,7.29037    ,49.5414,6.92839   ,49.3265,6.56753   ,49.1334,6.24443     ,48.9526,5.91212   ,48.8013,5.57167   ,50.8305,9.39759   ,51.0117,8.94683    ,50.9022,8.5492    ,50.7546,8.19931   ,50.5981,7.84607   ,50.4083,7.4983     ,50.216 ,7.20415    ,49.9621,6.85059   ,49.7004,6.48907    ,49.4486,6.15875   ,49.1979,5.83247   ,48.8013,5.57167   ,48.7603,6.10185   ,48.8837,6.43995   ,49.0157,6.74988    ,49.1818,7.11024   ,49.3787,7.47778   ,49.5722,7.78358    ,49.811 ,8.14264   ,50.0084,8.48943   ,50.1889,8.83603   ,50.4047,9.18891   ,49.9018,-7.54812  ,-1.047     ,515,120027,53.2434,10.8342,124.953,0
1739,50.9217,9.15214   ,50.6497,8.86135    ,50.4514,8.52776  ,50.3052,8.19398   ,50.1325,7.85643   ,49.9278,7.51745   ,49.709 ,7.17741    ,49.5216,6.87584   ,49.3362,6.57395   ,49.116 ,6.21074     ,48.9448,5.89593   ,48.7909,5.57709   ,50.9217,9.15214   ,50.9508,8.71277    ,50.8122,8.37965   ,50.6762,8.04899   ,50.5316,7.71397   ,50.356 ,7.38389    ,50.1494,7.06117    ,49.9368,6.77104   ,49.7048,6.46708    ,49.415 ,6.09616   ,49.1815,5.79526   ,48.7909,5.57709   ,48.7601,6.10022   ,48.8796,6.43034   ,49.0299,6.78177    ,49.1675,7.08195   ,49.3313,7.39204   ,49.5613,7.74758    ,49.7872,8.09632   ,49.977 ,8.43402   ,50.137 ,8.77183   ,50.4185,9.0997    ,49.8716,-7.48475  ,-1.0488    ,504,116402,51.2573,10.823 ,121.539,0
1740,50.8865,9.20206   ,50.6182,8.86599    ,50.4517,8.55597  ,50.2964,8.2255    ,50.1222,7.85976   ,49.9229,7.50163   ,49.7196,7.17953    ,49.5247,6.85702   ,49.3498,6.56751   ,49.1228,6.19781     ,48.9271,5.88123   ,48.7548,5.58992   ,50.8865,9.20206   ,50.9469,8.69916    ,50.7865,8.39461   ,50.6608,8.07494   ,50.5201,7.71741   ,50.3539,7.38731    ,50.1679,7.08766    ,49.9495,6.77195   ,49.7435,6.48091    ,49.437 ,6.10648   ,49.1577,5.80119   ,48.7548,5.58992   ,48.7601,6.06395   ,48.8747,6.39662   ,49.0179,6.75448    ,49.1548,7.03484   ,49.3287,7.36352   ,49.5472,7.70699    ,49.7681,8.09082   ,49.9771,8.47111   ,50.1609,8.80902   ,50.3451,9.11511   ,49.8723,-7.48791  ,-1.05361   ,501,115760,51.5656,10.8345,121.539,0
1741,50.8557,9.25152   ,50.6391,8.88243    ,50.4393,8.5808   ,50.244 ,8.23309   ,50.0979,7.88796   ,49.9548,7.53774   ,49.7588,7.19801    ,49.542 ,6.85914   ,49.3204,6.51265   ,49.1235,6.19048     ,48.9306,5.84603   ,48.7671,5.53395   ,50.8557,9.25152   ,50.9749,8.77997    ,50.8195,8.4746    ,50.6382,8.1315    ,50.4946,7.79871   ,50.3672,7.44446    ,50.1841,7.10417    ,49.9624,6.77164   ,49.7156,6.42048    ,49.4612,6.0868    ,49.1777,5.74964   ,48.7671,5.53395   ,48.7439,6.0561    ,48.8523,6.40652   ,48.9894,6.70604    ,49.1845,7.04395   ,49.3946,7.38861   ,49.5883,7.72924    ,49.7388,8.07859   ,49.8991,8.43156   ,50.1235,8.78845   ,50.3684,9.08231   ,49.848 ,-7.44852  ,-1.06404   ,504,116128,52.4126,10.2912,122.368,0
1742,50.8613,9.18424   ,50.6073,8.83137    ,50.4079,8.52362  ,50.2166,8.16258   ,50.0726,7.86295   ,49.8979,7.47599   ,49.7435,7.14196    ,49.5478,6.80563   ,49.3486,6.50098   ,49.1351,6.18118     ,48.9185,5.85587   ,48.7055,5.54406   ,50.8613,9.18424   ,50.9434,8.69385    ,50.7731,8.39057   ,50.6006,8.05017   ,50.4778,7.76325   ,50.3128,7.38449    ,50.1577,7.07056    ,49.9704,6.74593   ,49.7488,6.43528    ,49.4746,6.08924   ,49.1739,5.74734   ,48.7055,5.54406   ,48.7325,6.07015   ,48.8689,6.38168   ,49.0165,6.67016    ,49.1882,6.96403   ,49.3763,7.30746   ,49.5255,7.66435    ,49.7127,8.06123   ,49.8835,8.37672   ,50.1044,8.76087   ,50.3412,9.06718   ,49.8439,-7.43453  ,-1.06627   ,501,117108,52.0269,10.247 ,123.196,0
1743,50.8568,9.13941   ,50.6129,8.83522    ,50.3877,8.49156  ,50.1969,8.14002   ,50.041 ,7.78385   ,49.8729,7.43347   ,49.7163,7.09262    ,49.5535,6.7633    ,49.3278,6.40752   ,49.1017,6.07649     ,48.913 ,5.80038   ,48.6912,5.49736   ,50.8568,9.13941   ,50.9295,8.68796    ,50.7242,8.34591   ,50.5596,8.00977   ,50.4335,7.65282   ,50.2829,7.32427    ,50.1254,7.00962    ,49.9706,6.69418   ,49.7384,6.33736    ,49.4564,5.98123   ,49.1904,5.68748   ,48.6912,5.49736   ,48.7097,6.02027   ,48.8235,6.28408   ,48.99  ,6.58419    ,49.1877,6.92767   ,49.3508,7.271     ,49.5112,7.6413     ,49.6929,8.01667   ,49.8832,8.37191   ,50.1125,8.73655   ,50.3625,9.0747    ,49.8182,-7.36761  ,-1.0729    ,507,117922,52.1727,10.2316,124.368,0
1744,50.814 ,9.0959    ,50.5687,8.75016    ,50.3534,8.43757  ,50.1619,8.06263   ,50.0235,7.7416    ,49.8429,7.37536   ,49.66  ,7.00998    ,49.4728,6.63842   ,49.3039,6.3127    ,49.0997,5.98773     ,48.8454,5.66814   ,48.567 ,5.43928   ,50.814 ,9.0959    ,50.8599,8.60795    ,50.6901,8.29912   ,50.5304,7.92305   ,50.4074,7.58746   ,50.2361,7.2314     ,50.0613,6.88279    ,49.8762,6.52982   ,49.6919,6.21353    ,49.4453,5.86808   ,49.0962,5.52613   ,48.567 ,5.43928   ,48.6838,5.91152   ,48.8297,6.21599   ,48.9738,6.52015    ,49.1253,6.85517   ,49.3119,7.24147   ,49.502 ,7.62314    ,49.6869,8.002     ,49.8416,8.31013   ,50.0816,8.68106   ,50.355 ,8.9941    ,49.7587,-7.24003  ,-1.08711   ,520,120298,53.1033,10.2048,124.61 ,0
1745,50.7201,9.08048   ,50.523 ,8.70761    ,50.2914,8.31954  ,50.1301,7.97611   ,49.9489,7.56905   ,49.7537,7.17824   ,49.5775,6.85542    ,49.3767,6.47378   ,49.1876,6.08639   ,49.0083,5.7503      ,48.735 ,5.39856   ,48.4614,5.13642   ,50.7201,9.08048   ,50.8275,8.60061    ,50.6435,8.20011   ,50.4973,7.85265   ,50.3334,7.44038   ,50.1487,7.05658    ,49.9856,6.73298    ,49.7617,6.34444   ,49.5475,5.95577    ,49.3321,5.61341   ,48.9942,5.27027   ,48.4614,5.13642   ,48.5656,5.62193   ,48.7466,5.99779   ,48.8856,6.32775    ,49.0461,6.71425   ,49.2274,7.08472   ,49.4161,7.40923    ,49.619 ,7.81214   ,49.8155,8.21577   ,49.9981,8.55      ,50.2878,8.92723   ,49.6912,-7.10415  ,-1.08913   ,540,124807,56.0893,10.25  ,129.782,0
1746,50.6647,8.99792   ,50.4455,8.61374    ,50.2609,8.25757  ,50.0559,7.83268   ,49.8976,7.49018   ,49.7031,7.09665   ,49.4966,6.71268    ,49.3235,6.38489   ,49.106 ,5.97294   ,48.8939,5.62449     ,48.6335,5.32601   ,48.3204,5.09471   ,50.6647,8.99792   ,50.7375,8.48806    ,50.5948,8.10683   ,50.4086,7.64735   ,50.2583,7.27748   ,50.0693,6.89735    ,49.8618,6.51115    ,49.6683,6.17478   ,49.4317,5.77331    ,49.1731,5.42255   ,48.8505,5.1351    ,48.3204,5.09471   ,48.5129,5.6107    ,48.6882,5.93512   ,48.8485,6.29396    ,49.0344,6.70571   ,49.192 ,7.02314   ,49.3952,7.40802    ,49.5895,7.81405   ,49.7586,8.13863   ,49.9854,8.52855   ,50.2191,8.85506   ,49.6219,-7.00374  ,-1.0832    ,550,126951,56.4123,10.5154,130.953,0
1747,50.5507,8.92312   ,50.3409,8.51153    ,50.1869,8.17113  ,50.024 ,7.79678   ,49.8607,7.42293   ,49.6596,7.01642   ,49.4586,6.65467    ,49.2836,6.33231   ,49.0691,5.94768   ,48.8178,5.60807     ,48.5211,5.29768   ,48.2354,5.09933   ,50.5507,8.92312   ,50.6622,8.42552    ,50.5491,8.0538    ,50.3938,7.66364   ,50.2483,7.2694    ,50.0516,6.86099    ,49.8589,6.50418    ,49.6747,6.19141   ,49.4245,5.80422    ,49.119 ,5.43969   ,48.7334,5.11465   ,48.2354,5.09933   ,48.41  ,5.57154   ,48.6099,5.88999   ,48.784 ,6.20216    ,48.9467,6.58212   ,49.1214,6.91078   ,49.3189,7.273      ,49.5217,7.68076   ,49.6998,8.03771   ,49.8725,8.39799   ,50.0775,8.71338   ,49.5626,-6.93874  ,-1.07807   ,545,125834,55.5317,10.3282,129.782,0
1748,50.4526,8.79934   ,50.2746,8.42426    ,50.1053,8.01446  ,49.953 ,7.63092   ,49.7896,7.27592   ,49.5975,6.9172    ,49.3856,6.54696    ,49.1838,6.19096   ,48.9638,5.82499   ,48.742 ,5.50027     ,48.4919,5.1987    ,48.1866,4.95345   ,50.4526,8.79934   ,50.5942,8.34168    ,50.4794,7.9048    ,50.3404,7.50946   ,50.1917,7.1418    ,50.0167,6.79971    ,49.809 ,6.44868    ,49.5907,6.09262   ,49.3334,5.71426    ,49.0504,5.3657    ,48.7114,5.04648   ,48.1866,4.95345   ,48.3577,5.44251   ,48.5123,5.74287   ,48.6619,6.04263    ,48.8351,6.39117   ,49.0211,6.7487    ,49.2372,7.14049    ,49.4371,7.5095    ,49.6092,7.8579    ,49.777 ,8.23911   ,50.0057,8.62358   ,49.5167,-6.87785  ,-1.07611   ,542,125823,55.3135,10.434 ,129.196,0
1749,50.465 ,8.82427   ,50.2585,8.42779    ,50.1139,8.03116  ,49.9374,7.61511   ,49.7486,7.21529   ,49.5585,6.85973   ,49.3383,6.46332    ,49.1531,6.11835   ,48.9371,5.75309   ,48.6488,5.35526     ,48.3773,5.03857   ,48.0954,4.80104   ,50.465 ,8.82427   ,50.5726,8.36914    ,50.475 ,7.93834   ,50.3263,7.50286   ,50.1556,7.11364   ,49.9995,6.76822    ,49.7697,6.38402    ,49.5756,6.05058   ,49.3407,5.68698    ,48.9584,5.25151   ,48.5761,4.90595   ,48.0954,4.80104   ,48.2695,5.26769   ,48.4273,5.5727    ,48.6049,5.92882    ,48.783 ,6.28517   ,48.96  ,6.64106   ,49.1743,7.05165    ,49.3897,7.4191    ,49.5953,7.82682   ,49.7931,8.23451   ,49.9914,8.60013   ,49.4685,-6.79688  ,-1.07542   ,551,127061,57.8398,10.7011,132.61 ,0
1750,50.4163,8.63545   ,50.1941,8.25152    ,50.0407,7.8734   ,49.8739,7.49013   ,49.6933,7.11053   ,49.4972,6.73718   ,49.299 ,6.37001    ,49.1231,6.04651   ,48.8743,5.64786   ,48.6389,5.32583     ,48.3867,5.00944   ,48.168 ,4.70689   ,50.4163,8.63545   ,50.5236,8.18705    ,50.4272,7.79542   ,50.2759,7.41126   ,50.1274,7.04291   ,49.9637,6.68869    ,49.7615,6.34012    ,49.5816,6.03282   ,49.2942,5.63172    ,48.982 ,5.27793   ,48.6307,4.9336    ,48.168 ,4.70689   ,48.2252,5.18827   ,48.3786,5.48156   ,48.5251,5.76866    ,48.7177,6.15424   ,48.8858,6.49159   ,49.079 ,6.87741    ,49.3077,7.27387   ,49.5145,7.66291   ,49.6954,8.05316   ,49.9161,8.42609   ,49.438 ,-6.73143  ,-1.07246   ,539,124094,55.7589,11.0947,128.368,0
1751,50.3906,8.5772    ,50.1536,8.2038     ,50.0081,7.84619  ,49.852 ,7.45068   ,49.6954,7.11113   ,49.4746,6.73013   ,49.3016,6.39403    ,49.1198,6.05007   ,48.8976,5.6902    ,48.6556,5.37303     ,48.3854,5.07316   ,48.0974,4.8258    ,50.3906,8.5772    ,50.4829,8.09928    ,50.3685,7.74379   ,50.2312,7.34139   ,50.1039,6.99432   ,49.9005,6.62553    ,49.7407,6.3212     ,49.5713,6.00958   ,49.3108,5.6523     ,48.9819,5.30397   ,48.5982,4.97728   ,48.0974,4.8258    ,48.2645,5.2627    ,48.4153,5.54749   ,48.5559,5.83256    ,48.7239,6.19125   ,48.9098,6.56345   ,49.1023,6.92958    ,49.3374,7.32432   ,49.5129,7.65757   ,49.6856,8.05046   ,49.875 ,8.40607   ,49.4079,-6.68729  ,-1.07155   ,523,119930,54.4813,10.629 ,126.368,0
1752,50.4346,8.42303   ,50.1174,8.13357    ,49.9418,7.76912  ,49.8098,7.41481   ,49.6697,7.05727   ,49.4844,6.68725   ,49.2802,6.32754    ,49.0731,5.95979   ,48.8757,5.65918   ,48.6366,5.34492     ,48.3398,5.007     ,48.0897,4.77788   ,50.4346,8.42303   ,50.4409,7.94819    ,50.2749,7.60856   ,50.1703,7.26549   ,50.0641,6.9298    ,49.9148,6.58484    ,49.7255,6.25368    ,49.507 ,5.9045    ,49.2718,5.59801    ,48.9464,5.2558    ,48.5278,4.89811   ,48.0897,4.77788   ,48.2365,5.20344   ,48.4099,5.538     ,48.5526,5.82399    ,48.6953,6.11015   ,48.885 ,6.49138   ,49.1055,6.87988    ,49.3155,7.28352   ,49.4878,7.66814   ,49.6477,8.02572   ,49.8498,8.40112   ,49.4065,-6.68102  ,-1.07588   ,519,118240,53.9201,10.7135,126.368,0
1753,50.4   ,8.50472   ,50.1518,8.1323     ,49.9566,7.81604  ,49.7877,7.4546    ,49.6511,7.0706    ,49.4913,6.71656   ,49.2934,6.31354    ,49.1094,6.00223   ,48.8745,5.6381    ,48.6546,5.32975     ,48.3693,4.99107   ,48.126 ,4.75213   ,50.4   ,8.50472   ,50.4823,8.03792    ,50.3259,7.72807   ,50.1619,7.37836   ,50.0398,6.98163   ,49.8925,6.62067    ,49.7013,6.21549    ,49.5171,5.89776   ,49.2499,5.52441    ,48.9668,5.20209   ,48.5836,4.86114   ,48.126 ,4.75213   ,48.2381,5.21298   ,48.4196,5.55873   ,48.5675,5.85568    ,48.7676,6.21069   ,48.9393,6.51488   ,49.138 ,6.91017    ,49.3023,7.26857   ,49.4555,7.63651   ,49.646 ,8.00778   ,49.8929,8.33106   ,49.384 ,-6.63015  ,-1.07697   ,512,117868,54.2329,10.0406,125.782,0
1754,50.4562,8.43497   ,50.1761,8.13553    ,49.9578,7.78569  ,49.782 ,7.41793   ,49.6234,7.05221   ,49.4688,6.68041   ,49.3072,6.32235    ,49.1199,5.96264   ,48.9078,5.64067   ,48.6741,5.32096     ,48.3851,4.99015   ,48.1288,4.76649   ,50.4562,8.43497   ,50.4667,7.95065    ,50.2654,7.58699   ,50.1117,7.21971   ,49.9672,6.8508    ,49.8184,6.48552    ,49.6545,6.14616    ,49.4753,5.80428   ,49.2478,5.4785     ,48.9629,5.1452    ,48.6038,4.83056   ,48.1288,4.76649   ,48.2502,5.23636   ,48.466 ,5.59996   ,48.6417,5.91143    ,48.8274,6.22547   ,49.0052,6.60156   ,49.1658,6.97827    ,49.3237,7.35973   ,49.4992,7.71998   ,49.7053,8.09018   ,49.9604,8.4074    ,49.3831,-6.60915  ,-1.08125   ,510,119110,53.8768,10.0622,126.368,0
1755,50.404 ,8.37373   ,50.1083,8.05985    ,49.917 ,7.68819  ,49.7586,7.36134   ,49.5941,6.97951   ,49.4208,6.59115   ,49.2383,6.21619    ,49.0706,5.90223   ,48.8322,5.52114   ,48.5755,5.19221     ,48.3421,4.94355   ,48.0207,4.70989   ,50.404 ,8.37373   ,50.4158,7.87705    ,50.2254,7.50137   ,50.0926,7.16966   ,49.9391,6.78028   ,49.7786,6.40007    ,49.6036,6.04482    ,49.4302,5.73176   ,49.1478,5.33462    ,48.8423,4.99442   ,48.5561,4.75569   ,48.0207,4.70989   ,48.2209,5.22407   ,48.4007,5.49705   ,48.5914,5.81814    ,48.7715,6.1787    ,48.9242,6.49214   ,49.1172,6.89151    ,49.294 ,7.29014   ,49.4751,7.66147   ,49.6601,7.98474   ,49.8699,8.33913   ,49.3482,-6.55322  ,-1.07838   ,523,121466,54.4   ,10.1056,129.196,0
1756,50.3665,8.39666   ,50.1084,8.02708    ,49.909 ,7.69731  ,49.7341,7.31345   ,49.5733,6.92502   ,49.3895,6.53389   ,49.216 ,6.20324    ,49.0113,5.80914   ,48.8187,5.46386   ,48.5808,5.13511     ,48.27  ,4.81302   ,48.0015,4.56208   ,50.3665,8.39666   ,50.4092,7.88114    ,50.2456,7.54461   ,50.0824,7.14333   ,49.923 ,6.73926   ,49.7539,6.34861    ,49.5958,6.03251    ,49.3839,5.65428   ,49.1722,5.31277    ,48.8932,4.96808   ,48.4765,4.66259   ,48.0015,4.56208   ,48.1553,5.04478   ,48.3522,5.40654   ,48.5358,5.72935    ,48.699 ,6.07864   ,48.894 ,6.48391   ,49.0824,6.8297     ,49.269 ,7.22434   ,49.4323,7.59266   ,49.6302,7.96183   ,49.8837,8.27851   ,49.3115,-6.47771  ,-1.08053   ,535,122417,55.7733,10.2342,133.196,0
1757,50.334 ,8.28497   ,50.0705,7.96726    ,49.8544,7.5842   ,49.6972,7.24493   ,49.5367,6.83699   ,49.3735,6.49579   ,49.1827,6.11101    ,48.9967,5.77858   ,48.8043,5.43248   ,48.5829,5.09619     ,48.2827,4.75581   ,48.0421,4.50751   ,50.334 ,8.28497   ,50.3619,7.79225    ,50.1713,7.40859   ,50.032 ,7.0572    ,49.8802,6.63357   ,49.7298,6.29828    ,49.5385,5.92377    ,49.3436,5.59188   ,49.1408,5.2536     ,48.899 ,4.9087    ,48.536 ,4.58509   ,48.0421,4.50751   ,48.1191,5.01535   ,48.3444,5.39224   ,48.535 ,5.72654    ,48.7132,6.07873   ,48.8837,6.40626   ,49.0735,6.80589    ,49.2404,7.15761   ,49.4115,7.54568   ,49.594 ,7.8738    ,49.8519,8.2418    ,49.2655,-6.38387  ,-1.08536   ,534,124720,54.6186,10.176 ,129.196,0
1758,50.2279,8.26693   ,50.0207,7.88603    ,49.796 ,7.47559  ,49.6497,7.12324   ,49.4859,6.70811   ,49.2914,6.31026   ,49.0837,5.92178    ,48.8776,5.58235   ,48.6725,5.24158   ,48.3733,4.85225     ,48.0672,4.55734   ,47.7866,4.33522   ,50.2279,8.26693   ,50.3302,7.79656    ,50.1581,7.36603   ,50.0175,6.99753   ,49.8605,6.56077   ,49.6623,6.14173    ,49.4453,5.73803    ,49.2343,5.3929    ,48.9934,5.03434    ,48.6271,4.62628   ,48.2643,4.37093   ,47.7866,4.33522   ,47.9745,4.83588   ,48.216 ,5.18475   ,48.4228,5.56253    ,48.5896,5.88539   ,48.7852,6.2167    ,48.979 ,6.59206    ,49.1628,6.9691    ,49.3265,7.36969   ,49.4894,7.70152   ,49.7808,8.09314   ,49.1759,-6.2345   ,-1.06396   ,554,128279,57.442 ,10.0362,133.439,0
1759,50.0919,8.15681   ,49.9022,7.73172    ,49.7422,7.365    ,49.5757,6.96699   ,49.4079,6.59492   ,49.2295,6.23763   ,49.0285,5.87147    ,48.8263,5.53595   ,48.6097,5.19497   ,48.3752,4.87126     ,48.0714,4.52825   ,47.8331,4.25138   ,50.0919,8.15681   ,50.2001,7.63117    ,50.1035,7.22133   ,49.9474,6.81585   ,49.7912,6.42582   ,49.6139,6.06618    ,49.4062,5.699      ,49.1905,5.36981   ,48.9522,5.0267     ,48.6805,4.68802   ,48.3225,4.37272   ,47.8331,4.25138   ,47.9095,4.78005   ,48.1499,5.15745   ,48.3418,5.47578    ,48.5309,5.81624   ,48.714 ,6.15159   ,48.8967,6.5112     ,49.0748,6.86716   ,49.2493,7.22904   ,49.4336,7.62636   ,49.6597,7.95838   ,49.1117,-6.1629   ,-1.06371   ,548,127608,55.705 ,10.3526,130.024,0
1760,49.9505,7.98146   ,49.7756,7.56432    ,49.653 ,7.23398  ,49.5114,6.87015   ,49.3634,6.51974   ,49.1694,6.13365   ,48.9715,5.7948     ,48.7627,5.44804   ,48.5365,5.13109   ,48.2706,4.81038     ,48.041 ,4.57011   ,47.7516,4.31649   ,49.9505,7.98146   ,50.1079,7.47353    ,50.0231,7.10417   ,49.8867,6.72612   ,49.7451,6.37302   ,49.5728,5.98462    ,49.3793,5.65132    ,49.1479,5.30025   ,48.8861,4.96809    ,48.5541,4.62286   ,48.2729,4.38493   ,47.7516,4.31649   ,47.8994,4.84468   ,48.0795,5.10229   ,48.2684,5.40183    ,48.4428,5.69764   ,48.62  ,6.03535   ,48.8198,6.37882    ,49.0251,6.76502   ,49.1764,7.11715   ,49.3233,7.47033   ,49.4862,7.76843   ,49.0613,-6.1067   ,-1.06131   ,532,122306,53.0908,10.4352,126.61 ,0
1761,49.8295,7.94749   ,49.716 ,7.53327    ,49.6136,7.18121  ,49.4837,6.80284   ,49.315 ,6.41309   ,49.1489,6.08564   ,48.9209,5.70342    ,48.7367,5.40801   ,48.4704,5.04278   ,48.2486,4.78298     ,47.9705,4.50644   ,47.6633,4.25742   ,49.8295,7.94749   ,50.034 ,7.48348    ,49.9844,7.09053   ,49.8672,6.6835    ,49.7088,6.27799   ,49.5535,5.94788    ,49.3267,5.56854    ,49.1246,5.26701   ,48.8081,4.87797    ,48.5305,4.59696   ,48.194 ,4.32919   ,47.6633,4.25742   ,47.8397,4.76845   ,48.058 ,5.07029   ,48.2157,5.31351    ,48.4151,5.64976   ,48.573 ,5.93463   ,48.7958,6.31722    ,48.9648,6.64304   ,49.1395,7.02518   ,49.2782,7.38611   ,49.4303,7.70101   ,49.0071,-6.02019  ,-1.05375   ,523,120602,53.5127,10.3379,124.368,0
1762,49.9008,7.85529   ,49.7149,7.45663    ,49.5798,7.11627  ,49.4462,6.72864   ,49.2958,6.37164   ,49.0977,5.98524   ,48.8901,5.63607    ,48.6743,5.31902   ,48.4197,4.99037   ,48.1464,4.68042     ,47.8668,4.40827   ,47.5916,4.18248   ,49.9008,7.85529   ,50.0319,7.37623    ,49.9454,7.01471   ,49.8209,6.60406   ,49.6852,6.22306   ,49.4903,5.83117    ,49.2828,5.48209    ,49.0449,5.15273   ,48.7221,4.79316    ,48.3665,4.46083   ,48.039 ,4.22456   ,47.5916,4.18248   ,47.7886,4.6786    ,48.0179,4.99745   ,48.2056,5.29654    ,48.3822,5.59362   ,48.5608,5.89205   ,48.7589,6.23652    ,48.952 ,6.61861   ,49.1107,6.96043   ,49.2547,7.33118   ,49.448 ,7.64815   ,48.972 ,-5.95694  ,-1.04388   ,517,118482,54.0062,10.2549,125.196,0
1763,49.9962,7.72906   ,49.7312,7.42298    ,49.5358,7.06066  ,49.3983,6.66564   ,49.2738,6.3381    ,49.1014,5.98456   ,48.8915,5.62652    ,48.6789,5.30926   ,48.4263,4.9626    ,48.1722,4.68453     ,47.8926,4.42494   ,47.608 ,4.16921   ,49.9962,7.72906   ,50.0405,7.23668    ,49.8665,6.86675   ,49.7363,6.4436    ,49.6192,6.09632   ,49.4455,5.73327    ,49.2119,5.36106    ,48.9784,5.03382   ,48.6956,4.71299    ,48.4089,4.47657   ,48.0903,4.27726   ,47.608 ,4.16921   ,47.7885,4.65796   ,48.026 ,4.98277   ,48.2315,5.30721    ,48.4526,5.69014   ,48.6362,5.99631   ,48.8108,6.33573    ,48.9723,6.68589   ,49.1003,6.99897   ,49.2475,7.36703   ,49.4949,7.69823   ,48.9808,-5.96173  ,-1.0492    ,514,116706,53.3251,10.7349,125.539,0
1764,49.9636,7.78415   ,49.7565,7.42292    ,49.5401,7.06281  ,49.3795,6.69484   ,49.2503,6.36696   ,49.0999,5.98707   ,48.9181,5.62878    ,48.7171,5.31054   ,48.4638,4.98163   ,48.1869,4.6781      ,47.9136,4.41412   ,47.642 ,4.15414   ,49.9636,7.78415   ,50.0765,7.30097    ,49.8884,6.928     ,49.7313,6.54588   ,49.6159,6.19496   ,49.4723,5.80444    ,49.2897,5.43761    ,49.06  ,5.10635   ,48.7648,4.76054    ,48.4301,4.45631   ,48.1104,4.24678   ,47.642 ,4.15414   ,47.8067,4.66682   ,48.0361,4.99461   ,48.2529,5.31135    ,48.4488,5.62333   ,48.6045,5.92265   ,48.7726,6.27525    ,48.9274,6.64891   ,49.0724,6.95018   ,49.2432,7.30138   ,49.5061,7.64551   ,48.9679,-5.9263   ,-1.05072   ,513,116962,53.4872,10.3429,126.024,0
1765,49.9604,7.79204   ,49.7641,7.4284     ,49.55  ,7.05251  ,49.3953,6.73337   ,49.2386,6.35988   ,49.0836,5.98924   ,48.9155,5.64285    ,48.7016,5.27979   ,48.4346,4.94221   ,48.1836,4.67094     ,47.8867,4.39274   ,47.6008,4.1785    ,49.9604,7.79204   ,50.0766,7.31602    ,49.8901,6.9293    ,49.7511,6.60195   ,49.605 ,6.20592   ,49.4495,5.82194    ,49.2791,5.47001    ,49.0573,5.0956    ,48.7439,4.73205    ,48.4406,4.44531   ,48.098 ,4.19866   ,47.6008,4.1785    ,47.7722,4.67091   ,48.028 ,5.00027   ,48.2222,5.26554    ,48.4206,5.57268   ,48.6006,5.91452   ,48.765 ,6.25818    ,48.9144,6.62244   ,49.089 ,6.96983   ,49.2646,7.2831    ,49.5181,7.6452    ,48.9517,-5.90275  ,-1.0472    ,516,118694,53.7211,9.95578,126.024,0
1766,49.959 ,7.79235   ,49.7675,7.43464    ,49.5562,7.06222  ,49.3853,6.682     ,49.2448,6.35202   ,49.0813,5.98283   ,48.8762,5.58745    ,48.6838,5.27516   ,48.4357,4.94447   ,48.1361,4.61893     ,47.8866,4.38049   ,47.5897,4.12137   ,49.959 ,7.79235   ,50.0779,7.32137    ,49.8938,6.93638   ,49.7332,6.55687   ,49.6096,6.21883   ,49.4565,5.83625    ,49.2621,5.43589    ,49.0603,5.11118   ,48.7552,4.74926    ,48.3956,4.40287   ,48.1122,4.18946   ,47.5897,4.12137   ,47.7586,4.66232   ,47.9789,4.93821   ,48.2086,5.25163    ,48.3778,5.54594   ,48.5464,5.8394    ,48.754 ,6.22977    ,48.9271,6.59558   ,49.0842,6.9161    ,49.272 ,7.29535   ,49.5226,7.65065   ,48.9413,-5.88701  ,-1.04447   ,519,120454,54.2395,10.077 ,126.853,0
1767,49.9804,7.64632   ,49.7103,7.33804    ,49.5226,6.97758  ,49.3507,6.59412   ,49.182 ,6.20497   ,49.0118,5.8418    ,48.8179,5.48734    ,48.6204,5.17053   ,48.3844,4.84791   ,48.0968,4.5391      ,47.7866,4.26424   ,47.493 ,4.07125   ,49.9804,7.64632   ,50.0141,7.1548     ,49.824 ,6.77402   ,49.6777,6.37316   ,49.5228,5.9841    ,49.3508,5.62115    ,49.1649,5.26183    ,48.947 ,4.92946   ,48.6688,4.58586    ,48.3445,4.2818    ,48.0011,4.05627   ,47.493 ,4.07125   ,47.6761,4.55658   ,47.9494,4.89521   ,48.187 ,5.21732    ,48.3627,5.5184    ,48.5327,5.81631   ,48.7224,6.16274    ,48.8897,6.53552   ,49.0725,6.9252    ,49.2694,7.289     ,49.4748,7.61381   ,48.9023,-5.81051  ,-1.04168   ,534,122638,54.3222,10.3131,128.61 ,0
1768,50.0188,7.63581   ,49.6999,7.31901    ,49.505 ,6.92859  ,49.3332,6.50854   ,49.1542,6.11993   ,48.9584,5.73019   ,48.7572,5.39389    ,48.5142,5.0418    ,48.2403,4.69216   ,47.9337,4.37782     ,47.5927,4.09984   ,47.2565,3.90136   ,50.0188,7.63581   ,49.9892,7.1135     ,49.799 ,6.708     ,49.6532,6.27635   ,49.4822,5.87453   ,49.2811,5.46396    ,49.0764,5.11922    ,48.7975,4.74741   ,48.4611,4.37376    ,48.1088,4.07994   ,47.7443,3.88642   ,47.2565,3.90136   ,47.5611,4.39911   ,47.864 ,4.77445   ,48.1158,5.12424    ,48.3169,5.45475   ,48.5123,5.78296   ,48.6949,6.10711    ,48.8789,6.47528   ,49.0616,6.8582    ,49.2607,7.26748   ,49.485 ,7.6215    ,48.8425,-5.72458  ,-1.02383   ,557,127381,58.1361,10.6826,135.681,0
1769,49.8863,7.65262   ,49.6486,7.23929    ,49.4714,6.8441   ,49.3051,6.44389   ,49.1237,6.05886   ,48.9282,5.66848   ,48.6874,5.27343    ,48.4159,4.90877   ,48.1575,4.59875   ,47.8351,4.26336     ,47.5286,3.99509   ,47.2025,3.77322   ,49.8863,7.65262   ,49.9719,7.09701    ,49.7945,6.6846    ,49.6453,6.25456   ,49.4723,5.85358   ,49.2696,5.4426     ,49.0218,5.03869    ,48.718 ,4.65397   ,48.4107,4.32049    ,48.0295,3.98477   ,47.6922,3.79243   ,47.2025,3.77322   ,47.4668,4.28203   ,47.7457,4.6428    ,48.0117,4.99985    ,48.2103,5.28736   ,48.4328,5.6253    ,48.6448,6.00454    ,48.828 ,6.37497   ,49.0138,6.74571   ,49.1956,7.11847   ,49.3835,7.49169   ,48.7944,-5.64946  ,-1.01869   ,568,130593,58.8118,10.3066,136.267,0
1770,49.8728,7.69402   ,49.6741,7.28195    ,49.4841,6.88656  ,49.3094,6.47509   ,49.136 ,6.0831    ,48.9392,5.69271   ,48.6817,5.29375    ,48.4131,4.94403   ,48.156 ,4.62736   ,47.8563,4.27612     ,47.5589,3.9913    ,47.2213,3.7707    ,49.8728,7.69402   ,49.9859,7.13944    ,49.8048,6.71469   ,49.6417,6.28232   ,49.4719,5.85764   ,49.264 ,5.42998    ,48.9919,5.00736    ,48.6772,4.6282    ,48.3927,4.31864    ,48.0786,4.00295   ,47.7682,3.77717   ,47.2213,3.7707    ,47.454 ,4.29914   ,47.7216,4.6476    ,48.0051,5.03983    ,48.238 ,5.3722    ,48.4559,5.69783   ,48.6746,6.06593    ,48.8515,6.41995   ,49.0262,6.78219   ,49.2154,7.17651   ,49.421 ,7.53193   ,48.7711,-5.6279   ,-1.01394   ,577,131922,59.0491,10.7199,141.338,0
1771,49.877 ,7.67772   ,49.6756,7.28745    ,49.4861,6.90345  ,49.3138,6.50248   ,49.1483,6.11701   ,48.9373,5.70034   ,48.7325,5.3704     ,48.4657,5.00766   ,48.2163,4.70093   ,47.9336,4.38234     ,47.6038,4.04374   ,47.3239,3.78669   ,49.877 ,7.67772   ,49.9922,7.15327    ,49.8165,6.74501   ,49.6599,6.32745   ,49.4961,5.9225    ,49.2856,5.49327    ,49.0851,5.15794    ,48.7881,4.76712   ,48.488 ,4.42551    ,48.185 ,4.11193   ,47.8524,3.845     ,47.3239,3.78669   ,47.4525,4.34106   ,47.773 ,4.7505    ,48.0441,5.09568    ,48.2402,5.37261   ,48.4556,5.69699   ,48.6466,6.01263    ,48.8501,6.41749   ,49.0137,6.79161   ,49.2086,7.17533   ,49.4161,7.52726   ,48.771 ,-5.63747  ,-1.01267   ,572,132352,57.7032,10.1649,136.51 ,0
1772,49.8244,7.71574   ,49.6584,7.26316    ,49.463 ,6.83876  ,49.3037,6.45087   ,49.1043,6.01877   ,48.893 ,5.61483   ,48.6184,5.1881     ,48.3663,4.86797   ,48.0628,4.50436   ,47.7348,4.14309     ,47.4298,3.82908   ,47.125 ,3.57348   ,49.8244,7.71574   ,49.9954,7.16822    ,49.8077,6.72381   ,49.6721,6.32166   ,49.4774,5.853     ,49.2497,5.43212    ,48.9788,4.99988    ,48.7156,4.6711    ,48.4004,4.32326    ,48.0363,3.97176   ,47.6533,3.69077   ,47.125 ,3.57348   ,47.3025,4.06691   ,47.5429,4.42806   ,47.829 ,4.80841    ,48.119 ,5.19052   ,48.3496,5.50362   ,48.5999,5.91352    ,48.7927,6.30319   ,48.9866,6.70929   ,49.1737,7.07928   ,49.3755,7.47901   ,48.7444,-5.59049  ,-1.01004   ,589,134751,61.5089,10.0492,142.752,0
1773,49.9206,7.65183   ,49.6675,7.25066    ,49.4592,6.81169  ,49.3001,6.43456   ,49.0992,5.997     ,48.8958,5.61862   ,48.6591,5.24294    ,48.3544,4.83555   ,48.0947,4.52807   ,47.7794,4.17458     ,47.4863,3.86179   ,47.1819,3.54815   ,49.9206,7.65183   ,49.989 ,7.14786    ,49.814 ,6.70097   ,49.6724,6.31007   ,49.484 ,5.85174   ,49.2812,5.46023    ,49.0605,5.09415    ,48.747 ,4.68922   ,48.4656,4.37539    ,48.0928,4.00739   ,47.7277,3.69963   ,47.1819,3.54815   ,47.3389,4.12246   ,47.5685,4.45435   ,47.8302,4.80363    ,48.0598,5.10318   ,48.331 ,5.50148   ,48.5724,5.8836     ,48.7682,6.25192   ,48.9742,6.66702   ,49.1488,7.03207   ,49.4114,7.46276   ,48.7323,-5.55739  ,-1.00866   ,596,135742,61.0392,10.2466,139.924,0
1774,49.8646,7.56423   ,49.5921,7.15354    ,49.4043,6.75469  ,49.2395,6.35798   ,49.0552,5.9659    ,48.834 ,5.54377   ,48.5869,5.15694    ,48.3227,4.81359   ,48.0471,4.47894   ,47.7484,4.1281      ,47.4503,3.78972   ,47.1657,3.5067    ,49.8646,7.56423   ,49.9086,7.02569    ,49.7585,6.61983   ,49.6139,6.20087   ,49.4363,5.78283   ,49.2099,5.36156    ,48.9646,4.98086    ,48.6884,4.64009   ,48.4102,4.33079    ,48.0748,3.98417   ,47.6889,3.6531    ,47.1657,3.5067    ,47.3079,4.03473   ,47.5232,4.38858   ,47.7789,4.74156    ,48.0474,5.09969   ,48.2895,5.44707   ,48.5176,5.83228    ,48.7286,6.25727   ,48.9138,6.62885   ,49.0971,7.00427   ,49.3369,7.39283   ,48.6937,-5.5128   ,-1.01378   ,586,134537,60.2732,10.4501,139.924,0
1775,49.7319,7.41838   ,49.5076,7.0183     ,49.3441,6.63672  ,49.1703,6.23263   ,48.9902,5.8396    ,48.7655,5.44692   ,48.5568,5.1371     ,48.2717,4.75328   ,47.9989,4.41597   ,47.7162,4.08779     ,47.4369,3.77504   ,47.1759,3.50727   ,49.7319,7.41838   ,49.8361,6.95446    ,49.7239,6.54095   ,49.5637,6.1216    ,49.4   ,5.72446   ,49.2006,5.34626    ,49.0002,5.04489    ,48.6935,4.65207   ,48.3853,4.29945    ,48.0482,3.96146   ,47.6794,3.65802   ,47.1759,3.50727   ,47.2847,3.99228   ,47.479 ,4.32161   ,47.7056,4.64438    ,47.9369,4.96649   ,48.1871,5.3349    ,48.3944,5.64796    ,48.6276,6.05163   ,48.8214,6.44274   ,49.0069,6.8379    ,49.2337,7.19269   ,48.6436,-5.44025  ,-1.01032   ,563,129568,57.7814,10.587 ,134.51 ,0
1776,49.6756,7.33214   ,49.4415,6.93323    ,49.2974,6.55973  ,49.134 ,6.15088   ,48.9539,5.76671   ,48.757 ,5.42958   ,48.5142,5.07054    ,48.2593,4.74066   ,47.9888,4.40958   ,47.7151,4.09111     ,47.451 ,3.78919   ,47.1806,3.48968   ,49.6756,7.33214   ,49.7598,6.84693    ,49.6523,6.4466    ,49.5154,6.0131    ,49.3549,5.62734   ,49.18  ,5.3079     ,48.952 ,4.96113    ,48.6794,4.62475   ,48.3692,4.27937    ,48.0344,3.95144   ,47.6888,3.6642    ,47.1806,3.48968   ,47.2976,4.0108    ,47.4867,4.33478   ,47.6993,4.64876    ,47.9282,4.96791   ,48.1534,5.28644   ,48.396 ,5.64973    ,48.6014,6.0004    ,48.7946,6.38826   ,48.9817,6.77879   ,49.1709,7.12375   ,48.6122,-5.3876   ,-1.00803   ,544,125187,56.6833,10.5752,130.853,0
1777,49.6555,7.18763   ,49.4111,6.8334     ,49.2402,6.44427  ,49.0802,6.06528   ,48.9132,5.69492   ,48.7323,5.37049   ,48.4923,5.02587    ,48.2423,4.70897   ,47.9742,4.38578   ,47.7025,4.07197     ,47.4451,3.78036   ,47.1832,3.50291   ,49.6555,7.18763   ,49.7049,6.71861    ,49.5912,6.30878   ,49.4515,5.92311   ,49.3027,5.55317   ,49.1389,5.23873    ,48.9276,4.91473    ,48.6735,4.60079   ,48.3623,4.26134    ,48.0202,3.92983   ,47.6785,3.64806   ,47.1832,3.50291   ,47.2935,4.00491   ,47.4744,4.31625   ,47.6765,4.61738    ,47.898 ,4.9246    ,48.134 ,5.23936   ,48.3841,5.59624    ,48.5672,5.92901   ,48.7502,6.30048   ,48.9282,6.67673   ,49.1685,7.04168   ,48.5751,-5.31579  ,-1.00252   ,524,120294,54.8923,10.516 ,127.439,0
1778,49.5875,6.99534   ,49.3395,6.67037    ,49.1587,6.28684  ,49.023 ,5.95808   ,48.8548,5.60669   ,48.6595,5.25269   ,48.4116,4.90841    ,48.1876,4.63829   ,47.9152,4.31411   ,47.6625,4.0107      ,47.4438,3.73872   ,47.2006,3.4314    ,49.5875,6.99534   ,49.652 ,6.52739    ,49.4964,6.1326    ,49.3791,5.79343   ,49.2264,5.45133   ,49.0701,5.12631    ,48.8523,4.80399    ,48.615 ,4.53159   ,48.2782,4.1816     ,47.9412,3.85035   ,47.6547,3.58023   ,47.2006,3.4314    ,47.2997,3.98358   ,47.4651,4.26819   ,47.6404,4.5526     ,47.8523,4.85444   ,48.0533,5.11694   ,48.3049,5.47054    ,48.5264,5.84864   ,48.707 ,6.2139    ,48.8598,6.53794   ,49.0836,6.90411   ,48.5333,-5.23753  ,-1.00048   ,511,117949,52.975 ,10.5242,123.782,0
1779,49.6159,7.03331   ,49.3624,6.67325    ,49.1617,6.32824  ,48.9889,5.98294   ,48.839 ,5.63413   ,48.6874,5.28045   ,48.461 ,4.92206    ,48.2038,4.5965    ,47.9668,4.32558   ,47.6937,4.02824     ,47.4407,3.70441   ,47.2229,3.41037   ,49.6159,7.03331   ,49.662 ,6.51494    ,49.4907,6.13429   ,49.3312,5.7968    ,49.1927,5.44335   ,49.053 ,5.09869    ,48.8451,4.75084    ,48.5738,4.42127   ,48.3093,4.14702    ,47.9865,3.86073   ,47.6645,3.58007   ,47.2229,3.41037   ,47.2803,3.92155   ,47.4863,4.28967   ,47.7202,4.61045    ,47.9253,4.88148   ,48.1532,5.19894   ,48.3712,5.56206    ,48.5259,5.92601   ,48.6918,6.26838   ,48.887 ,6.62017   ,49.1272,6.92791   ,48.5405,-5.23123  ,-1.00739   ,514,116794,53.6074,10.1103,124.368,0
1780,49.6124,7.03235   ,49.3679,6.66906    ,49.165 ,6.32025  ,48.9828,5.98156   ,48.8265,5.63783   ,48.6533,5.24094   ,48.4436,4.87799    ,48.2267,4.59998   ,47.9148,4.25376   ,47.6687,3.98908     ,47.396 ,3.67709   ,47.1485,3.42205   ,49.6124,7.03235   ,49.6623,6.51678    ,49.4922,6.13663   ,49.3243,5.81184   ,49.1837,5.46266   ,49.024 ,5.06017    ,48.8173,4.71036    ,48.5914,4.4321    ,48.2449,4.07696    ,47.9512,3.80859   ,47.5991,3.51723   ,47.1485,3.42205   ,47.2617,3.91963   ,47.4785,4.26948   ,47.6901,4.54402    ,47.9578,4.88221   ,48.1419,5.15209   ,48.3294,5.52242    ,48.5124,5.9109    ,48.6905,6.24883   ,48.892 ,6.60116   ,49.1366,6.9204    ,48.5266,-5.20745  ,-1.0056    ,515,117821,54.0498,10.2334,125.782,0
1781,49.6133,7.03506   ,49.368 ,6.66176    ,49.1703,6.30678  ,48.9928,5.9817    ,48.8073,5.60207   ,48.6356,5.23993   ,48.4466,4.87414    ,48.22  ,4.5484    ,47.9257,4.22026   ,47.6603,3.9477      ,47.365 ,3.63201   ,47.1075,3.38079   ,49.6133,7.03506   ,49.6675,6.50868    ,49.4883,6.13843   ,49.3356,5.83608   ,49.1792,5.45834   ,49.0106,5.08246    ,48.8084,4.69443    ,48.5883,4.36961   ,48.3052,4.06758    ,48.0144,3.8163    ,47.63  ,3.50599   ,47.1075,3.38079   ,47.1925,3.85933   ,47.4119,4.1877    ,47.6501,4.4815     ,47.9389,4.8378    ,48.1443,5.15869   ,48.31  ,5.50215    ,48.4859,5.85024   ,48.7071,6.23801   ,48.9105,6.57936   ,49.1286,6.91243   ,48.5036,-5.16642  ,-1.00436   ,521,119348,54.822 ,10.0153,126.61 ,0
1782,49.5963,6.99811   ,49.3483,6.62849    ,49.1559,6.282    ,48.9572,5.90845   ,48.8034,5.59292   ,48.598 ,5.19145   ,48.4263,4.87802    ,48.1706,4.50154   ,47.9392,4.22323   ,47.6407,3.90352     ,47.3803,3.62011   ,47.1297,3.35645   ,49.5963,6.99811   ,49.6545,6.46652    ,49.4732,6.11347   ,49.301 ,5.75652   ,49.168 ,5.43296   ,48.974 ,5.02922    ,48.8111,4.72426    ,48.5418,4.33771   ,48.2934,4.05       ,47.9558,3.7283    ,47.6373,3.46089   ,47.1297,3.35645   ,47.2011,3.86927   ,47.4228,4.1803    ,47.6827,4.50783    ,47.883 ,4.77539   ,48.1037,5.13711   ,48.2753,5.45605    ,48.4888,5.85426   ,48.6674,6.16897   ,48.8957,6.55331   ,49.0992,6.88332   ,48.4758,-5.12307  ,-1.00849   ,527,121348,54.3141,10.0448,127.196,0
1783,49.6085,6.88071   ,49.3081,6.55729    ,49.1015,6.20192  ,48.9305,5.85195   ,48.7603,5.50529   ,48.5694,5.12351   ,48.3601,4.77604    ,48.1246,4.45185   ,47.8899,4.16176   ,47.6394,3.86936     ,47.3606,3.5523    ,47.0993,3.27442   ,49.6085,6.88071   ,49.6109,6.41865    ,49.4407,6.06346   ,49.2873,5.72149   ,49.1414,5.37421   ,48.9608,5.00178    ,48.7806,4.67138    ,48.5555,4.35404   ,48.3044,4.05486    ,48.0066,3.73887   ,47.6385,3.39937   ,47.0993,3.27442   ,47.1687,3.80216   ,47.3718,4.11466   ,47.5737,4.38661    ,47.7802,4.66177   ,48.0076,4.98328   ,48.2284,5.34116    ,48.4265,5.73301   ,48.6238,6.08318   ,48.8121,6.44144   ,49.0796,6.79227   ,48.4459,-5.07397  ,-1.01026   ,533,123563,54.2739,10.2299,128.853,0
1784,49.4459,6.97024   ,49.2639,6.52721    ,49.095 ,6.18964  ,48.9081,5.81021   ,48.7329,5.44768   ,48.5176,5.03502   ,48.3052,4.70748    ,48.0491,4.35953   ,47.8105,4.05592   ,47.5321,3.70254     ,47.2983,3.37895   ,47.0882,3.04469   ,49.4459,6.97024   ,49.6004,6.47526    ,49.4733,6.12198   ,49.3093,5.73456   ,49.1393,5.36406   ,48.9376,4.9569     ,48.7579,4.64156    ,48.5044,4.29317   ,48.2412,3.97282    ,47.9045,3.58769   ,47.5964,3.26059   ,47.0882,3.04469   ,47.0724,3.60425   ,47.2462,3.93032   ,47.4777,4.26122    ,47.684 ,4.54461   ,47.931 ,4.88556   ,48.1577,5.21846    ,48.3767,5.63338   ,48.5574,5.99283   ,48.7722,6.36727   ,48.9839,6.69508   ,48.3871,-4.98056  ,-1.01135   ,552,127045,56.4267,10.573 ,132.51 ,0
1785,49.485 ,6.86208   ,49.234 ,6.45769    ,49.033 ,6.0634   ,48.8594,5.7202    ,48.6785,5.33846   ,48.446 ,4.91214   ,48.2087,4.56912    ,47.9335,4.20533   ,47.6963,3.89913   ,47.4521,3.56173     ,47.1902,3.17787   ,46.993 ,2.85602   ,49.485 ,6.86208   ,49.5623,6.34086    ,49.3928,5.94687   ,49.2334,5.59189   ,49.0523,5.19221   ,48.8415,4.77709    ,48.6281,4.4471     ,48.3435,4.07914   ,48.0774,3.75715    ,47.7952,3.40459   ,47.4574,3.04466   ,46.993 ,2.85602   ,46.9955,3.42671   ,47.1841,3.82568   ,47.4061,4.16126    ,47.6198,4.45519   ,47.8744,4.8084    ,48.1193,5.15711    ,48.3555,5.59022   ,48.5412,5.96211   ,48.7314,6.2936    ,48.966 ,6.68327   ,48.3229,-4.86961  ,-1.01211   ,566,130127,58.027 ,10.2502,134.267,0
1786,49.4093,6.83872   ,49.2059,6.44157    ,49.0149,6.0474   ,48.81  ,5.61413   ,48.6378,5.25614   ,48.3915,4.84122   ,48.1681,4.51629    ,47.8735,4.11963   ,47.6199,3.77407   ,47.3788,3.42485     ,47.1506,3.07342   ,46.9032,2.72754   ,49.4093,6.83872   ,49.5208,6.34762    ,49.3856,5.93738   ,49.1871,5.48608   ,49.0197,5.12376   ,48.8155,4.73406    ,48.612 ,4.4246     ,48.3081,4.02966   ,48.018 ,3.66926    ,47.7214,3.29853   ,47.4099,2.93624   ,46.9032,2.72754   ,46.9658,3.32498   ,47.1143,3.6691    ,47.3042,3.9938     ,47.5271,4.3251    ,47.8015,4.71773   ,48.0379,5.05504    ,48.3066,5.4892    ,48.4823,5.8482    ,48.6974,6.26869   ,48.9454,6.6474    ,48.2755,-4.79045  ,-1.01673   ,576,131862,59.2377,10.5703,137.924,0
1787,49.4143,6.83818   ,49.2081,6.44589    ,49.0192,6.05846  ,48.8101,5.6163    ,48.6338,5.25617   ,48.422 ,4.89625   ,48.1732,4.5233     ,47.8906,4.134     ,47.6572,3.79854   ,47.4354,3.46339     ,47.1655,3.07742   ,46.9406,2.75391   ,49.4143,6.83818   ,49.52  ,6.35127    ,49.3755,5.9552    ,49.1873,5.4937    ,49.0238,5.13105   ,48.8502,4.79485    ,48.6236,4.4409     ,48.3428,4.06204   ,48.0798,3.72081    ,47.7978,3.36217   ,47.4417,2.95389   ,46.9406,2.75391   ,46.9642,3.30841   ,47.1493,3.6769    ,47.3082,3.98725    ,47.5222,4.31884   ,47.7977,4.71393   ,48.0593,5.10211    ,48.2974,5.48248   ,48.4823,5.84622   ,48.7176,6.27341   ,48.9496,6.65052   ,48.2786,-4.78885  ,-1.02014   ,575,132582,58.7195,10.6687,136.51 ,0
1788,49.3721,6.86688   ,49.2035,6.4478     ,49.0116,6.04274  ,48.8264,5.63147   ,48.6364,5.24023   ,48.4004,4.86118   ,48.1747,4.52748    ,47.9269,4.1819    ,47.6802,3.8356    ,47.4297,3.45449     ,47.1863,3.10766   ,46.9279,2.77262   ,49.3721,6.86688   ,49.5247,6.37486    ,49.375 ,5.95458   ,49.2098,5.51205   ,49.0282,5.09147   ,48.8078,4.72115    ,48.5909,4.39587    ,48.3291,4.04695   ,48.0542,3.68948    ,47.756 ,3.29402   ,47.4645,2.97018   ,46.9279,2.77262   ,46.9808,3.34652   ,47.1705,3.71849   ,47.3858,4.09582    ,47.6092,4.43312   ,47.8369,4.7719    ,48.0643,5.11047    ,48.3059,5.49749   ,48.4929,5.86756   ,48.7043,6.24745   ,48.9334,6.63802   ,48.2804,-4.78567  ,-1.02217   ,580,133243,58.739 ,10.3335,136.267,0
1789,49.3642,6.89701   ,49.2011,6.44514    ,49.0074,6.02118  ,48.8137,5.60222   ,48.6109,5.19751   ,48.3613,4.80242   ,48.1241,4.45404    ,47.8211,4.03363   ,47.5771,3.68116   ,47.3229,3.30179     ,47.0563,2.90473   ,46.8069,2.58033   ,49.3642,6.89701   ,49.5299,6.39483    ,49.3878,5.94732   ,49.2092,5.5013    ,49.0156,5.07025   ,48.7851,4.68549    ,48.5542,4.34415    ,48.2275,3.91548   ,47.9481,3.55024    ,47.6365,3.16484   ,47.2897,2.79361   ,46.8069,2.58033   ,46.9008,3.13342   ,47.0823,3.54417   ,47.2821,3.9266     ,47.5012,4.27211   ,47.7764,4.68194   ,48.0126,5.03327    ,48.2723,5.43769   ,48.4704,5.82285   ,48.6852,6.2147    ,48.9233,6.61912   ,48.2572,-4.75047  ,-1.01993   ,593,135743,61.8366,10.3999,141.924,0
1790,49.3654,6.89671   ,49.196 ,6.43038    ,48.9963,5.99788  ,48.7945,5.57636   ,48.62  ,5.22024   ,48.3687,4.81286   ,48.0817,4.39549    ,47.8194,4.02775   ,47.579 ,3.67068   ,47.3166,3.2911      ,47.0643,2.89502   ,46.8415,2.54664   ,49.3654,6.89671   ,49.5263,6.37562    ,49.3761,5.91741   ,49.1831,5.46998   ,49.0154,5.09104   ,48.7861,4.68554    ,48.5021,4.27292    ,48.2094,3.89259   ,47.932 ,3.52077    ,47.6262,3.14365   ,47.3104,2.77526   ,46.8415,2.54664   ,46.8892,3.13511   ,47.0816,3.54189   ,47.3038,3.93701    ,47.5142,4.28486   ,47.7476,4.63972   ,48.0283,5.05681    ,48.2891,5.46711   ,48.4603,5.80245   ,48.6766,6.20011   ,48.9183,6.61163   ,48.2425,-4.72385  ,-1.02237   ,599,136018,61.9309,10.3493,142.51 ,0
1791,49.3735,6.8666    ,49.1782,6.38762    ,48.9885,5.98066  ,48.8029,5.5779    ,48.6069,5.18962   ,48.373 ,4.81032   ,48.1016,4.4173     ,47.8247,4.02037   ,47.5945,3.6785    ,47.3224,3.26858     ,47.079 ,2.9079    ,46.8194,2.56725   ,49.3735,6.8666    ,49.5133,6.3171     ,49.3692,5.89737   ,49.1987,5.47363   ,49.0139,5.06766   ,48.7955,4.70286    ,48.5456,4.32937    ,48.2547,3.93584   ,47.9927,3.58647    ,47.6636,3.15      ,47.3248,2.77152   ,46.8194,2.56725   ,46.9106,3.16237   ,47.0631,3.50687   ,47.2717,3.88499    ,47.4722,4.21829   ,47.7367,4.61835   ,48.0222,5.02773    ,48.2628,5.42005   ,48.4573,5.79699   ,48.6641,6.17911   ,48.8939,6.57683   ,48.2501,-4.72847  ,-1.02307   ,597,135693,61.5796,10.5347,141.924,0
1792,49.536 ,6.82062   ,49.2305,6.45621    ,49.0374,6.07816  ,48.8335,5.64364   ,48.6606,5.27979   ,48.4226,4.87687   ,48.1724,4.50923    ,47.905 ,4.13221   ,47.6491,3.7555    ,47.4282,3.42931     ,47.1373,3.03972   ,46.8842,2.74239   ,49.536 ,6.82062   ,49.5323,6.31315    ,49.3805,5.93804   ,49.2062,5.49524   ,49.0419,5.11936   ,48.8185,4.73729    ,48.6075,4.40148    ,48.3402,4.03765   ,48.0539,3.65869    ,47.7979,3.32301   ,47.4064,2.92435   ,46.8842,2.74239   ,46.9538,3.26472   ,47.1352,3.64561   ,47.317 ,3.96017    ,47.5454,4.33466   ,47.8117,4.72358   ,48.0929,5.11895    ,48.332 ,5.54115   ,48.5087,5.89985   ,48.7462,6.32723   ,48.9932,6.70275   ,48.2836,-4.77926  ,-1.02515   ,594,134880,59.9504,10.5293,138.51 ,0
1793,49.5305,6.83982   ,49.2301,6.46446    ,49.0362,6.07378  ,48.8604,5.69409   ,48.6845,5.3247    ,48.4436,4.90642   ,48.2295,4.58133    ,47.9804,4.23965   ,47.7038,3.84475   ,47.4922,3.52407     ,47.2154,3.15196   ,46.9721,2.83235   ,49.5305,6.83982   ,49.5425,6.3406     ,49.3808,5.93339   ,49.2363,5.54834   ,49.072 ,5.17237   ,48.8321,4.76079    ,48.6401,4.45096    ,48.3993,4.11719   ,48.0879,3.71113    ,47.8544,3.38391   ,47.5091,3.02823   ,46.9721,2.83235   ,47.0053,3.38566   ,47.2005,3.76872   ,47.3938,4.0889     ,47.6463,4.47704   ,47.8948,4.82229   ,48.1208,5.15791    ,48.3512,5.58152   ,48.5332,5.94624   ,48.7425,6.32556   ,48.9875,6.69664   ,48.3215,-4.84179  ,-1.02471   ,582,133798,58.5359,10.2361,135.681,0
1794,49.5253,6.93226   ,49.2458,6.52343    ,49.0568,6.13308  ,48.8688,5.75212   ,48.6952,5.37324   ,48.4859,4.99722   ,48.2317,4.60742    ,47.9895,4.26165   ,47.7308,3.90604   ,47.4897,3.56521     ,47.1952,3.19265   ,46.9541,2.87523   ,49.5253,6.93226   ,49.5585,6.37308    ,49.3926,5.98246   ,49.2261,5.60624   ,49.0668,5.22346   ,48.8881,4.86329    ,48.6581,4.49055    ,48.4224,4.15345   ,48.1511,3.79646    ,47.8482,3.43783   ,47.4534,3.06969   ,46.9541,2.87523   ,47.0211,3.42067   ,47.2119,3.80313   ,47.3947,4.13332    ,47.6415,4.48724   ,47.8812,4.83704   ,48.1499,5.24027    ,48.3756,5.62963   ,48.5616,6.00668   ,48.7775,6.39524   ,48.9877,6.78297   ,48.3434,-4.90758  ,-1.02416   ,579,132009,59.1379,10.4337,136.267,0
1795,49.5271,6.92269   ,49.2547,6.53102    ,49.0724,6.2003   ,48.8907,5.82133   ,48.714 ,5.45281   ,48.5092,5.06957   ,48.2556,4.67501    ,48.0145,4.32991   ,47.7902,4.03375   ,47.522 ,3.70075     ,47.208 ,3.36897   ,46.9455,3.11552   ,49.5271,6.92269   ,49.5729,6.40684    ,49.4153,6.07534   ,49.2417,5.69215   ,49.0722,5.30966   ,48.8897,4.91888    ,48.646 ,4.51335    ,48.3816,4.15334   ,48.1274,3.83736    ,47.8113,3.48609   ,47.4323,3.19462   ,46.9455,3.11552   ,47.0733,3.63503   ,47.3207,4.01938   ,47.5453,4.34828    ,47.7319,4.62346   ,47.9422,4.94999   ,48.1922,5.33228    ,48.4089,5.70108   ,48.588 ,6.05826   ,48.7872,6.43401   ,49.0039,6.76581   ,48.3685,-4.99034  ,-1.01577   ,551,126876,56.7866,10.1576,131.439,0
1796,49.5786,6.86817   ,49.2921,6.59567    ,49.0572,6.2197   ,48.8932,5.87032   ,48.735 ,5.53189   ,48.5591,5.18562   ,48.3392,4.81758    ,48.1214,4.50062   ,47.8838,4.20802   ,47.6   ,3.93534     ,47.2776,3.7083    ,46.9611,3.54854   ,49.5786,6.86817   ,49.5426,6.39727    ,49.3481,5.99895   ,49.202 ,5.63284   ,49.0541,5.27297   ,48.8743,4.90593    ,48.6413,4.52435    ,48.4118,4.20143   ,48.1502,3.90588    ,47.8422,3.64869   ,47.4971,3.47386   ,46.9611,3.54854   ,47.1682,4.00869   ,47.4589,4.309     ,47.7017,4.60403    ,47.9064,4.9034    ,48.1032,5.21728   ,48.3005,5.56771    ,48.4614,5.88611   ,48.6308,6.20715   ,48.8138,6.54001   ,49.1168,6.87608   ,48.4062,-5.10935  ,-0.998355  ,525,121759,53.0179,10.7602,124.368,0
1797,49.499 ,6.96521   ,49.2651,6.62296    ,49.0936,6.30747  ,48.9452,5.97868   ,48.7729,5.60892   ,48.6196,5.28086   ,48.4299,4.95468    ,48.1856,4.61996   ,47.9199,4.3466    ,47.6091,4.13671     ,47.2742,4.03493   ,46.9309,4.04773   ,49.499 ,6.96521   ,49.5556,6.42542    ,49.3884,6.09036   ,49.2425,5.73766   ,49.0843,5.33045   ,48.9379,4.97548    ,48.725 ,4.61955    ,48.4215,4.24116   ,48.0985,3.9389     ,47.7505,3.74462   ,47.3762,3.71799   ,46.9309,4.04773   ,47.2838,4.36985   ,47.5766,4.58526   ,47.8365,4.83938    ,48.0283,5.09493   ,48.195 ,5.38365   ,48.3477,5.6797     ,48.5044,5.97997   ,48.6913,6.31258   ,48.8421,6.61857   ,49.0307,6.90356   ,48.4356,-5.20732  ,-0.975004  ,516,118089,50.9664,11.5282,121.539,0
1798,49.5013,6.96655   ,49.2875,6.65951    ,49.1097,6.34636  ,48.959 ,6.01891   ,48.8149,5.6841    ,48.6653,5.35839   ,48.4955,5.04565    ,48.2564,4.72536   ,47.9874,4.48329   ,47.6806,4.32188     ,47.3102,4.29224   ,47.0098,4.37345   ,49.5013,6.96655   ,49.5766,6.47185    ,49.4182,6.12499   ,49.2661,5.77689   ,49.1184,5.39352   ,48.9552,5.00673    ,48.7557,4.65237    ,48.4651,4.29911   ,48.1423,4.05577    ,47.7922,3.93426   ,47.3598,3.97363   ,47.0098,4.37345   ,47.3613,4.59972   ,47.676 ,4.7477    ,47.9276,4.98263    ,48.128 ,5.24209   ,48.2886,5.52896   ,48.4193,5.80037    ,48.5534,6.07068   ,48.6942,6.35445   ,48.8453,6.66175   ,49.058 ,6.92786   ,48.4761,-5.29731  ,-0.960809  ,500,113740,48.7624,12.2816,118.125,0
1799,49.4744,7.00311   ,49.29  ,6.66729    ,49.124 ,6.37283  ,48.9679,6.01378   ,48.8388,5.7056    ,48.6675,5.35783   ,48.5021,5.06304    ,48.2643,4.76595   ,47.966 ,4.5615    ,47.6598,4.47713     ,47.2866,4.51685   ,46.9708,4.63168   ,49.4744,7.00311   ,49.5751,6.46875    ,49.4182,6.12763   ,49.2575,5.72429   ,49.129 ,5.36077   ,48.9348,4.94353    ,48.7186,4.58974    ,48.3977,4.26935   ,48.0278,4.07358    ,47.6993,4.02129   ,47.3245,4.16287   ,46.9708,4.63168   ,47.3531,4.84631   ,47.7258,4.94396   ,47.9998,5.09654    ,48.2017,5.33293   ,48.3327,5.61679   ,48.4474,5.8597     ,48.5865,6.13674   ,48.7156,6.39327   ,48.8712,6.70665   ,49.0587,6.94295   ,48.4769,-5.34854  ,-0.927773  ,498,113223,48.5597,13.456 ,117.296,0
1800,49.4803,7.02501   ,49.263 ,6.6451     ,49.0953,6.31856  ,48.9549,5.98529   ,48.7947,5.61026   ,48.6049,5.24174   ,48.3947,4.9519     ,48.0948,4.7018    ,47.7242,4.57436   ,47.3181,4.64795     ,47.0226,4.83295   ,46.7893,5.12679   ,49.4803,7.02501   ,49.5602,6.45977    ,49.3977,6.07847   ,49.2463,5.69252   ,49.0812,5.24902   ,48.8678,4.83378    ,48.6172,4.5171     ,48.2531,4.26718   ,47.8059,4.17161    ,47.3447,4.3066    ,47.0236,4.60349   ,46.7893,5.12679   ,47.1107,4.99621   ,47.3995,4.94236   ,47.7687,4.99588    ,48.0495,5.20789   ,48.2543,5.48144   ,48.3976,5.74527    ,48.5501,6.06211   ,48.7024,6.37412   ,48.8352,6.65356   ,49.0216,6.91943   ,48.4474,-5.39981  ,-0.873241  ,502,114355,52.5832,12.6371,126.368,0
1801,49.5173,6.99639   ,49.2732,6.6563     ,49.1045,6.33428  ,48.9671,6.00567   ,48.83  ,5.68281   ,48.6393,5.32302   ,48.4243,5.01102    ,48.1773,4.78976   ,47.8022,4.65178   ,47.4439,4.71928     ,47.1349,4.95716   ,46.9419,5.20697   ,49.5173,6.99639   ,49.5331,6.43389    ,49.3828,6.04565   ,49.236 ,5.66217   ,49.0947,5.27863   ,48.8762,4.86505    ,48.6052,4.5157     ,48.2912,4.31525   ,47.7989,4.25204    ,47.3589,4.37577   ,47.0334,4.70365   ,46.9419,5.20697   ,47.3199,5.13279   ,47.6236,5.01633   ,47.9168,5.06969    ,48.1569,5.32803   ,48.3122,5.59009   ,48.4568,5.87298    ,48.6066,6.1765    ,48.7358,6.44371   ,48.8687,6.71656   ,49.0713,6.96308   ,48.4355,-5.43135  ,-0.844483  ,500,114616,50.2652,13.6579,119.882,0
1802,49.4974,7.01396   ,49.2894,6.67252    ,49.1129,6.35103  ,48.9687,6.0161    ,48.8411,5.70526   ,48.6643,5.36231   ,48.4293,5.05589    ,48.1689,4.84632   ,47.8392,4.73531   ,47.4404,4.7944      ,47.1547,4.9827    ,46.93  ,5.22555   ,49.4974,7.01396   ,49.5695,6.48377    ,49.4187,6.10991   ,49.2611,5.71341   ,49.1234,5.34133   ,48.9237,4.94716    ,48.6184,4.59674    ,48.2946,4.3847    ,47.8946,4.31375    ,47.4075,4.42755   ,47.0731,4.69863   ,46.93  ,5.22555   ,47.3226,5.1968    ,47.5801,5.11714   ,47.9008,5.17613    ,48.1393,5.36622   ,48.3162,5.59845   ,48.4585,5.86556    ,48.5956,6.15479   ,48.7144,6.41203   ,48.852 ,6.689     ,49.065 ,6.94416   ,48.4466,-5.47155  ,-0.8274    ,495,113965,49.2494,12.8321,117.882,0
1803,49.5006,7.00979   ,49.2986,6.69719    ,49.1226,6.36135  ,48.9867,6.05068   ,48.8424,5.7133    ,48.6579,5.35067   ,48.4543,5.06873    ,48.2183,4.83196   ,47.8502,4.70372   ,47.4865,4.76896     ,47.1669,4.96427   ,46.9477,5.17941   ,49.5006,7.00979   ,49.5805,6.51527    ,49.427 ,6.13282   ,49.2871,5.78137   ,49.1422,5.39165   ,48.9495,4.98679    ,48.6957,4.67139    ,48.3764,4.42031   ,47.9101,4.31038    ,47.467 ,4.39564   ,47.0915,4.6637    ,46.9477,5.17941   ,47.3391,5.19068   ,47.6233,5.09786   ,47.9102,5.10793    ,48.144 ,5.31017   ,48.2873,5.55811   ,48.4218,5.80739    ,48.5825,6.12701   ,48.731 ,6.42196   ,48.8634,6.69268   ,49.0735,6.96411   ,48.4512,-5.46732  ,-0.829023  ,490,113318,49.1018,11.9729,116.468,0
1804,49.4891,6.99933   ,49.3   ,6.68306    ,49.1378,6.3926   ,48.9983,6.07341   ,48.8521,5.72955   ,48.7024,5.44433   ,48.5071,5.16151    ,48.2484,4.92579   ,47.9085,4.77903   ,47.5783,4.75069     ,47.2332,4.82976   ,46.9491,4.9869    ,49.4891,6.99933   ,49.5783,6.47606    ,49.4287,6.13159   ,49.279 ,5.75805   ,49.1273,5.35102   ,48.952 ,5.01609    ,48.6901,4.68664    ,48.357 ,4.44314   ,47.9515,4.33823    ,47.5669,4.36106   ,47.1951,4.52697   ,46.9491,4.9869    ,47.361 ,5.09995   ,47.6982,5.13594   ,47.9727,5.24829    ,48.2227,5.46617   ,48.3865,5.71441   ,48.5011,5.95464    ,48.6138,6.19043   ,48.7563,6.4792    ,48.8883,6.74299   ,49.0733,6.96384   ,48.4904,-5.48789  ,-0.857026  ,478,110429,47.0271,13.1434,113.397,0
1805,49.5162,7.08388   ,49.3371,6.73829    ,49.1654,6.42404  ,49.0068,6.08903   ,48.8757,5.80552   ,48.7064,5.48864   ,48.5069,5.17667    ,48.2537,4.89019   ,47.982 ,4.68549   ,47.6895,4.55485     ,47.3373,4.51731   ,46.9963,4.5695    ,49.5162,7.08388   ,49.612 ,6.56303    ,49.4798,6.1904    ,49.3121,5.82323   ,49.1733,5.49927   ,48.9919,5.1363     ,48.765 ,4.78959    ,48.4697,4.49436   ,48.1551,4.30584    ,47.8253,4.19782   ,47.4223,4.21723   ,46.9963,4.5695    ,47.3519,4.81772   ,47.653 ,4.94232   ,47.9036,5.1248     ,48.1199,5.36343   ,48.3102,5.65151   ,48.4726,5.93048    ,48.622 ,6.2046    ,48.7467,6.45118   ,48.8976,6.7502    ,49.1122,6.99903   ,48.5136,-5.45993  ,-0.904785  ,479,109458,47.9638,11.9525,115.054,0
1806,49.5185,7.09766   ,49.3415,6.7834     ,49.1758,6.45935  ,49.0105,6.13005   ,48.8615,5.84073   ,48.7002,5.51642   ,48.518 ,5.20247    ,48.3293,4.92096   ,48.1165,4.63048   ,47.9347,4.39559     ,47.6813,4.10137   ,47.4693,3.87952   ,49.5185,7.09766   ,49.6289,6.66562    ,49.5275,6.29764   ,49.371 ,5.96465   ,49.2268,5.67973   ,49.0895,5.35406    ,48.94  ,5.04745    ,48.76  ,4.76711   ,48.5237,4.46243    ,48.2959,4.21102   ,47.9422,3.92986   ,47.4693,3.87952   ,47.4903,4.34937   ,47.6465,4.67191   ,47.7818,4.89503    ,47.9655,5.17068   ,48.1529,5.4484    ,48.3577,5.76873    ,48.5441,6.09764   ,48.7002,6.39146   ,48.8695,6.71353   ,49.1033,6.99028   ,48.5871,-5.42384  ,-1.0307    ,477,108009,47.0369,10.9294,111.296,0
1807,49.5212,7.10004   ,49.3427,6.79358    ,49.1762,6.46796  ,49.0339,6.19648   ,48.8745,5.89191   ,48.707 ,5.57907   ,48.518 ,5.26685    ,48.3594,5.0027    ,48.2069,4.68373   ,48.1374,4.33133     ,48.1322,4.01364   ,48.095 ,3.69553   ,49.5212,7.10004   ,49.6361,6.69039    ,49.5374,6.32889   ,49.4027,6.05805   ,49.2609,5.76704   ,49.1204,5.46468    ,48.9546,5.16343    ,48.8026,4.91769   ,48.6475,4.634      ,48.5455,4.30051   ,48.4676,3.98541   ,48.095 ,3.69553   ,47.7998,4.14349   ,47.7349,4.46838   ,47.8023,4.82714    ,47.9682,5.1765    ,48.1349,5.45813   ,48.346 ,5.78413    ,48.5319,6.10357   ,48.7131,6.42394   ,48.8621,6.69943   ,49.0971,6.98608   ,48.6499,-5.43034  ,-1.12144   ,467,107640,46.0245,10.7143,109.397,0
1808,49.5173,7.09735   ,49.3308,6.78525    ,49.1811,6.47997  ,49.0258,6.18304   ,48.8486,5.85703   ,48.6909,5.56639   ,48.5159,5.26483    ,48.3434,4.94839   ,48.2494,4.64986   ,48.2302,4.32376     ,48.2719,3.95264   ,48.3242,3.6463    ,49.5173,7.09735   ,49.6334,6.69083    ,49.5506,6.36179   ,49.4113,6.0722    ,49.263 ,5.76957   ,49.136 ,5.4979     ,48.987 ,5.22719    ,48.8266,4.97158   ,48.7102,4.73176    ,48.6388,4.43139   ,48.5723,4.02924   ,48.3242,3.6463    ,47.9562,3.9779    ,47.8186,4.32558   ,47.8096,4.67242    ,47.9042,5.01888   ,48.0962,5.39003   ,48.2923,5.71923    ,48.4784,6.0259    ,48.6857,6.37721   ,48.8542,6.68501   ,49.0716,6.96359   ,48.6682,-5.41331  ,-1.15721   ,471,108996,46.3224,11.3272,109.983,0
1809,49.5949,6.98104   ,49.3425,6.73728    ,49.1623,6.43384  ,48.9885,6.1069    ,48.8275,5.79363   ,48.6863,5.52041   ,48.5158,5.20222    ,48.3562,4.88809   ,48.2735,4.53723   ,48.3312,4.23277     ,48.5152,3.91104   ,48.6922,3.65638   ,49.5949,6.98104   ,49.6645,6.5812     ,49.5394,6.31309   ,49.4006,6.03388   ,49.2553,5.74028   ,49.1479,5.49136    ,49.0141,5.21549    ,48.8471,4.9471    ,48.7265,4.65572    ,48.724 ,4.36946   ,48.7973,4.04237   ,48.6922,3.65638   ,48.1762,3.8658    ,47.9016,4.19466   ,47.8271,4.52146    ,47.9059,4.92307   ,48.0654,5.27746   ,48.2741,5.64199    ,48.4442,5.93572   ,48.6251,6.27246   ,48.8336,6.64655   ,49.0788,6.96921   ,48.7048,-5.38027  ,-1.20134   ,481,109821,46.7201,11.6603,112.225,0
1810,49.592 ,6.98008   ,49.3508,6.7394     ,49.1808,6.43894  ,49.0141,6.15342   ,48.8503,5.85888   ,48.689 ,5.55418   ,48.5427,5.25936    ,48.4194,4.95968   ,48.3812,4.62189   ,48.4827,4.30489     ,48.7071,4.07276   ,48.99  ,3.90929   ,49.592 ,6.98008   ,49.6688,6.59961    ,49.5527,6.33481   ,49.434 ,6.1014    ,49.3118,5.85336   ,49.1954,5.60612    ,49.0863,5.36666    ,48.9538,5.13898   ,48.8402,4.89096    ,48.8559,4.60181   ,48.9782,4.30712   ,48.99  ,3.90929   ,48.3627,3.89468   ,48.0643,4.08995   ,47.9161,4.45057    ,47.9142,4.87113   ,48.0391,5.23396   ,48.2277,5.58936    ,48.436 ,5.95004   ,48.6416,6.28828   ,48.8532,6.62214   ,49.0787,6.9457    ,48.7399,-5.38247  ,-1.22791   ,481,109762,45.279 ,13.1672,111.397,0
1811,49.5655,7.00979   ,49.3384,6.72159    ,49.1808,6.43511  ,49.0023,6.14407   ,48.8391,5.8599    ,48.6857,5.56926   ,48.5444,5.25599    ,48.4448,4.91042   ,48.4849,4.55415   ,48.6769,4.31358     ,49.0098,4.18574   ,49.3005,4.15588   ,49.5655,7.00979   ,49.6847,6.6131     ,49.5703,6.35638   ,49.4381,6.12288   ,49.3196,5.89188   ,49.2099,5.65149    ,49.0924,5.39965    ,48.952 ,5.14379   ,48.8724,4.86294    ,48.9357,4.63509   ,49.149 ,4.47162   ,49.3005,4.15588   ,48.7732,3.92089   ,48.336 ,4.05532   ,48.062 ,4.34288    ,47.954 ,4.78017   ,48.0344,5.20473   ,48.205 ,5.57264    ,48.4039,5.909     ,48.6157,6.24737   ,48.84  ,6.5973    ,49.0353,6.90657   ,48.7921,-5.39671  ,-1.27811   ,481,109900,45.7974,13.1934,111.983,0
1812,49.5544,7.01256   ,49.3267,6.69806    ,49.1651,6.40172  ,48.9866,6.10298   ,48.8063,5.79424   ,48.6307,5.45286   ,48.5112,5.13043    ,48.4622,4.79164   ,48.5942,4.44452   ,48.8924,4.28057     ,49.2541,4.21014   ,49.5815,4.18213   ,49.5544,7.01256   ,49.6745,6.58298    ,49.543 ,6.3065    ,49.4022,6.05281   ,49.2744,5.79716   ,49.1403,5.52471    ,49.0085,5.28565    ,48.9005,5.04386   ,48.9242,4.74845    ,49.1178,4.56729   ,49.3619,4.44533   ,49.5815,4.18213   ,49.0264,3.9916    ,48.5529,4.0311    ,48.1933,4.22287    ,48.0251,4.65182   ,48.0467,5.08606   ,48.1687,5.48345    ,48.3895,5.8827    ,48.6229,6.23874   ,48.8356,6.58228   ,49.0248,6.89386   ,48.8445,-5.38196  ,-1.34279   ,482,112468,48.2022,12.0469,114.569,0
1813,49.6076,6.99297   ,49.3344,6.67159    ,49.1529,6.39288  ,48.9598,6.07109   ,48.782 ,5.75804   ,48.6174,5.42145   ,48.503 ,5.05034    ,48.5089,4.685     ,48.7327,4.40667   ,49.1091,4.25932     ,49.476 ,4.16618   ,49.7864,4.10835   ,49.6076,6.99297   ,49.6666,6.55629    ,49.5426,6.30835   ,49.3951,6.04042   ,49.2606,5.7729    ,49.1242,5.5052     ,48.9789,5.23765    ,48.886 ,4.94932   ,49.0366,4.68972    ,49.3277,4.54036   ,49.5774,4.40932   ,49.7864,4.10835   ,49.2559,3.95286   ,48.771 ,4.01232   ,48.3406,4.18346    ,48.1066,4.52049   ,48.0499,4.97045   ,48.1533,5.43983    ,48.3532,5.83316   ,48.5762,6.19197   ,48.8212,6.57069   ,49.0671,6.8772    ,48.8877,-5.35179  ,-1.41888   ,492,113661,50.2221,11.9347,118.225,0
1814,49.6102,6.97666   ,49.3713,6.71181    ,49.166 ,6.38217  ,48.9902,6.08343   ,48.8102,5.77762   ,48.649 ,5.42456   ,48.5826,5.06404    ,48.6374,4.70852   ,48.8654,4.45336   ,49.1995,4.30237     ,49.5418,4.16118   ,49.831 ,4.04088   ,49.6102,6.97666   ,49.7021,6.6125     ,49.5849,6.32394   ,49.4361,6.07121   ,49.2877,5.8134    ,49.1427,5.52014    ,49.0498,5.24738    ,49.0383,4.95129   ,49.1839,4.71785    ,49.4416,4.56943   ,49.6986,4.38988   ,49.831 ,4.04088   ,49.2915,3.97471   ,48.8572,4.07348   ,48.4628,4.24535    ,48.201 ,4.55858   ,48.1222,4.98826   ,48.1879,5.42246    ,48.381 ,5.82889   ,48.5958,6.18221   ,48.7967,6.52447   ,49.0951,6.8885    ,48.9557,-5.35493  ,-1.48664   ,495,113757,48.7245,11.8126,116.569,0
1815,49.6259,6.97767   ,49.3641,6.69286    ,49.17  ,6.36671  ,48.9871,6.07221   ,48.8045,5.76489   ,48.6791,5.42311   ,48.636 ,5.04104    ,48.7345,4.69399   ,48.9777,4.45543   ,49.2969,4.29517     ,49.6232,4.1335    ,49.9309,3.99212   ,49.6259,6.97767   ,49.6914,6.56717    ,49.5705,6.28908   ,49.4386,6.05533   ,49.2923,5.81321   ,49.1578,5.56151    ,49.0597,5.29649    ,49.0785,5.00991   ,49.2654,4.76033    ,49.5272,4.56613   ,49.7911,4.37252   ,49.9309,3.99212   ,49.3657,3.94215   ,48.9712,4.06751   ,48.608 ,4.20436    ,48.3416,4.4664    ,48.211 ,4.89475   ,48.2273,5.38899    ,48.3638,5.8072    ,48.5889,6.17373   ,48.821 ,6.52842   ,49.0856,6.89297   ,49.008 ,-5.32981  ,-1.56161   ,491,114423,49.0766,11.6067,118.225,0
1816,49.5884,6.99753   ,49.3626,6.69386    ,49.1722,6.37926  ,48.9644,6.05579   ,48.7788,5.7235    ,48.6555,5.35277   ,48.6353,5.0008     ,48.7955,4.64424   ,49.0973,4.40557   ,49.4201,4.24023     ,49.7321,4.05155   ,50.0133,3.85307   ,49.5884,6.99753   ,49.6966,6.5812     ,49.5642,6.29663   ,49.3915,6.02241   ,49.2454,5.75026   ,49.1165,5.46179    ,49.0501,5.19179    ,49.1587,4.8724    ,49.4195,4.6508     ,49.6929,4.47402   ,49.9284,4.25249   ,50.0133,3.85307   ,49.4482,3.90983   ,49.0563,4.05338   ,48.6832,4.21425    ,48.3622,4.50447   ,48.2099,4.92643   ,48.2204,5.35671    ,48.3589,5.79467   ,48.595 ,6.18128   ,48.84  ,6.55454   ,49.0789,6.88952   ,49.0336,-5.31375  ,1.53084    ,495,115434,50.4885,11.0654,121.882,0
1817,49.593 ,6.98471   ,49.3417,6.66585    ,49.1244,6.31192  ,48.9218,5.99888   ,48.736 ,5.63538   ,48.6427,5.27757   ,48.7054,4.89205    ,48.962 ,4.5614    ,49.2391,4.37137   ,49.624 ,4.16452     ,49.9743,3.97361   ,50.2808,3.83706   ,49.593 ,6.98471   ,49.6924,6.56857    ,49.545 ,6.26545   ,49.3851,6.00897   ,49.2248,5.72307   ,49.0967,5.46203    ,49.0585,5.16361    ,49.2213,4.87329   ,49.4532,4.67026    ,49.8022,4.42023   ,50.1015,4.1767    ,50.2808,3.83706   ,49.746 ,3.82331   ,49.3484,3.96306   ,48.9306,4.12605    ,48.6152,4.33041   ,48.3081,4.72858   ,48.2013,5.20178    ,48.2868,5.64171   ,48.513 ,6.07766   ,48.7634,6.44876   ,49.0388,6.84581   ,49.0874,-5.26531  ,1.41715    ,509,117172,52.8035,11.5479,124.125,0
1818,49.5052,6.92153   ,49.2874,6.5894     ,49.1184,6.28224  ,48.9214,5.95736   ,48.7815,5.64722   ,48.7165,5.24299   ,48.8005,4.89948    ,49.0285,4.62198   ,49.3148,4.41175   ,49.6337,4.21567     ,49.9499,4.02836   ,50.2712,3.90233   ,49.5052,6.92153   ,49.6502,6.51873    ,49.5568,6.24828   ,49.3998,5.98228   ,49.256 ,5.74827   ,49.144 ,5.458      ,49.18  ,5.17415    ,49.3608,4.9023    ,49.6028,4.67286    ,49.8789,4.45803   ,50.1151,4.25057   ,50.2712,3.90233   ,49.7037,3.85134   ,49.3106,4.0208    ,48.9445,4.2042     ,48.6189,4.4117    ,48.3777,4.71636   ,48.2894,5.13154    ,48.3391,5.64087   ,48.4911,6.01406   ,48.7296,6.40096   ,48.9685,6.74867   ,49.1453,-5.2863   ,1.39935    ,509,117137,49.7261,11.3283,121.054,0
1819,49.558 ,6.91443   ,49.3297,6.60532    ,49.1419,6.27538  ,48.9491,5.96982   ,48.804 ,5.64888   ,48.767 ,5.239     ,48.8747,4.9233     ,49.1401,4.61619   ,49.4285,4.39746   ,49.7108,4.21044     ,50.0142,3.97865   ,50.2943,3.75857   ,49.558 ,6.91443   ,49.6803,6.53187    ,49.5721,6.24682   ,49.419 ,6.00634   ,49.2809,5.77406   ,49.2079,5.45341    ,49.2786,5.1668     ,49.4894,4.8704    ,49.7277,4.65228    ,49.98  ,4.4388    ,50.2426,4.16161   ,50.2943,3.75857   ,49.7136,3.85548   ,49.3624,4.03629   ,49.0468,4.19849    ,48.7119,4.43338   ,48.4254,4.76498   ,48.3142,5.11821    ,48.3551,5.61008   ,48.5241,6.00829   ,48.7612,6.38387   ,49.0226,6.76123   ,49.2046,-5.26075  ,1.34599    ,508,117187,50.165 ,11.7064,120.711,0
1820,49.5356,6.91003   ,49.3033,6.60198    ,49.116 ,6.27985  ,48.9173,5.93982   ,48.8105,5.6271    ,48.805 ,5.20986   ,48.9407,4.86989    ,49.152 ,4.61352   ,49.4396,4.37383   ,49.7693,4.17275     ,50.0819,3.96661   ,50.3877,3.80119   ,49.5356,6.91003   ,49.6512,6.54042    ,49.5527,6.25562   ,49.3834,5.97841   ,49.2623,5.74778   ,49.2188,5.43592    ,49.304 ,5.14474    ,49.4584,4.91289   ,49.6888,4.67654    ,49.9754,4.43971   ,50.2485,4.19371   ,50.3877,3.80119   ,49.8393,3.79168   ,49.4821,3.95399   ,49.1073,4.12991    ,48.7675,4.39451   ,48.5215,4.68678   ,48.3754,5.08788    ,48.3796,5.60479   ,48.4915,5.97928   ,48.726 ,6.38198   ,49.002 ,6.74401   ,49.2179,-5.24859  ,1.32744    ,510,118138,50.2979,11.1898,122.711,0
1821,49.5984,6.9306    ,49.3387,6.63368    ,49.1132,6.28264  ,48.9192,5.94547   ,48.7726,5.56609   ,48.7432,5.18462   ,48.9316,4.8334     ,49.2259,4.53798   ,49.5416,4.30379   ,49.8992,4.08206     ,50.2011,3.86578   ,50.5143,3.6479    ,49.5984,6.9306    ,49.6707,6.54446    ,49.5399,6.2298    ,49.368 ,5.95443   ,49.2175,5.6791    ,49.137 ,5.38699    ,49.2529,5.0884     ,49.4903,4.83827   ,49.7686,4.60494    ,50.0966,4.3289    ,50.3656,4.05465   ,50.5143,3.6479    ,49.9527,3.74009   ,49.6126,3.8925    ,49.2254,4.0609     ,48.8711,4.31702   ,48.5405,4.66566   ,48.3351,5.07342    ,48.355 ,5.55236   ,48.5156,6.02312   ,48.7399,6.42154   ,49.0649,6.80829   ,49.2445,-5.20608  ,1.27053    ,524,120852,53.8429,10.6915,125.782,0
1822,49.6098,6.92472   ,49.3151,6.5843     ,49.0943,6.2515   ,48.8812,5.88667   ,48.7496,5.51917   ,48.7719,5.09221   ,49.0001,4.75571    ,49.2827,4.49      ,49.6142,4.26703   ,49.9709,4.06284     ,50.3184,3.7973    ,50.6186,3.57916   ,49.6098,6.92472   ,49.6518,6.47218    ,49.5051,6.17009   ,49.3058,5.86749   ,49.1689,5.59185   ,49.1676,5.23686    ,49.3794,4.93666    ,49.6298,4.71441   ,49.9196,4.52138    ,50.223 ,4.29438   ,50.5079,3.97484   ,50.6186,3.57916   ,50.042 ,3.69006   ,49.6308,3.88771   ,49.2174,4.06505    ,48.8377,4.34694   ,48.5375,4.66927   ,48.3405,5.04812    ,48.3559,5.55759   ,48.5054,6.00051   ,48.7433,6.42583   ,49.0441,6.79083   ,49.2731,-5.17016  ,1.23438    ,536,122300,55.4527,10.8326,129.196,0
1823,49.618 ,6.94171   ,49.3431,6.60345    ,49.1352,6.29873  ,48.9283,5.9504    ,48.7953,5.55149   ,48.8302,5.13697   ,49.0385,4.80491    ,49.309 ,4.53317   ,49.6431,4.27854   ,49.9538,4.07079     ,50.2811,3.78097   ,50.5354,3.52825   ,49.618 ,6.94171   ,49.6753,6.50317    ,49.5486,6.23765   ,49.3726,5.95677   ,49.2156,5.64119   ,49.2167,5.28755    ,49.4112,4.98952    ,49.6539,4.75571   ,49.9542,4.51649    ,50.2396,4.28496   ,50.5101,3.97541   ,50.5354,3.52825   ,49.9755,3.66272   ,49.5816,3.91991   ,49.2392,4.10268    ,48.8679,4.39711   ,48.5888,4.71369   ,48.4096,5.08573    ,48.3956,5.5667    ,48.5299,6.0342    ,48.7792,6.44667   ,49.0703,6.78833   ,49.316 ,-5.15022  ,1.2168     ,530,122332,54.3148,10.6382,128.024,0
1824,49.5192,6.78088   ,49.2434,6.47312    ,49.0563,6.16144  ,48.9036,5.79811   ,48.8917,5.40332   ,48.9929,5.063     ,49.195 ,4.75694    ,49.4664,4.466     ,49.7517,4.21309   ,50.0606,3.96145     ,50.3545,3.70891   ,50.6255,3.51765   ,49.5192,6.78088   ,49.5848,6.37767    ,49.4617,6.1078    ,49.3263,5.82138   ,49.3198,5.51645   ,49.4277,5.22354    ,49.6181,4.93647    ,49.85  ,4.66521   ,50.0917,4.41463    ,50.3527,4.14448   ,50.5696,3.8773    ,50.6255,3.51765   ,50.0684,3.60147   ,49.693 ,3.84123   ,49.3314,4.07827    ,49.0012,4.34657   ,48.7034,4.66305   ,48.5163,4.99441    ,48.4518,5.39248   ,48.5027,5.86378   ,48.6953,6.29188   ,48.9499,6.64517   ,49.3569,-5.13559  ,1.203      ,523,121306,51.5887,11.7085,124.953,0
1825,49.7052,6.82396   ,49.3637,6.5759     ,49.1268,6.25519  ,48.9403,5.93272   ,48.8562,5.54506   ,48.9297,5.12204   ,49.1267,4.80271    ,49.417 ,4.49976   ,49.7293,4.23649   ,50.0218,4.00377     ,50.3269,3.72628   ,50.6005,3.50426   ,49.7052,6.82396   ,49.6714,6.41403    ,49.5027,6.12972   ,49.3358,5.86652   ,49.2561,5.56473   ,49.3403,5.22892    ,49.5429,4.94573    ,49.8064,4.67536   ,50.08  ,4.42322    ,50.3323,4.18199   ,50.5647,3.90625   ,50.6005,3.50426   ,50.0174,3.61561   ,49.6304,3.89261   ,49.2913,4.1185     ,48.9383,4.40807   ,48.6404,4.74775   ,48.4824,5.11425    ,48.4609,5.63262   ,48.5835,6.08211   ,48.8057,6.46195   ,49.1212,6.80977   ,49.3592,-5.13498  ,1.20471    ,525,121861,53.7893,11.3326,125.196,0
1826,49.7475,6.80382   ,49.3816,6.53059    ,49.1206,6.24257  ,48.922 ,5.89875   ,48.8585,5.47801   ,48.9506,5.09131   ,49.1749,4.75418    ,49.4804,4.44058   ,49.7563,4.19989   ,50.0937,3.91103     ,50.3491,3.64612   ,50.6026,3.32655   ,49.7475,6.80382   ,49.6785,6.41152    ,49.5089,6.14346   ,49.327 ,5.85131   ,49.2606,5.51042   ,49.3683,5.1872     ,49.608 ,4.8782     ,49.9023,4.58714   ,50.1515,4.35527    ,50.4354,4.0535    ,50.6097,3.77534   ,50.6026,3.32655   ,50.0208,3.59514   ,49.6727,3.84063   ,49.2709,4.12031    ,48.9664,4.38045   ,48.6648,4.72272   ,48.4891,5.09956    ,48.4536,5.55964   ,48.554 ,6.03698   ,48.7982,6.42567   ,49.1673,6.72632   ,49.3838,-5.0979   ,1.18913    ,536,122877,55.3133,11.754 ,127.196,0
1827,49.7061,6.83519   ,49.3601,6.53727    ,49.1169,6.23094  ,48.9109,5.86452   ,48.8593,5.46649   ,48.9693,5.057     ,49.1736,4.75309    ,49.4729,4.44855   ,49.7665,4.19038   ,50.0982,3.90253     ,50.3833,3.61855   ,50.6676,3.35475   ,49.7061,6.83519   ,49.6863,6.39904    ,49.5086,6.13812   ,49.3181,5.83535   ,49.26  ,5.51023   ,49.3811,5.15818    ,49.6052,4.8714     ,49.9143,4.56773   ,50.1905,4.31666    ,50.44  ,4.06238   ,50.6289,3.79135   ,50.6676,3.35475   ,50.0581,3.52674   ,49.6735,3.81977   ,49.2603,4.13388    ,48.9441,4.4095    ,48.6638,4.73068   ,48.5071,5.06576    ,48.4538,5.54478   ,48.5417,5.99195   ,48.7906,6.41308   ,49.1067,6.7573    ,49.3996,-5.06413  ,1.17206    ,536,123133,55.4918,12.0552,130.61 ,0
1828,49.6168,6.75012   ,49.3297,6.45601    ,49.0523,6.09928  ,48.8904,5.73704   ,48.8697,5.36176   ,49.034 ,4.97004   ,49.3099,4.63666    ,49.5875,4.35591   ,49.8879,4.07633   ,50.1665,3.79718     ,50.4419,3.50048   ,50.6831,3.1923    ,49.6168,6.75012   ,49.6277,6.37773    ,49.4475,6.02896   ,49.2943,5.70074   ,49.2705,5.35866   ,49.4497,5.02782    ,49.7314,4.75024    ,49.9984,4.50188   ,50.2802,4.21974    ,50.5256,3.92468   ,50.7187,3.62806   ,50.6831,3.1923    ,50.091 ,3.45737   ,49.7269,3.75278   ,49.4143,4.00922    ,49.0852,4.29863   ,48.7987,4.62027   ,48.5574,5.0053     ,48.4555,5.47087   ,48.5159,5.87866   ,48.7257,6.27247   ,49.1157,6.62996   ,49.4359,-4.98952  ,1.14579    ,528,122346,55.2033,11.5489,130.853,0
1829,49.6442,6.75254   ,49.3404,6.45149    ,49.0779,6.12605  ,48.919 ,5.76052   ,48.9045,5.32713   ,49.0196,4.98893   ,49.2936,4.63901    ,49.5847,4.35114   ,49.8723,4.08448   ,50.1525,3.81671     ,50.4548,3.50861   ,50.7214,3.23159   ,49.6442,6.75254   ,49.6456,6.32872    ,49.4532,6.01683   ,49.2925,5.68747   ,49.2777,5.32914   ,49.4127,5.0691     ,49.6948,4.78413    ,49.9731,4.52536   ,50.2295,4.27613    ,50.4573,4.01735   ,50.6848,3.70501   ,50.7214,3.23159   ,50.1439,3.39756   ,49.7558,3.70609   ,49.4205,3.98112    ,49.0989,4.26905   ,48.8003,4.59319   ,48.5712,5.01296    ,48.5166,5.44906   ,48.5739,5.94838   ,48.7686,6.33086   ,49.1143,6.66039   ,49.4524,-4.95471  ,1.13741    ,522,121043,55.1534,11.2176,128.267,0
1830,49.647 ,6.72434   ,49.3282,6.46023    ,49.0674,6.12688  ,48.8842,5.71495   ,48.8863,5.32201   ,49.0559,4.9385    ,49.3021,4.60743    ,49.6199,4.2697    ,49.9049,3.99428   ,50.2164,3.69685     ,50.4938,3.42387   ,50.801 ,3.17653   ,49.647 ,6.72434   ,49.6303,6.34762    ,49.4627,6.0648    ,49.2836,5.74501   ,49.2797,5.40546   ,49.4729,5.03997    ,49.7424,4.70915    ,50.0469,4.3784    ,50.3024,4.10767    ,50.5563,3.82288   ,50.7356,3.57355   ,50.801 ,3.17653   ,50.1767,3.34867   ,49.7917,3.6528    ,49.4136,3.97005    ,49.0978,4.25626   ,48.7807,4.60183   ,48.5828,4.93086    ,48.4713,5.33667   ,48.5089,5.78118   ,48.7307,6.27556   ,49.0954,6.6485    ,49.454 ,-4.91376  ,1.1257     ,534,122896,56.544 ,11.869 ,129.095,0
1831,49.6547,6.70331   ,49.3124,6.42033    ,49.0119,6.05594  ,48.865 ,5.65604   ,48.9132,5.26572   ,49.1096,4.86633   ,49.3588,4.53581    ,49.6572,4.21302   ,49.9627,3.90734   ,50.2886,3.57383     ,50.5534,3.26122   ,50.7821,2.92417   ,49.6547,6.70331   ,49.6205,6.31099    ,49.4018,5.98599   ,49.257 ,5.6409    ,49.3279,5.28244   ,49.5755,4.90272    ,49.8599,4.56635    ,50.1601,4.2337    ,50.437 ,3.92024    ,50.6868,3.59906   ,50.8311,3.32359   ,50.7821,2.92417   ,50.2103,3.28455   ,49.803 ,3.64154   ,49.3888,3.9934     ,49.0513,4.29821   ,48.7661,4.61432   ,48.5733,4.9425     ,48.4638,5.36308   ,48.488 ,5.77715   ,48.684 ,6.22024   ,49.0876,6.6123    ,49.475 ,-4.87181  ,1.11449    ,551,124220,58.4266,13.622 ,135.581,0
1832,49.5251,6.68852   ,49.2397,6.34335    ,49.0265,6.02821  ,48.8987,5.59756   ,48.955 ,5.20891   ,49.1267,4.84275   ,49.3821,4.5135     ,49.6847,4.19116   ,49.9401,3.92991   ,50.2612,3.58202     ,50.507 ,3.27011   ,50.655 ,2.93584   ,49.5251,6.68852   ,49.5619,6.21592    ,49.3981,5.90405   ,49.259 ,5.54975   ,49.3442,5.22581   ,49.5868,4.88345    ,49.8983,4.53304    ,50.2085,4.19776   ,50.4271,3.94657    ,50.6422,3.64261   ,50.7786,3.36222   ,50.655 ,2.93584   ,50.1785,3.26284   ,49.7962,3.61708   ,49.3527,4.01642    ,49.0575,4.29113   ,48.7719,4.60183   ,48.5961,4.91752    ,48.5291,5.32177   ,48.5466,5.76876   ,48.7093,6.24425   ,48.9839,6.55865   ,49.4766,-4.84051  ,1.1207     ,536,123218,55.771 ,14.1627,129.439,0
1833,49.4271,6.62928   ,49.2037,6.29157    ,49.0338,5.96999  ,48.9527,5.55051   ,49.019 ,5.1643    ,49.1708,4.86066   ,49.4116,4.53184    ,49.6454,4.25216   ,49.8957,3.97275   ,50.1618,3.68922     ,50.4312,3.41824   ,50.7238,3.17586   ,49.4271,6.62928   ,49.5199,6.22624    ,49.4169,5.91316   ,49.354 ,5.52156   ,49.4567,5.16183   ,49.654 ,4.8702     ,49.9304,4.5443     ,50.1635,4.27588   ,50.3654,4.02382    ,50.5224,3.79056   ,50.6506,3.56368   ,50.7238,3.17586   ,50.123 ,3.35879   ,49.7113,3.682     ,49.34  ,4.01535    ,49.0472,4.32155   ,48.819 ,4.61251   ,48.6279,4.94823    ,48.5459,5.27406   ,48.5546,5.69026   ,48.691 ,6.12219   ,48.9417,6.44512   ,49.4872,-4.79959  ,1.10676    ,514,117984,51.9247,13.7012,122.61 ,0
1834,49.3654,6.5036    ,49.1413,6.19381    ,49.0245,5.83458  ,49.0016,5.43766   ,49.0884,5.05202   ,49.2467,4.76478   ,49.492 ,4.44957    ,49.7513,4.14844   ,49.9949,3.86927   ,50.2151,3.61192     ,50.4844,3.30232   ,50.7252,3.06542   ,49.3654,6.5036    ,49.4465,6.10649    ,49.3986,5.75945   ,49.391 ,5.42406   ,49.5034,5.10932   ,49.6923,4.8453     ,49.9546,4.538      ,50.2101,4.2388    ,50.4355,3.95121    ,50.5895,3.71256   ,50.7177,3.43574   ,50.7252,3.06542   ,50.1752,3.25342   ,49.7645,3.6002    ,49.485 ,3.86869    ,49.2202,4.14      ,48.9549,4.45094   ,48.7397,4.77558    ,48.6348,5.09861   ,48.606 ,5.56623   ,48.6726,6.01927   ,48.8833,6.37079   ,49.5075,-4.72981  ,1.07961    ,496,114645,50.825 ,12.3067,118.125,0
1835,49.1461,6.46984   ,49.0578,6.06086    ,49.0418,5.69882  ,49.0686,5.34267   ,49.1728,4.9717    ,49.3219,4.68405   ,49.559 ,4.35683    ,49.806 ,4.05797   ,50.0193,3.80163   ,50.2606,3.50329     ,50.4703,3.22734   ,50.6503,2.92483   ,49.1461,6.46984   ,49.3571,6.02574    ,49.4126,5.64604   ,49.4819,5.28394   ,49.6418,4.92758   ,49.8528,4.65147    ,50.1216,4.33586    ,50.3377,4.0657    ,50.4923,3.8427     ,50.6369,3.58456   ,50.7392,3.33707   ,50.6503,2.92483   ,50.1385,3.20614   ,49.8071,3.51855   ,49.4619,3.86292    ,49.1891,4.15201   ,48.9204,4.47357   ,48.7348,4.80974    ,48.6641,5.11668   ,48.6393,5.51522   ,48.6708,5.87492   ,48.7712,6.20817   ,49.5342,-4.65246  ,1.06998    ,488,112694,49.7863,14.8284,115.882,0
1836,49.1027,6.47796   ,49.0516,6.08672    ,49.0386,5.74345  ,49.0749,5.32875   ,49.1528,5.01001   ,49.3126,4.67961   ,49.5268,4.39187    ,49.7857,4.08952   ,50.042 ,3.79788   ,50.2704,3.52808     ,50.4677,3.26675   ,50.6674,2.95853   ,49.1027,6.47796   ,49.3806,6.10198    ,49.3912,5.83615   ,49.4266,5.50735   ,49.5061,5.22076   ,49.6723,4.88804    ,49.8948,4.59176    ,50.1558,4.28666   ,50.3987,3.99414    ,50.5882,3.72057   ,50.7101,3.44891   ,50.6674,2.95853   ,50.1636,3.17108   ,49.881 ,3.42376   ,49.6029,3.69546    ,49.3273,3.9932    ,49.0789,4.29072   ,48.8952,4.5639     ,48.7674,4.89924   ,48.7051,5.26507   ,48.6862,5.76921   ,48.7308,6.17781   ,49.5497,-4.64595  ,1.07227    ,488,113028,49.6303,10.7794,117.296,0
1837,49.1093,6.50017   ,49.0294,6.08999    ,49.0217,5.70798  ,49.0666,5.38028   ,49.1824,4.99662   ,49.3499,4.66475   ,49.5596,4.36401    ,49.7999,4.07294   ,50.0708,3.76412   ,50.2945,3.51073     ,50.5457,3.23155   ,50.7989,2.97445   ,49.1093,6.50017   ,49.3637,6.07881    ,49.3927,5.70376   ,49.4446,5.40159   ,49.5795,5.06414   ,49.7814,4.74408    ,50.0116,4.44001    ,50.2328,4.16415   ,50.4483,3.88541    ,50.5978,3.65857   ,50.7368,3.39148   ,50.7989,2.97445   ,50.2741,3.15849   ,49.9033,3.46244   ,49.6021,3.74603    ,49.2804,4.08253   ,49.0381,4.37904   ,48.8701,4.66647    ,48.751 ,5.01782   ,48.668 ,5.46484   ,48.6442,5.82354   ,48.7084,6.20394   ,49.5575,-4.63509  ,1.07431    ,488,113962,50.7107,11.9631,119.196,0
1838,49.1001,6.49255   ,49.0238,6.08631    ,49.0214,5.7004   ,49.0855,5.31595   ,49.2075,4.97381   ,49.3975,4.62709   ,49.6096,4.32146    ,49.8407,4.02946   ,50.0991,3.71873   ,50.3542,3.40761     ,50.5873,3.11486   ,50.8011,2.85531   ,49.1001,6.49255   ,49.353 ,6.0617     ,49.3903,5.67004   ,49.4689,5.31443   ,49.6236,5.01215   ,49.8733,4.66527    ,50.1159,4.34861    ,50.3233,4.07658   ,50.5153,3.80983    ,50.6714,3.54562   ,50.7858,3.271     ,50.8011,2.85531   ,50.3153,3.05036   ,49.9545,3.37226   ,49.5955,3.73207    ,49.2756,4.08325   ,49.0348,4.38601   ,48.8695,4.67265    ,48.7504,5.02817   ,48.6761,5.42278   ,48.6442,5.84333   ,48.7067,6.21442   ,49.5744,-4.60965  ,1.06485    ,494,115402,51.6493,13.2673,120.368,0
1839,49.0831,6.48565   ,49.0451,6.09201    ,49.0343,5.67589  ,49.0726,5.32748   ,49.2043,4.9389    ,49.4176,4.60114   ,49.6569,4.28778    ,49.8859,4.00023   ,50.12  ,3.70434   ,50.3844,3.35345     ,50.5831,3.05464   ,50.7627,2.73237   ,49.0831,6.48565   ,49.3622,6.11133    ,49.3798,5.72858   ,49.4272,5.4185    ,49.5893,5.06726   ,49.8575,4.70667    ,50.1315,4.37076    ,50.348 ,4.09284   ,50.5307,3.83081    ,50.7059,3.52049   ,50.8196,3.22092   ,50.7627,2.73237   ,50.2863,2.985     ,49.9898,3.28759   ,49.6318,3.677      ,49.346 ,4.00521   ,49.1094,4.29768   ,48.9167,4.58052    ,48.7765,4.89906   ,48.6981,5.34656   ,48.6856,5.74481   ,48.7366,6.18168   ,49.6166,-4.54837  ,1.05706    ,511,117856,52.6034,12.5668,122.953,0
1840,49.0703,6.47139   ,49.0405,6.05668    ,49.0362,5.62726  ,49.0856,5.27647   ,49.2405,4.88208   ,49.4537,4.56862   ,49.7065,4.24354    ,49.9445,3.94845   ,50.1804,3.64815   ,50.4262,3.29458     ,50.5973,2.9823    ,50.733 ,2.61319   ,49.0703,6.47139   ,49.3645,6.08748    ,49.3833,5.69008   ,49.4405,5.37446   ,49.6241,5.01356   ,49.8777,4.68146    ,50.1708,4.32755    ,50.4099,4.03117   ,50.6081,3.7558     ,50.7737,3.44222   ,50.8643,3.13266   ,50.733 ,2.61319   ,50.2797,2.93568   ,50.0139,3.24972   ,49.6762,3.64055    ,49.3987,3.96554   ,49.166 ,4.25524   ,48.9628,4.54545    ,48.8066,4.84246   ,48.7066,5.28865   ,48.6833,5.68857   ,48.7244,6.13945   ,49.6547,-4.49458  ,1.05174    ,520,120944,53.4671,12.4283,124.368,0
1841,49.0274,6.44176   ,49.0347,6.01887    ,49.0404,5.57005  ,49.1128,5.16053   ,49.2715,4.81758   ,49.5106,4.48763   ,49.7893,4.1402     ,50.0393,3.83228   ,50.3087,3.47791   ,50.5068,3.1732      ,50.6968,2.80199   ,50.8334,2.42049   ,49.0274,6.44176   ,49.364 ,6.08857    ,49.3917,5.67498   ,49.4655,5.30123   ,49.642 ,4.97515   ,49.9256,4.61531    ,50.2402,4.23919    ,50.4815,3.93331   ,50.693 ,3.61038    ,50.8241,3.33373   ,50.9351,2.95192   ,50.8334,2.42049   ,50.4104,2.75809   ,50.1277,3.11624   ,49.8524,3.44563    ,49.5147,3.83399   ,49.2557,4.14269   ,49.0212,4.45588    ,48.8441,4.75377   ,48.7296,5.12702   ,48.6809,5.59301   ,48.7084,6.07001   ,49.6983,-4.42028  ,1.0461     ,538,124224,55.8031,12.1322,128.953,0
1842,49.1287,6.42184   ,49.0621,5.99275    ,49.0489,5.59185  ,49.1217,5.1532    ,49.2983,4.78234   ,49.5545,4.43158   ,49.8019,4.11921    ,50.0463,3.81156   ,50.2944,3.48308   ,50.5409,3.09628     ,50.7153,2.76419   ,50.8654,2.39564   ,49.1287,6.42184   ,49.3686,6.04108    ,49.3919,5.69157   ,49.4788,5.31056   ,49.6681,4.95595   ,49.9559,4.58465    ,50.2243,4.25679    ,50.464 ,3.94267   ,50.6816,3.60758    ,50.8811,3.23165   ,50.9849,2.89733   ,50.8654,2.39564   ,50.3909,2.74368   ,50.1404,3.065     ,49.8412,3.44973    ,49.5506,3.7802    ,49.2958,4.08635   ,49.0742,4.38069    ,48.8654,4.70883   ,48.7321,5.11276   ,48.701 ,5.62631   ,48.7711,6.07134   ,49.7256,-4.37396  ,1.0445     ,553,126732,55.9711,11.5781,130.953,0
1843,49.1456,6.40519   ,49.0435,5.94568    ,49.0566,5.52703  ,49.1537,5.13385   ,49.3378,4.75904   ,49.5939,4.38054   ,49.8578,4.02826    ,50.1039,3.6991    ,50.3448,3.36438   ,50.6035,2.97429     ,50.7885,2.63819   ,50.8971,2.25084   ,49.1456,6.40519   ,49.3739,5.92222    ,49.4121,5.5509    ,49.5373,5.20626   ,49.7558,4.8344    ,50.0549,4.44333    ,50.3077,4.12004    ,50.5175,3.80944   ,50.722 ,3.48649    ,50.9403,3.09934   ,51.0731,2.75894   ,50.8971,2.25084   ,50.4501,2.62934   ,50.1962,2.96016   ,49.8894,3.35426    ,49.608 ,3.69971   ,49.3285,4.04293   ,49.0641,4.41081    ,48.861 ,4.78238   ,48.7278,5.18362   ,48.6839,5.6431    ,48.7271,6.10171   ,49.7514,-4.32408  ,1.04755    ,562,129056,57.5613,12.1582,135.782,0
1844,49.1438,6.40453   ,49.042 ,5.9368     ,49.0568,5.51248  ,49.1552,5.1199    ,49.3432,4.74702   ,49.584 ,4.38664   ,49.8319,4.05609    ,50.0868,3.72085   ,50.3694,3.33691   ,50.5836,3.01463     ,50.7987,2.61743   ,50.9149,2.25682   ,49.1438,6.40453   ,49.374 ,5.92768    ,49.4109,5.55853   ,49.5314,5.21679   ,49.7474,4.84793   ,50.0294,4.46679    ,50.2893,4.13081    ,50.5174,3.80962   ,50.7531,3.45151    ,50.9216,3.15423   ,51.064 ,2.76246   ,50.9149,2.25682   ,50.4791,2.58731   ,50.1775,2.9835    ,49.9086,3.33038    ,49.5718,3.74356   ,49.2899,4.0929    ,49.0627,4.4133     ,48.8786,4.74619   ,48.7361,5.1441    ,48.6851,5.60751   ,48.723 ,6.08102   ,49.7526,-4.32147  ,1.04737    ,562,130145,57.5658,12.2661,133.782,0
1845,49.1886,6.39939   ,49.0429,5.95678    ,49.0516,5.53077  ,49.1735,5.07128   ,49.3709,4.70226   ,49.6225,4.33332   ,49.8782,3.99607    ,50.1362,3.65641   ,50.4156,3.26883   ,50.6238,2.9435      ,50.8646,2.55729   ,51.11  ,2.21524   ,49.1886,6.39939   ,49.3727,5.93897    ,49.404 ,5.57627   ,49.5519,5.17674   ,49.7759,4.80616   ,50.0662,4.41957    ,50.3256,4.08237    ,50.5503,3.76147   ,50.7819,3.4015     ,50.9407,3.10262   ,51.1007,2.72671   ,51.11  ,2.21524   ,50.5576,2.49578   ,50.2395,2.89356   ,49.9747,3.24523    ,49.6377,3.66403   ,49.3444,4.02312   ,49.0986,4.35673    ,48.9032,4.6994    ,48.7486,5.08465   ,48.6823,5.62855   ,48.7319,6.10662   ,49.7881,-4.26422  ,1.03912    ,574,132591,59.2312,12.0562,138.267,0
1846,49.1902,6.39988   ,49.0404,5.9389     ,49.0559,5.50045  ,49.1891,5.03575   ,49.3977,4.66171   ,49.6562,4.2819    ,49.9163,3.93627    ,50.1821,3.58658   ,50.4699,3.18672   ,50.6803,2.85167     ,50.9221,2.46309   ,51.1692,2.1051    ,49.1902,6.39988   ,49.3721,5.92141    ,49.4098,5.54895   ,49.5704,5.14149   ,49.8073,4.76132   ,50.1123,4.36101    ,50.3732,4.01688    ,50.5978,3.69032   ,50.8268,3.3232     ,50.9794,3.01495   ,51.1429,2.63131   ,51.1692,2.1051    ,50.6305,2.4017    ,50.3135,2.80101   ,50.0375,3.16238    ,49.6787,3.59908   ,49.3702,3.97209   ,49.1186,4.3152     ,48.9222,4.6661    ,48.7579,5.0491    ,48.6821,5.59848   ,48.7264,6.09326   ,49.8033,-4.23783  ,1.03713    ,583,133945,60.7697,12.3145,139.439,0
1847,49.1886,6.39934   ,49.0407,5.94165    ,49.0541,5.50555  ,49.1593,5.10296   ,49.3887,4.67256   ,49.6512,4.29337   ,49.9112,3.95025    ,50.1698,3.60648   ,50.4195,3.26383   ,50.689 ,2.86216     ,50.9198,2.52459   ,51.1761,2.19391   ,49.1886,6.39934   ,49.3726,5.93255    ,49.4063,5.56604   ,49.5309,5.21854   ,49.7879,4.78891   ,50.0839,4.39702    ,50.344 ,4.05724    ,50.5677,3.73486   ,50.7691,3.42204    ,50.9796,3.05316   ,51.1425,2.72782   ,51.1761,2.19391   ,50.6201,2.42846   ,50.3221,2.78733   ,49.9899,3.2194     ,49.6864,3.59265   ,49.3914,3.95796   ,49.135 ,4.30226    ,48.9246,4.65937   ,48.7423,5.11068   ,48.6831,5.5909    ,48.7264,6.08691   ,49.8053,-4.24259  ,1.03336    ,582,134503,59.9192,11.7465,138.024,0
1848,49.1891,6.40083   ,49.0397,5.94076    ,49.0534,5.50622  ,49.1612,5.10931   ,49.3565,4.72656   ,49.603 ,4.3541    ,49.8965,3.95853    ,50.1542,3.61526   ,50.4032,3.27265   ,50.6385,2.92559     ,50.9158,2.52477   ,51.1526,2.2153    ,49.1891,6.40083   ,49.372 ,5.92605    ,49.4019,5.55041   ,49.5322,5.21037   ,49.7549,4.83776   ,50.0441,4.44821    ,50.3487,4.05084    ,50.5717,3.72867   ,50.773 ,3.41575    ,50.9538,3.09972   ,51.1455,2.72119   ,51.1526,2.2153    ,50.6083,2.43579   ,50.2443,2.86919   ,49.9537,3.24344    ,49.6511,3.61635   ,49.358 ,3.98044   ,49.0847,4.36989    ,48.8956,4.71884   ,48.7447,5.1314    ,48.6847,5.60545   ,48.7253,6.09241   ,49.798 ,-4.24738  ,1.03603    ,580,134768,59.545 ,12.1816,137.439,0
1849,49.1891,6.40094   ,49.0398,5.93941    ,49.0516,5.50015  ,49.1595,5.10131   ,49.3575,4.72403   ,49.6042,4.35209   ,49.8981,3.9563     ,50.1566,3.61295   ,50.411 ,3.26901   ,50.6489,2.9222      ,50.918 ,2.52446   ,51.1579,2.21954   ,49.1891,6.40094   ,49.372 ,5.92719    ,49.4015,5.55205   ,49.5312,5.21243   ,49.7531,4.8404    ,50.0414,4.45171    ,50.3452,4.05499    ,50.5686,3.73296   ,50.779 ,3.41766    ,50.9702,3.10053   ,51.144 ,2.72701   ,51.1579,2.21954   ,50.6152,2.42848   ,50.2509,2.86077   ,49.9604,3.23489    ,49.6582,3.60755   ,49.3647,3.97185   ,49.0896,4.36245    ,48.8992,4.71018   ,48.7416,5.11246   ,48.6823,5.59341   ,48.7257,6.08973   ,49.798 ,-4.24722  ,1.03461    ,582,135156,59.5676,12.0693,137.439,0
1850,49.1465,6.3927    ,49.0397,5.91019    ,49.0582,5.48076  ,49.189 ,5.03487   ,49.3924,4.66946   ,49.6416,4.302     ,49.928 ,3.91494    ,50.1789,3.5791    ,50.4266,3.24313   ,50.6967,2.85201     ,50.921 ,2.51003   ,51.1454,2.13126   ,49.1465,6.3927    ,49.3716,5.90693    ,49.4112,5.53129   ,49.569 ,5.1401    ,49.8021,4.76985   ,50.0975,4.37971    ,50.3921,3.98858    ,50.6106,3.66966   ,50.8186,3.35726    ,51.0341,2.99975   ,51.1776,2.67639   ,51.1454,2.13126   ,50.5914,2.45659   ,50.2839,2.8173    ,49.9539,3.24055    ,49.6632,3.60075   ,49.3804,3.9528    ,49.1083,4.33255    ,48.9183,4.67039   ,48.7602,5.045     ,48.6854,5.57094   ,48.72  ,6.05199   ,49.8221,-4.20861  ,1.03063    ,591,136405,60.1184,12.4163,140.267,0
1851,49.0938,6.39889   ,49.0355,5.9054     ,49.0564,5.47091  ,49.1887,5.02851   ,49.3917,4.66623   ,49.6343,4.30085   ,49.9152,3.91499    ,50.1764,3.5717    ,50.4304,3.2312    ,50.6967,2.85057     ,50.9562,2.46799   ,51.1695,2.13359   ,49.0938,6.39889   ,49.3701,5.94695    ,49.4038,5.56587   ,49.5547,5.16775   ,49.7836,4.79529   ,50.0676,4.40925    ,50.3625,4.01701    ,50.5954,3.68961   ,50.8085,3.37264    ,51.0288,3.01561   ,51.201 ,2.63184   ,51.1695,2.13359   ,50.6359,2.41599   ,50.292 ,2.79245   ,49.9702,3.20172    ,49.6699,3.56869   ,49.3834,3.9256    ,49.1267,4.29953    ,48.9366,4.6383    ,48.7731,5.00313   ,48.6892,5.51734   ,48.7091,6.00512   ,49.8162,-4.21408  ,1.03242    ,593,136033,60.2406,12.0599,139.439,0
1852,49.1276,6.41283   ,49.0556,5.9332     ,49.058 ,5.50014  ,49.1746,5.05378   ,49.3726,4.67955   ,49.6171,4.31067   ,49.8921,3.93169    ,50.143 ,3.59848   ,50.3907,3.26515   ,50.6669,2.87495     ,50.8944,2.48637   ,51.0579,2.12019   ,49.1276,6.41283   ,49.3682,5.9771     ,49.4005,5.59805   ,49.5384,5.19945   ,49.7606,4.82963   ,50.0351,4.45085    ,50.3151,4.06882    ,50.5432,3.74677   ,50.7498,3.43471    ,50.976 ,3.06101   ,51.1386,2.64357   ,51.0579,2.12019   ,50.5922,2.43886   ,50.2831,2.80088   ,49.9494,3.20658    ,49.6589,3.56169   ,49.3879,3.90432   ,49.1255,4.2767     ,48.9214,4.63416   ,48.7643,5.02404   ,48.702 ,5.54379   ,48.7569,6.02932   ,49.7856,-4.2409   ,1.04317    ,588,135318,59.8365,11.5493,138.024,0
1853,49.1275,6.41753   ,49.0579,5.97142    ,49.0498,5.54582  ,49.1554,5.0988    ,49.3394,4.72974   ,49.5991,4.32018   ,49.8253,4.00275    ,50.1113,3.62154   ,50.3593,3.29439   ,50.6228,2.91704     ,50.8226,2.53175   ,50.932 ,2.17117   ,49.1275,6.41753   ,49.3713,6.02886    ,49.3884,5.65587   ,49.5131,5.25258   ,49.7184,4.88613   ,50.0071,4.46509    ,50.2516,4.13618    ,50.5219,3.76004   ,50.7342,3.45027    ,50.9486,3.08745   ,51.0766,2.6661    ,50.932 ,2.17117   ,50.5205,2.50728   ,50.2282,2.85505   ,49.9026,3.24696    ,49.6182,3.59242   ,49.3199,3.97684   ,49.1212,4.27885    ,48.903 ,4.67494   ,48.7544,5.06138   ,48.7012,5.57678   ,48.7612,6.04837   ,49.7552,-4.27576  ,1.05342    ,578,134097,58.6997,11.593 ,136.368,0
1854,49.1787,6.45538   ,49.0776,6.00755    ,49.0581,5.59941  ,49.1395,5.15505   ,49.3101,4.79485   ,49.5571,4.41358   ,49.8033,4.0634     ,50.068 ,3.70197   ,50.3025,3.38468   ,50.5751,2.99781     ,50.8047,2.6492    ,51.0182,2.32739   ,49.1787,6.45538   ,49.3692,6.01922    ,49.3943,5.66485   ,49.5041,5.27897   ,49.6968,4.92529   ,49.9821,4.52171    ,50.2574,4.15809    ,50.5213,3.80105   ,50.7211,3.50885    ,50.9067,3.16159   ,51.0204,2.81566   ,51.0182,2.32739   ,50.514 ,2.59722   ,50.1661,2.94832   ,49.8054,3.3674     ,49.5374,3.70728   ,49.2763,4.07027   ,49.0661,4.40299    ,48.8679,4.75953   ,48.7387,5.14815   ,48.7169,5.67052   ,48.8066,6.12534   ,49.7329,-4.33749  ,1.05783    ,570,130511,57.9246,12.1208,133.439,0
1855,49.1517,6.47162   ,49.0578,6.05807    ,49.0474,5.64979  ,49.1237,5.19907   ,49.2885,4.83271   ,49.4993,4.49364   ,49.7503,4.13578    ,50.016 ,3.79938   ,50.2634,3.50627   ,50.5214,3.21906     ,50.806 ,2.91798   ,51.0979,2.63512   ,49.1517,6.47162   ,49.3702,6.06409    ,49.3995,5.69815   ,49.4777,5.29964   ,49.6587,4.95865   ,49.9112,4.61419    ,50.1878,4.25412    ,50.4277,3.941     ,50.6149,3.68511    ,50.8008,3.43141   ,51.0096,3.13435   ,51.0979,2.63512   ,50.5149,2.79214   ,50.1388,3.11862   ,49.8107,3.44481    ,49.5095,3.77346   ,49.2339,4.12394   ,49.0237,4.47083    ,48.8635,4.80515   ,48.7356,5.21578   ,48.6896,5.73992   ,48.7606,6.17932   ,49.705 ,-4.43873  ,1.03772    ,541,123279,55.8469,11.8069,128.61 ,0
1856,49.0998,6.49196   ,49.0441,6.07083    ,49.0624,5.70511  ,49.1106,5.35196   ,49.2232,4.97074   ,49.4125,4.61453   ,49.6119,4.32301    ,49.8612,4.02115   ,50.1577,3.72252   ,50.4173,3.50726     ,50.7693,3.31041   ,51.1002,3.21353   ,49.0998,6.49196   ,49.3608,6.1247     ,49.4221,5.80411   ,49.474 ,5.49317   ,49.5698,5.16066   ,49.7446,4.85065    ,49.9418,4.5857     ,50.1688,4.30541   ,50.4084,4.03347    ,50.6159,3.83037   ,50.8984,3.5966    ,51.1002,3.21353   ,50.5503,3.06369   ,50.1327,3.2475    ,49.8199,3.49338    ,49.4752,3.82373   ,49.2194,4.14552   ,49.0314,4.45834    ,48.8427,4.86516   ,48.7267,5.32155   ,48.6926,5.73022   ,48.7271,6.1302    ,49.6645,-4.58355  ,1.01399    ,518,117542,51.676 ,10.3744,121.054,0
1857,49.1339,6.52283   ,49.0403,6.12575    ,49.0684,5.76186  ,49.1082,5.3941    ,49.2114,5.0108    ,49.3786,4.67002   ,49.6135,4.36064    ,49.8792,4.09801   ,50.1769,3.87841   ,50.5244,3.72491     ,50.8929,3.70828   ,51.2312,3.78375   ,49.1339,6.52283   ,49.3577,6.18898    ,49.4221,5.84712   ,49.4728,5.51428   ,49.5502,5.20446   ,49.6889,4.94036    ,49.8866,4.69499    ,50.1117,4.47245   ,50.3663,4.26721    ,50.6694,4.09053   ,50.9593,3.97944   ,51.2312,3.78375   ,50.7351,3.43074   ,50.2907,3.38212   ,49.9009,3.54432    ,49.5654,3.79467   ,49.2726,4.1045    ,49.0222,4.47457    ,48.8447,4.89793   ,48.7278,5.36375   ,48.7064,5.76946   ,48.7222,6.15019   ,49.6487,-4.70517  ,0.975668   ,493,113339,51.1027,10.6769,119.882,0
1858,49.2026,6.54983   ,49.0716,6.19317    ,49.0714,5.82656  ,49.0889,5.50292   ,49.1586,5.14606   ,49.2882,4.81832   ,49.4802,4.51595    ,49.7413,4.23944   ,50.0363,4.06445   ,50.3927,3.99073     ,50.7453,4.00883   ,51.0353,4.10533   ,49.2026,6.54983   ,49.4005,6.24514    ,49.438 ,5.93348   ,49.4579,5.64595   ,49.5041,5.34766   ,49.5942,5.09483    ,49.7442,4.86062    ,49.9711,4.64136   ,50.2256,4.48778    ,50.5073,4.39686   ,50.7788,4.33693   ,51.0353,4.10533   ,50.6184,3.66625   ,50.1725,3.59336   ,49.7542,3.67959    ,49.4381,3.90007   ,49.1604,4.24569   ,48.943 ,4.6198     ,48.7892,5.03117   ,48.7112,5.45138   ,48.7008,5.81304   ,48.7521,6.22626   ,49.6011,-4.8112   ,0.979715   ,479,111561,47.9637,11.4747,114.811,0
1859,49.1616,6.4967    ,49.0671,6.17529    ,49.0659,5.79908  ,49.0901,5.46353   ,49.1531,5.12041   ,49.2765,4.80811   ,49.4448,4.54716    ,49.6791,4.30338   ,49.9899,4.12904   ,50.3413,4.14704     ,50.6276,4.29428   ,50.8469,4.51383   ,49.1616,6.4967    ,49.3962,6.2411     ,49.4401,5.96776   ,49.4569,5.7159    ,49.4899,5.43921   ,49.5689,5.16895    ,49.6769,4.95889    ,49.8166,4.75863   ,50.0174,4.57955    ,50.2615,4.55056   ,50.4884,4.6195    ,50.8469,4.51383   ,50.6924,3.91875   ,50.3331,3.71733   ,49.8791,3.70409    ,49.4698,3.91059   ,49.1552,4.21041   ,48.9473,4.52108    ,48.793 ,4.89049   ,48.7116,5.31961   ,48.6884,5.74381   ,48.7439,6.20351   ,49.5729,-4.86573  ,0.966585   ,483,110832,46.0234,11.2365,111.983,0
1860,49.1633,6.49913   ,49.0533,6.17622    ,49.0593,5.81779  ,49.0952,5.45606   ,49.1729,5.10622   ,49.2879,4.81135   ,49.5275,4.51931    ,49.7919,4.35284   ,50.1447,4.28229   ,50.4563,4.45876     ,50.5588,4.77302   ,50.5394,5.09417   ,49.1633,6.49913   ,49.3752,6.31077    ,49.4275,6.09721   ,49.4449,5.85666   ,49.4628,5.58067   ,49.5053,5.33167    ,49.6064,5.08856    ,49.7344,4.91885   ,49.9549,4.7513     ,50.2021,4.77555   ,50.3238,4.94472   ,50.5394,5.09417   ,50.78  ,4.51648   ,50.6671,4.07903   ,50.2592,3.8087     ,49.7697,3.82498   ,49.3817,4.00831   ,49.0352,4.36242    ,48.8592,4.71035   ,48.7321,5.15434   ,48.6857,5.645     ,48.7366,6.13302   ,49.5865,-4.92615  ,0.939709   ,488,112141,47.2324,13.5319,113.74 ,0
1861,49.2048,6.47803   ,49.0736,6.09643    ,49.0736,5.71911  ,49.1143,5.34131   ,49.1993,5.01322   ,49.3704,4.67562   ,49.6847,4.42317    ,50.0303,4.3458    ,50.3459,4.54698   ,50.456 ,4.92151     ,50.4622,5.29016   ,50.396 ,5.64661   ,49.2048,6.47803   ,49.4238,6.2188     ,49.4529,5.98599   ,49.4584,5.73496   ,49.4767,5.48935   ,49.5474,5.20586    ,49.6889,4.965      ,49.8816,4.82806   ,50.0959,4.93428    ,50.1988,5.17715   ,50.2585,5.40958   ,50.396 ,5.64661   ,50.672 ,5.06988   ,50.6998,4.56084   ,50.5453,4.08741    ,50.0923,3.85861   ,49.5994,3.92475   ,49.142 ,4.2128     ,48.8933,4.62249   ,48.7534,5.05154   ,48.6894,5.56325   ,48.73  ,6.07283   ,49.612 ,-4.99479  ,0.93469    ,508,115658,51.2937,13.1545,121.74 ,0
1862,49.1653,6.49027   ,49.065 ,6.13842    ,49.0704,5.7541   ,49.1019,5.42211   ,49.1975,5.041     ,49.344 ,4.74076   ,49.6216,4.49451    ,49.95  ,4.41464   ,50.2557,4.60237   ,50.3825,4.94115     ,50.4186,5.30675   ,50.3698,5.64772   ,49.1653,6.49027   ,49.4046,6.29227    ,49.4517,6.06578   ,49.4555,5.8496    ,49.4673,5.55739   ,49.5175,5.29325    ,49.6331,5.04133    ,49.7964,4.88332   ,49.9907,4.96285    ,50.0839,5.18858   ,50.1617,5.43091   ,50.3698,5.64772   ,50.6745,5.09255   ,50.6607,4.60217   ,50.4702,4.17288    ,50.0197,3.94421   ,49.5376,3.99027   ,49.1238,4.25533    ,48.8985,4.60992   ,48.7334,5.10146   ,48.6842,5.55613   ,48.7288,6.0833    ,49.5954,-5.04651  ,0.929933   ,501,114834,49.1078,13.6147,116.912,0
1863,49.2015,6.4791    ,49.0793,6.1479     ,49.0695,5.77536  ,49.0998,5.39147   ,49.181 ,5.05468   ,49.3673,4.7204    ,49.6458,4.50833    ,50.004 ,4.55606   ,50.2329,4.79637   ,50.3513,5.14996     ,50.3871,5.52932   ,50.3514,5.85014   ,49.2015,6.4791    ,49.4159,6.24517    ,49.4528,6.00968   ,49.4604,5.75214   ,49.4786,5.49779   ,49.5461,5.20652    ,49.6803,4.98801    ,49.8833,5.02255   ,49.9927,5.21394    ,50.0695,5.44104   ,50.1471,5.66312   ,50.3514,5.85014   ,50.6238,5.29269   ,50.612 ,4.74964   ,50.4199,4.29308    ,50.047 ,4.04642   ,49.5394,4.05989   ,49.137 ,4.29711    ,48.8531,4.69948   ,48.7249,5.13651   ,48.6843,5.6527    ,48.7516,6.14543   ,49.6032,-5.12236  ,0.909941   ,501,115225,49.157 ,12.4497,118.912,0
1864,49.2437,6.47197   ,49.0929,6.1415     ,49.0674,5.77095  ,49.0907,5.38358   ,49.1725,5.04456   ,49.3752,4.71231   ,49.7122,4.54943    ,50.0356,4.6407    ,50.27  ,4.93148   ,50.3669,5.29501     ,50.3952,5.67868   ,50.3496,6.00836   ,49.2437,6.47197   ,49.4219,6.21191    ,49.4475,5.96877   ,49.4552,5.70548   ,49.4816,5.44878   ,49.5844,5.16876    ,49.7804,5.00886    ,49.9436,5.11557   ,50.0319,5.34791    ,50.091 ,5.57354   ,50.1561,5.79564   ,50.3496,6.00836   ,50.6323,5.45729   ,50.6255,4.90571   ,50.4638,4.42436    ,50.0541,4.11932   ,49.5591,4.10154   ,49.1074,4.31673    ,48.8321,4.72872   ,48.713 ,5.16857   ,48.6887,5.68482   ,48.779 ,6.16523   ,49.6137,-5.16218  ,0.88862    ,502,116995,50.1244,12.5042,120.912,0
1865,49.2117,6.4818    ,49.0785,6.13998    ,49.0643,5.75628  ,49.0917,5.36391   ,49.1796,5.02731   ,49.4059,4.71649   ,49.7451,4.62385    ,50.0984,4.82145   ,50.2847,5.13854   ,50.3727,5.49496     ,50.4327,5.88183   ,50.4452,6.21513   ,49.2117,6.4818    ,49.4153,6.24914    ,49.4479,6.00711   ,49.4538,5.73999   ,49.4735,5.47671   ,49.5664,5.19755    ,49.7682,5.11093    ,49.9431,5.34063   ,50.0325,5.58655    ,50.1141,5.81037   ,50.2193,6.03027   ,50.4452,6.21513   ,50.6315,5.62541   ,50.6105,5.07122   ,50.5027,4.59923    ,50.1924,4.2409    ,49.6428,4.12854   ,49.1831,4.28656    ,48.8505,4.66532   ,48.7158,5.09485   ,48.68  ,5.62037   ,48.7526,6.12833   ,49.6299,-5.23234  ,0.927971   ,514,118028,50.7878,13.8296,120.912,0
1866,49.2515,6.47073   ,49.0809,6.16154    ,49.0388,5.76363  ,49.0565,5.42323   ,49.1617,5.06734   ,49.3935,4.79821   ,49.7672,4.77384    ,50.0843,4.97471   ,50.2455,5.26886   ,50.3494,5.63692     ,50.4175,5.99307   ,50.4308,6.3466    ,49.2515,6.47073   ,49.4228,6.21768    ,49.4484,5.94499   ,49.4575,5.68593   ,49.5016,5.40709   ,49.626 ,5.21207    ,49.8129,5.2757     ,49.9168,5.52234   ,49.9967,5.75877    ,50.0967,5.98834   ,50.2058,6.18032   ,50.4308,6.3466    ,50.6136,5.70461   ,50.579 ,5.18664   ,50.4634,4.69723    ,50.1947,4.36635   ,49.6387,4.24964   ,49.087 ,4.43226    ,48.7838,4.81117   ,48.6421,5.25464   ,48.6341,5.68397   ,48.7583,6.19429   ,49.6193,-5.30867  ,0.896033   ,512,117087,49.6951,14.5812,119.497,0
1867,49.2378,6.46661   ,49.0729,6.13865    ,49.0415,5.81324  ,49.0655,5.4376    ,49.187 ,5.13959   ,49.473 ,4.90519   ,49.8169,4.90267    ,50.0973,5.07829   ,50.2779,5.41412   ,50.359 ,5.73145     ,50.4153,6.07505   ,50.4239,6.40932   ,49.2378,6.46661   ,49.4184,6.20005    ,49.4589,5.97106   ,49.4977,5.68993   ,49.5592,5.46246   ,49.6991,5.3127     ,49.8474,5.42066    ,49.9388,5.63065   ,50.0271,5.88825    ,50.1078,6.08607   ,50.2068,6.26965   ,50.4239,6.40932   ,50.6108,5.78326   ,50.5902,5.28115   ,50.4998,4.85709    ,50.1977,4.46506   ,49.7039,4.36385   ,49.1616,4.53189    ,48.7652,4.89595   ,48.6162,5.27629   ,48.6284,5.75126   ,48.7438,6.1619    ,49.6235,-5.3645   ,0.26095    ,505,116374,47.4867,14.6437,120.326,0
1868,49.1582,6.47849   ,49.0386,6.13995    ,49.0239,5.7639   ,49.0576,5.4298    ,49.1902,5.12598   ,49.4939,4.89711   ,49.8091,4.90755    ,50.1002,5.09224   ,50.279 ,5.4186    ,50.3843,5.75485     ,50.4608,6.115     ,50.4558,6.4231    ,49.1582,6.47849   ,49.3639,6.23881    ,49.431 ,5.97571   ,49.4784,5.72599   ,49.5438,5.49087   ,49.68  ,5.31983    ,49.8193,5.3923     ,49.921 ,5.60147   ,50.0229,5.86092    ,50.1247,6.08236   ,50.2369,6.28396   ,50.4558,6.4231    ,50.6705,5.85704   ,50.6197,5.33922   ,50.506 ,4.89723    ,50.2196,4.52293   ,49.7129,4.39865   ,49.218 ,4.5059     ,48.7826,4.84066   ,48.6178,5.22721   ,48.6166,5.64881   ,48.7226,6.12644   ,49.6471,-5.38367  ,-0.52263   ,514,117646,47.6906,13.7254,120.569,0
1869,49.2051,6.48084   ,49.0568,6.14434    ,49.0324,5.72711  ,49.071 ,5.35429   ,49.2152,5.03011   ,49.525 ,4.86252   ,49.9062,4.98972    ,50.1447,5.2257    ,50.3251,5.55441   ,50.46  ,5.91373     ,50.5868,6.28084   ,50.668 ,6.61745   ,49.2051,6.48084   ,49.3906,6.20501    ,49.444 ,5.88897   ,49.4903,5.5955    ,49.5795,5.3453    ,49.7625,5.30701    ,49.9083,5.56488    ,49.9958,5.79474   ,50.114 ,6.05024    ,50.262 ,6.29137   ,50.4142,6.50203   ,50.668 ,6.61745   ,50.7291,5.96987   ,50.6254,5.44386   ,50.4992,4.9731     ,50.2349,4.58      ,49.8244,4.36293   ,49.2033,4.42464    ,48.7925,4.79657   ,48.6307,5.2161    ,48.6212,5.67369   ,48.7374,6.17613   ,49.6663,-5.41924  ,-0.645048  ,520,118103,50.7835,15.1836,124.569,0
1870,49.2052,6.46666   ,49.0468,6.10635    ,49.0097,5.76116  ,49.0443,5.36612   ,49.1891,5.07241   ,49.5373,4.93429   ,49.8706,5.04615    ,50.16  ,5.32896   ,50.3292,5.61362   ,50.4873,5.95414     ,50.6425,6.30558   ,50.7364,6.63655   ,49.2052,6.46666   ,49.3968,6.1758     ,49.4041,5.94376   ,49.4062,5.67366   ,49.4775,5.45893   ,49.7029,5.41662    ,49.87  ,5.59899    ,50.0017,5.85234   ,50.1138,6.05884    ,50.2706,6.30021   ,50.4458,6.52145   ,50.7364,6.63655   ,50.8022,6.00146   ,50.6648,5.52212   ,50.5018,5.08456    ,50.2632,4.73031   ,49.7941,4.44885   ,49.2862,4.44922    ,48.8431,4.75836   ,48.6603,5.15257   ,48.6213,5.6802    ,48.7123,6.12761   ,49.6836,-5.48329  ,-0.557036  ,514,116915,50.0219,14.1364,123.64 ,0
1871,49.1986,6.47141   ,49.0538,6.13417    ,49.0049,5.73386  ,49.0338,5.35264   ,49.1782,5.05371   ,49.525 ,4.9464    ,49.9003,5.07784    ,50.1555,5.35749   ,50.3288,5.6489    ,50.5013,5.98699     ,50.6743,6.34753   ,50.7391,6.66754   ,49.1986,6.47141   ,49.4013,6.20445    ,49.3971,5.94663   ,49.3676,5.70086   ,49.3955,5.46411   ,49.5749,5.37778    ,49.7908,5.55229    ,49.9582,5.79145   ,50.081 ,6.00723    ,50.2418,6.26159   ,50.4349,6.51304   ,50.7391,6.66754   ,50.8728,6.09237   ,50.7181,5.62423   ,50.5315,5.20824    ,50.2973,4.84175   ,49.9293,4.55301   ,49.3736,4.50935    ,48.9037,4.70556   ,48.6814,5.09184   ,48.6206,5.62312   ,48.7217,6.15555   ,49.6997,-5.52063  ,-0.49991   ,505,116860,50.5729,12.3727,123.882,0
1872,49.2271,6.4551    ,49.0336,6.10727    ,48.9912,5.75451  ,49.0134,5.34021   ,49.1736,5.04487   ,49.5537,4.9809    ,49.9082,5.10831    ,50.1851,5.4109    ,50.3751,5.72807   ,50.547 ,6.03891     ,50.7268,6.42027   ,50.7777,6.7505    ,49.2271,6.4551    ,49.372 ,6.15246    ,49.369 ,5.9097    ,49.3653,5.62832   ,49.4429,5.40266   ,49.6766,5.43681    ,49.8653,5.63395    ,50.016 ,5.88256   ,50.1422,6.10771    ,50.2995,6.34189   ,50.5074,6.59379   ,50.7777,6.7505    ,50.913 ,6.15976   ,50.751 ,5.65574   ,50.5651,5.27107    ,50.2996,4.86007   ,49.8737,4.53605   ,49.3365,4.51322    ,48.8413,4.73927   ,48.6447,5.14745   ,48.6201,5.70592   ,48.7148,6.15165   ,49.7158,-5.53179  ,-0.525     ,512,118280,51.5982,13.4654,122.225,0
1873,49.2283,6.45467   ,49.0368,6.12514    ,48.9911,5.70027  ,49.0285,5.32162   ,49.2766,5.04113   ,49.6462,5.05781   ,50.0063,5.22263    ,50.2776,5.52941   ,50.4751,5.83271   ,50.6723,6.1834      ,50.8682,6.55602   ,50.9962,6.87522   ,49.2283,6.45467   ,49.3655,6.15754    ,49.3687,5.85615   ,49.39  ,5.59106   ,49.5767,5.415     ,49.815 ,5.5811     ,50.0062,5.83449    ,50.1698,6.11301   ,50.306 ,6.31906    ,50.4905,6.53821   ,50.6985,6.77247   ,50.9962,6.87522   ,50.9932,6.25831   ,50.8126,5.74657   ,50.5961,5.27111    ,50.3326,4.87099   ,49.9289,4.55686   ,49.3787,4.5112     ,48.8964,4.69248   ,48.644 ,5.15125   ,48.6168,5.65751   ,48.7303,6.18473   ,49.7737,-5.57079  ,-0.577811  ,534,121556,53.0159,15.6979,129.054,0
1874,49.2181,6.46384   ,49.0307,6.09697    ,48.9926,5.70821  ,49.0493,5.27554   ,49.3141,4.99109   ,49.6781,5.00722   ,50.0573,5.22267    ,50.3144,5.53725   ,50.5111,5.86915   ,50.7062,6.20611     ,50.9425,6.57821   ,51.1358,6.87863   ,49.2181,6.46384   ,49.3674,6.16824    ,49.3759,5.89849   ,49.4102,5.57989   ,49.5897,5.36164   ,49.8039,5.4909     ,49.9899,5.7637     ,50.1372,6.01684   ,50.314 ,6.27651    ,50.5302,6.53775   ,50.8076,6.79672   ,51.1358,6.87863   ,51.024 ,6.27982   ,50.8319,5.79007   ,50.6607,5.37903    ,50.4352,4.97414   ,50.0515,4.61599   ,49.4576,4.49863    ,48.9566,4.65025   ,48.6598,5.06764   ,48.6115,5.6333    ,48.7164,6.12655   ,49.7875,-5.57307  ,-0.572176  ,537,122065,54.6243,14.0961,129.296,0
1875,49.1999,6.49      ,49.0247,6.1036     ,48.9901,5.72728  ,49.0468,5.3225    ,49.3081,5.0249    ,49.6924,5.04872   ,50.0468,5.25196    ,50.3041,5.50896   ,50.5309,5.86282   ,50.7233,6.18972     ,50.9349,6.54982   ,51.0864,6.89169   ,49.1999,6.49      ,49.3586,6.22609    ,49.3696,5.97693   ,49.3836,5.67582   ,49.5473,5.4216    ,49.8139,5.56087    ,50.0147,5.78993    ,50.1622,6.00429   ,50.3459,6.28374    ,50.5293,6.53299   ,50.7572,6.78513   ,51.0864,6.89169   ,51.066 ,6.23561   ,50.8708,5.76457   ,50.6676,5.36131    ,50.3827,4.9375    ,49.9948,4.64859   ,49.4795,4.50798    ,48.9941,4.65454   ,48.6832,5.05897   ,48.6118,5.58767   ,48.7114,6.08141   ,49.8077,-5.59934  ,-0.546192  ,537,122634,54.0058,14     ,128.711,0
1876,49.2127,6.47624   ,49.0258,6.12639    ,48.9853,5.72017  ,49.0496,5.32959   ,49.3018,5.03377   ,49.7108,5.04495   ,50.0481,5.25037    ,50.3151,5.52461   ,50.5473,5.85261   ,50.7471,6.19767     ,50.9478,6.55229   ,51.0352,6.90302   ,49.2127,6.47624   ,49.3522,6.20874    ,49.3674,5.9424    ,49.3851,5.66395   ,49.5178,5.43799   ,49.8054,5.55534    ,50.0133,5.77018    ,50.1671,5.97513   ,50.3281,6.2143     ,50.523 ,6.48869   ,50.7412,6.74886   ,51.0352,6.90302   ,51.1139,6.27587   ,50.9258,5.83      ,50.7186,5.41185    ,50.3919,4.9907    ,50.0014,4.66368   ,49.5314,4.50404    ,49.0109,4.66781   ,48.6838,5.08412   ,48.6028,5.60265   ,48.7226,6.13685   ,49.8084,-5.59682  ,-0.499779  ,527,121299,53.8995,13.5713,126.953,0
1877,49.2041,6.47725   ,49.0232,6.13311    ,48.9844,5.72146  ,49.0501,5.32508   ,49.2671,5.05654   ,49.6671,5.0397    ,50.0002,5.22108    ,50.3058,5.52136   ,50.5257,5.81333   ,50.7241,6.13712     ,50.936 ,6.48326   ,51.0742,6.80757   ,49.2041,6.47725   ,49.35  ,6.20911    ,49.3682,5.93879   ,49.3905,5.65813   ,49.5077,5.45065   ,49.7962,5.55201    ,50.0072,5.76778    ,50.1848,6.00744   ,50.3294,6.22203    ,50.5093,6.46732   ,50.7447,6.71743   ,51.0742,6.80757   ,51.0809,6.17383   ,50.8922,5.72746   ,50.6661,5.32202    ,50.3551,4.95279   ,49.9118,4.61386   ,49.4551,4.50302    ,48.9548,4.70624   ,48.6788,5.08084   ,48.6001,5.61105   ,48.7194,6.14943   ,49.8088,-5.59873  ,-0.493779  ,531,121580,52.8041,14.2004,126.125,0
1878,49.2099,6.47642   ,49.0224,6.12781    ,48.9842,5.70953  ,49.0543,5.31071   ,49.2809,5.04654   ,49.6902,5.04806   ,50.0545,5.2501     ,50.3222,5.52577   ,50.557 ,5.8448    ,50.7738,6.15823     ,51.0075,6.50044   ,51.2201,6.79856   ,49.2099,6.47642   ,49.3521,6.20348    ,49.3683,5.93177   ,49.3899,5.64994   ,49.5101,5.44525   ,49.7992,5.55583    ,50.0321,5.80398    ,50.2076,6.04401   ,50.3853,6.28416    ,50.5988,6.51677   ,50.8788,6.74132   ,51.2201,6.79856   ,51.0828,6.1837    ,50.8965,5.72172   ,50.6731,5.32602    ,50.3742,4.93061   ,50.0022,4.63924   ,49.497 ,4.51251    ,48.9776,4.6893    ,48.6861,5.06024   ,48.5991,5.5957    ,48.7162,6.14602   ,49.8257,-5.60894  ,-0.506956  ,538,121542,53.7113,14.2895,128.125,0
1879,49.2092,6.48299   ,49.0198,6.12372    ,48.98  ,5.7472   ,49.0253,5.37342   ,49.2816,5.05508   ,49.6717,5.05618   ,50.0076,5.22811    ,50.2913,5.4926    ,50.5262,5.80999   ,50.7406,6.11425     ,50.9773,6.44671   ,51.1976,6.72222   ,49.2092,6.48299   ,49.3523,6.20155    ,49.3639,5.95327   ,49.3757,5.68744   ,49.5155,5.43384   ,49.8021,5.55264    ,50.0284,5.79103    ,50.2077,6.04296   ,50.3659,6.27903    ,50.5587,6.48792   ,50.8383,6.68879   ,51.1976,6.72222   ,51.0615,6.13412   ,50.8696,5.6655    ,50.6321,5.26219    ,50.3108,4.86711   ,49.9071,4.61147   ,49.4545,4.53479    ,48.9667,4.71572   ,48.6488,5.1574    ,48.5982,5.65374   ,48.7113,6.1422    ,49.8022,-5.58592  ,-0.451959  ,522,119405,52.697 ,14.5427,126.125,0
1880,49.181 ,6.47821   ,49.0089,6.14304    ,48.9786,5.7288   ,49.0261,5.37389   ,49.2634,5.05395   ,49.6373,5.03476   ,49.9685,5.17583    ,50.2836,5.43919   ,50.5108,5.73677   ,50.7091,6.04316     ,50.927 ,6.35974   ,51.1   ,6.67222   ,49.181 ,6.47821   ,49.3393,6.2347     ,49.3625,5.9783    ,49.3693,5.72974   ,49.4665,5.45529   ,49.698 ,5.47733    ,49.9047,5.65252    ,50.119 ,5.89655   ,50.3178,6.14524    ,50.5212,6.37732   ,50.7624,6.58863   ,51.1   ,6.67222   ,51.0425,6.06448   ,50.8495,5.63333   ,50.6524,5.2518     ,50.3791,4.9107    ,49.9427,4.64578   ,49.4779,4.57162    ,48.9824,4.69782   ,48.6581,5.11134   ,48.5934,5.58731   ,48.6989,6.14256   ,49.7728,-5.55592  ,-0.379173  ,508,116185,51.7427,12.5048,121.882,0
1881,49.0803,6.48583   ,48.9835,6.13071    ,48.9841,5.79211  ,49.0291,5.40959   ,49.1994,5.09533   ,49.5374,5.00707   ,49.8841,5.11273    ,50.1535,5.29658   ,50.41  ,5.57087   ,50.6243,5.85659     ,50.8399,6.15772   ,51.003 ,6.44482   ,49.0803,6.48583   ,49.3176,6.2611     ,49.3582,6.04823   ,49.3741,5.77953   ,49.4291,5.49924   ,49.6179,5.42022    ,49.8271,5.57119    ,50.0107,5.7576    ,50.2229,5.98657    ,50.4402,6.20606   ,50.6855,6.40427   ,51.003 ,6.44482   ,50.9481,5.84807   ,50.7572,5.43679   ,50.5393,5.08335    ,50.2243,4.77447   ,49.8575,4.61456   ,49.3704,4.58691    ,48.9152,4.74387   ,48.6646,5.12736   ,48.6068,5.63689   ,48.6529,6.08698   ,49.7144,-5.51557  ,-0.228829  ,490,111830,48.6524,12.3388,117.64 ,0
1882,49.1249,6.56659   ,48.9661,6.23017    ,48.9426,5.9061   ,48.9809,5.52299   ,49.1097,5.21462   ,49.3911,5.03106   ,49.7685,5.06877    ,50.0808,5.22478   ,50.3379,5.42794   ,50.5926,5.68138     ,50.8231,5.93109   ,51.035 ,6.20016   ,49.1249,6.56659   ,49.2479,6.32036    ,49.2826,6.10753   ,49.3226,5.84537   ,49.3936,5.60349   ,49.5747,5.4649     ,49.8529,5.58491    ,50.0754,5.75904   ,50.2646,5.91916    ,50.472 ,6.08241   ,50.6991,6.21356   ,51.035 ,6.20016   ,50.9005,5.59889   ,50.6547,5.21852   ,50.341 ,4.87386    ,50.0095,4.64136   ,49.6061,4.52732   ,49.1355,4.61504    ,48.7807,4.89122   ,48.6215,5.29102   ,48.6027,5.80239   ,48.7009,6.22224   ,49.6811,-5.47235  ,-0.0632065 ,479,109301,47.6725,13.7314,112.811,0
1883,49.0346,6.54052   ,48.9215,6.18334    ,48.9095,5.86106  ,48.9337,5.50702   ,49.0386,5.21599   ,49.3205,5.00021   ,49.6506,5.00495    ,49.9998,5.11422   ,50.2925,5.26677   ,50.5837,5.44316     ,50.886 ,5.60494   ,51.1385,5.77366   ,49.0346,6.54052   ,49.2348,6.29       ,49.2799,6.02232   ,49.2863,5.71554   ,49.3469,5.48201   ,49.5814,5.35207    ,49.8352,5.47185    ,50.0826,5.64623   ,50.3041,5.78001    ,50.5415,5.87746   ,50.8122,5.91698   ,51.1385,5.77366   ,50.8893,5.25959   ,50.5434,4.95952   ,50.1982,4.70462    ,49.8307,4.54682   ,49.3796,4.52429   ,48.9837,4.66722    ,48.6884,5.02735   ,48.5658,5.3856    ,48.537 ,5.79077   ,48.6219,6.16763   ,49.6385,-5.39957  ,0.181106   ,468,106500,46.1193,13.8328,114.468,0
1884,48.9796,6.52467   ,48.9119,6.19239    ,48.9062,5.83587  ,48.9424,5.53462   ,49.0427,5.24683   ,49.3008,5.01692   ,49.6076,4.99482    ,49.9192,5.04409   ,50.245 ,5.12406   ,50.5604,5.19461     ,50.877 ,5.2206    ,51.1964,5.2474    ,48.9796,6.52467   ,49.1542,6.31541    ,49.2375,6.05438   ,49.3018,5.81669   ,49.3956,5.56215   ,49.6095,5.36176    ,49.8411,5.43969    ,50.0723,5.54232   ,50.3569,5.60101    ,50.6699,5.60272   ,50.959 ,5.53655   ,51.1964,5.2474    ,50.717 ,4.90272   ,50.3721,4.77298   ,50.0528,4.62639    ,49.6851,4.52828   ,49.3014,4.54565   ,48.9293,4.69372    ,48.6533,5.0029    ,48.5647,5.34785   ,48.5706,5.7219    ,48.6796,6.16297   ,49.6117,-5.33544  ,0.31186    ,459,106066,44.0669,13.3119,107.497,0
1885,48.9742,6.5096    ,48.918 ,6.14348    ,48.9173,5.81865  ,48.9756,5.45737   ,49.12  ,5.19835   ,49.4257,5.07295   ,49.7863,5.0767     ,50.1317,5.10748   ,50.4476,5.14074   ,50.8152,5.11817     ,51.1365,4.98704   ,51.4023,4.8566    ,48.9742,6.5096    ,49.1659,6.25749    ,49.2475,6.00091   ,49.3523,5.70407   ,49.5212,5.49216   ,49.8332,5.46897    ,50.1312,5.551      ,50.4155,5.59339   ,50.7043,5.5714     ,51.0369,5.42524   ,51.2807,5.20477   ,51.4023,4.8566    ,50.9159,4.80914   ,50.5112,4.83011   ,50.1062,4.70239    ,49.7507,4.61153   ,49.3443,4.5961    ,48.9387,4.68649    ,48.6665,4.961     ,48.5725,5.30482   ,48.5817,5.74649   ,48.6778,6.13116   ,49.6975,-5.31745  ,0.307386   ,479,109847,45.9214,15.1751,114.326,0
1886,48.9527,6.53707   ,48.8873,6.163      ,48.8969,5.81509  ,48.9773,5.42564   ,49.1861,5.13619   ,49.5154,5.04907   ,49.8881,5.04567    ,50.2757,5.05983   ,50.6125,5.06609   ,50.9756,4.99039     ,51.3031,4.87774   ,51.6465,4.79001   ,48.9527,6.53707   ,49.1689,6.24989    ,49.2533,5.95373   ,49.3639,5.61794   ,49.5941,5.40166   ,49.9191,5.44273    ,50.2424,5.49665    ,50.5778,5.49525   ,50.8835,5.41942    ,51.1872,5.25743   ,51.4288,5.08964   ,51.6465,4.79001   ,51.0838,4.69673   ,50.6718,4.75318   ,50.2508,4.71615    ,49.8679,4.61965   ,49.4213,4.59238   ,49.0163,4.66312    ,48.7116,4.91692   ,48.5571,5.33422   ,48.5301,5.79538   ,48.6126,6.183     ,49.7574,-5.2753   ,0.338862   ,487,111816,49.177 ,14.9795,118.083,0
1887,49.0118,6.54543   ,48.9132,6.17227    ,48.9102,5.78793  ,48.9787,5.48692   ,49.2229,5.18378   ,49.556 ,5.05428   ,49.9205,5.00381    ,50.2705,4.97024   ,50.6216,4.93158   ,50.9652,4.88317     ,51.3543,4.82885   ,51.6691,4.81102   ,49.0118,6.54543   ,49.203 ,6.22791    ,49.2715,5.84561   ,49.3669,5.54159   ,49.6961,5.34492   ,50.0889,5.38781    ,50.4205,5.40972    ,50.6864,5.36621   ,50.9329,5.28586    ,51.1633,5.19058   ,51.4313,5.07592   ,51.6691,4.81102   ,51.1698,4.59498   ,50.6535,4.59274   ,50.1945,4.59161    ,49.7364,4.58578   ,49.3086,4.60941   ,48.9297,4.74257    ,48.6803,5.06896   ,48.5586,5.52519   ,48.5372,5.83905   ,48.6404,6.22116   ,49.7967,-5.23448  ,0.386967   ,481,111687,48.6804,16.8019,117.841,0
1888,48.9839,6.53782   ,48.8988,6.183      ,48.9223,5.8064   ,49.068 ,5.46889   ,49.3219,5.20819   ,49.6464,5.02844   ,50.0068,4.94735    ,50.3598,4.90202   ,50.7325,4.86432   ,51.1104,4.83703     ,51.4705,4.82329   ,51.8109,4.83526   ,48.9839,6.53782   ,49.1775,6.26001    ,49.2868,5.90032   ,49.5133,5.58398   ,49.8901,5.41004   ,50.3152,5.33096    ,50.6599,5.28485    ,50.9138,5.23951   ,51.1349,5.17919    ,51.3489,5.11149   ,51.566 ,5.0379    ,51.8109,4.83526   ,51.2609,4.6112    ,50.7466,4.56991   ,50.2044,4.56079    ,49.6846,4.57849   ,49.2426,4.62746   ,48.887 ,4.75985    ,48.6817,5.06297   ,48.5729,5.43038   ,48.5377,5.8055    ,48.6315,6.19567   ,49.8396,-5.21258  ,0.387388   ,492,113963,49.4959,19.1617,118.77 ,0
1889,48.9914,6.54321   ,48.9012,6.11905    ,48.9244,5.77651  ,49.0734,5.41872   ,49.3753,5.1438    ,49.7265,5.00162   ,50.1439,4.92699    ,50.5266,4.87803   ,50.9067,4.82981   ,51.2612,4.77985     ,51.6701,4.70973   ,52.0164,4.65564   ,48.9914,6.54321   ,49.195 ,6.20002    ,49.2925,5.89728   ,49.515 ,5.5896    ,49.9367,5.39996   ,50.3471,5.32492    ,50.7169,5.26999    ,50.9835,5.21342   ,51.2209,5.14251    ,51.4524,5.06332   ,51.7587,4.93667   ,52.0164,4.65564   ,51.4852,4.50068   ,50.9577,4.51346   ,50.4677,4.53325    ,49.9414,4.55862   ,49.4463,4.60164   ,48.9959,4.70786    ,48.7274,4.94304   ,48.5731,5.33684   ,48.536 ,5.77046   ,48.616 ,6.14644   ,49.9144,-5.18721  ,0.367653   ,518,117154,52.4961,18.2176,125.012,0
1890,49.0478,6.56468   ,48.9363,6.16058    ,48.937 ,5.71757  ,49.053 ,5.39063   ,49.3677,5.13152   ,49.7419,5.00253   ,50.161 ,4.93271    ,50.5736,4.87045   ,50.9246,4.8161    ,51.3419,4.75639     ,51.7523,4.71764   ,52.1259,4.69848   ,49.0478,6.56468   ,49.2185,6.14016    ,49.3188,5.6951    ,49.502 ,5.40599   ,49.9452,5.32027   ,50.3663,5.3323     ,50.7172,5.29886    ,51.0114,5.21889   ,51.2456,5.13242    ,51.5162,5.02173   ,51.8061,4.92247   ,52.1259,4.69848   ,51.566 ,4.52287   ,51.0284,4.50848   ,50.4641,4.52171    ,49.9949,4.5429    ,49.475 ,4.58691   ,49.0117,4.6957     ,48.711 ,4.98402   ,48.5504,5.46665   ,48.5384,5.86642   ,48.6729,6.29889   ,49.9507,-5.16892  ,0.361828   ,521,120022,54.3287,18.3565,127.841,0
1891,49.0174,6.55553   ,48.9045,6.14954    ,48.9127,5.70222  ,49.0212,5.35908   ,49.3505,5.07228   ,49.7288,4.97946   ,50.1435,4.93051    ,50.5913,4.88264   ,50.9476,4.83462   ,51.3286,4.76751     ,51.7582,4.68993   ,52.135 ,4.69325   ,49.0174,6.55553   ,49.1919,6.18799    ,49.2752,5.77558   ,49.4133,5.46692   ,49.8249,5.31519   ,50.199 ,5.32282    ,50.5401,5.29407    ,50.8769,5.23703   ,51.1354,5.17271    ,51.4135,5.07917   ,51.7819,4.95941   ,52.135 ,4.69325   ,51.6346,4.43621   ,51.1236,4.47822   ,50.6229,4.51769    ,50.1571,4.54499   ,49.6003,4.58219   ,49.1355,4.65527    ,48.787 ,4.87004   ,48.5789,5.35112   ,48.5331,5.75737   ,48.6326,6.22923   ,49.9848,-5.15399  ,0.353625   ,523,121364,55.1874,15.3991,130.083,0
1892,48.9536,6.46884   ,48.8964,6.01198    ,48.9331,5.67164  ,49.0998,5.30027   ,49.421 ,5.05427   ,49.8232,4.95294   ,50.243 ,4.91911    ,50.5924,4.88029   ,51.01  ,4.81713   ,51.4261,4.73897     ,51.7701,4.67944   ,52.1492,4.63444   ,48.9536,6.46884   ,49.2071,6.10547    ,49.282 ,5.80442   ,49.4528,5.49875   ,49.7663,5.34176   ,50.1353,5.30659    ,50.5048,5.27896    ,50.8116,5.23527   ,51.1768,5.15214    ,51.5393,5.04664   ,51.8396,4.94387   ,52.1492,4.63444   ,51.5667,4.43949   ,51.1742,4.45587   ,50.7042,4.50385    ,50.2335,4.54084   ,49.8412,4.56581   ,49.3714,4.61767    ,48.9506,4.82822   ,48.6673,5.2114    ,48.5599,5.67547   ,48.5935,6.05144   ,50.0405,-5.13851  ,0.35179    ,538,122775,53.8852,12.616 ,134.912,0
1893,48.9476,6.46884   ,48.888 ,6.01555    ,48.9232,5.67764  ,49.0866,5.30613   ,49.4046,5.05737   ,49.8053,4.95473   ,50.1519,4.91102    ,50.5683,4.8678    ,50.9834,4.81589   ,51.397 ,4.7437      ,51.7398,4.68644   ,52.1117,4.65386   ,48.9476,6.46884   ,49.1994,6.11288    ,49.2719,5.8155    ,49.4407,5.51079   ,49.7434,5.3475    ,50.1067,5.30639    ,50.4103,5.28617    ,50.7731,5.23493   ,51.1339,5.15919    ,51.4913,5.05533   ,51.7881,4.96292   ,52.1117,4.65386   ,51.5568,4.43365   ,51.1649,4.45659   ,50.695 ,4.49081    ,50.2247,4.51583   ,49.7547,4.55091   ,49.3654,4.61915    ,48.9421,4.82999   ,48.6549,5.21156   ,48.5472,5.67484   ,48.587 ,6.04976   ,50.0318,-5.13234  ,0.352627   ,543,123765,53.5023,12.3973,131.841,0
1894,48.9859,6.4005    ,48.8931,5.97548    ,48.9534,5.56335  ,49.1729,5.22142   ,49.5331,5.01561   ,49.9499,4.9326    ,50.3037,4.88919    ,50.7282,4.84326   ,51.1514,4.78237   ,51.5736,4.71029     ,51.9248,4.65801   ,52.3187,4.62835   ,48.9859,6.4005    ,49.2035,6.04083    ,49.3181,5.68535   ,49.549 ,5.42528   ,49.8987,5.31868   ,50.2717,5.29691    ,50.5822,5.26887    ,50.9525,5.20158   ,51.3204,5.11079    ,51.6866,5.00706   ,51.9912,4.9144    ,52.3187,4.62835   ,51.7191,4.42101   ,51.32  ,4.43793   ,50.8415,4.47525    ,50.3627,4.50348   ,49.8839,4.52973   ,49.4865,4.58522    ,49.0372,4.75954   ,48.7   ,5.11219   ,48.5482,5.57385   ,48.5943,6.04914   ,50.1018,-5.10918  ,0.328763   ,560,126730,55.2387,12.9968,137.497,0
1895,48.9605,6.41888   ,48.889 ,6.00047    ,48.9448,5.58535  ,49.1501,5.22964   ,49.5056,5.01385   ,49.9216,4.92872   ,50.2751,4.8907     ,50.699 ,4.8468    ,51.1223,4.79568   ,51.5447,4.73209     ,51.8967,4.69566   ,52.2876,4.67234   ,48.9605,6.41888   ,49.1969,6.09899    ,49.3019,5.73809   ,49.505 ,5.45391   ,49.841 ,5.32042   ,50.2138,5.29495    ,50.5245,5.27149    ,50.8956,5.21499   ,51.2646,5.13421    ,51.6324,5.0444    ,51.9388,4.96786   ,52.2876,4.67234   ,51.714 ,4.43505   ,51.3159,4.43803   ,50.8388,4.47229    ,50.3615,4.49721   ,49.8842,4.52333   ,49.4886,4.58507    ,49.0401,4.75757   ,48.7025,5.1077    ,48.5488,5.56741   ,48.5928,6.03782   ,50.1116,-5.1086   ,0.320396   ,563,128003,55.0721,12.4461,136.083,0
1896,48.9605,6.41888   ,48.8892,5.99735    ,48.95  ,5.5803   ,49.1591,5.22526   ,49.4505,5.03606   ,49.8638,4.93863   ,50.2896,4.88552    ,50.6448,4.85013   ,51.0701,4.79777   ,51.4953,4.74043     ,51.8481,4.69953   ,52.2243,4.67834   ,48.9605,6.41888   ,49.1979,6.09452    ,49.305 ,5.73078   ,49.5136,5.44751   ,49.7934,5.32944   ,50.1693,5.2986     ,50.5452,5.26402    ,50.8573,5.21584   ,51.2295,5.13281    ,51.6024,5.05721   ,51.9124,4.9828    ,52.2243,4.67834   ,51.6452,4.43352   ,51.2465,4.44371   ,50.7685,4.47416    ,50.2903,4.49686   ,49.892 ,4.52279   ,49.4163,4.59605    ,48.9787,4.80064   ,48.7106,5.10468   ,48.5554,5.56492   ,48.5923,6.03683   ,50.0912,-5.11279  ,0.326093   ,556,127925,54.2526,12.63  ,134.669,0
1897,48.9605,6.41888   ,48.9003,6.00051    ,48.9576,5.58633  ,49.1616,5.23309   ,49.5093,5.0163    ,49.9213,4.92544   ,50.2734,4.88776    ,50.696 ,4.84909   ,51.1176,4.79968   ,51.4686,4.75246     ,51.8869,4.70623   ,52.2683,4.67834   ,48.9605,6.41888   ,49.1974,6.10038    ,49.307 ,5.74096   ,49.5083,5.45625   ,49.8388,5.32072   ,50.2108,5.29519    ,50.5207,5.27178    ,50.891 ,5.2166    ,51.2594,5.14134    ,51.5659,5.07254   ,51.933 ,4.9824    ,52.2683,4.67834   ,51.7062,4.44739   ,51.2308,4.44638   ,50.8351,4.47223    ,50.3601,4.49072   ,49.8852,4.51682   ,49.4916,4.57842    ,49.0498,4.76176   ,48.7225,5.11191   ,48.5744,5.56657   ,48.6046,6.03621   ,50.1129,-5.10986  ,0.323295   ,556,128503,54.6416,12.4532,136.912,0
1898,48.9859,6.43805   ,48.9238,6.00004    ,48.9657,5.64945  ,49.1475,5.27761   ,49.4915,5.03782   ,49.8393,4.95073   ,50.2676,4.89877    ,50.625 ,4.86087   ,51.0528,4.80967   ,51.4085,4.75854     ,51.8283,4.6897    ,52.1493,4.6403    ,48.9859,6.43805   ,49.2161,6.09571    ,49.2945,5.78573   ,49.4836,5.48282   ,49.815 ,5.33148   ,50.1325,5.30086    ,50.514 ,5.27187    ,50.8311,5.23218   ,51.2092,5.15512    ,51.5227,5.07699   ,51.8896,4.94992   ,52.1493,4.6403    ,51.6306,4.45907   ,51.1522,4.45915   ,50.7539,4.47808    ,50.2761,4.50544   ,49.8781,4.53658   ,49.404 ,4.62364    ,49.0383,4.80183   ,48.7254,5.181     ,48.6061,5.6494    ,48.6361,6.04578   ,50.0834,-5.12849  ,0.348339   ,537,124764,53.1414,12.1988,131.012,0
1899,49.038 ,6.53338   ,48.9668,6.1136     ,48.9588,5.70316  ,49.0392,5.34072   ,49.2914,5.08996   ,49.7106,4.98076   ,50.0955,4.93466    ,50.4443,4.89575   ,50.8573,4.84121   ,51.2425,4.77984     ,51.6393,4.71624   ,51.9815,4.68432   ,49.038 ,6.53338   ,49.2092,6.18079    ,49.2705,5.81496   ,49.3844,5.49967   ,49.6778,5.33497   ,50.0903,5.32671    ,50.4236,5.30724    ,50.714 ,5.26775   ,51.0514,5.20227    ,51.3611,5.12113   ,51.6866,5.00655   ,51.9815,4.68432   ,51.4865,4.44064   ,51.0005,4.4592    ,50.5286,4.49974    ,50.0341,4.54002   ,49.6317,4.57697   ,49.2145,4.65156    ,48.8163,4.89461   ,48.6497,5.28631   ,48.6404,5.72766   ,48.7383,6.17626   ,49.9676,-5.16633  ,0.382982   ,506,117864,52.7405,13.5626,124.426,0
1900,48.8625,6.5805    ,48.8959,6.1603     ,48.9216,5.81474  ,48.9948,5.42095   ,49.181 ,5.14795   ,49.5186,5.0036    ,49.918 ,4.95072    ,50.2913,4.91252   ,50.6483,4.86334   ,50.9958,4.78034     ,51.3893,4.66599   ,51.7066,4.56564   ,48.8625,6.5805    ,49.1577,6.30365    ,49.2297,6.00309   ,49.3134,5.64085   ,49.5048,5.39646   ,49.8504,5.32667    ,50.2215,5.32789    ,50.5718,5.29189   ,50.913 ,5.22167    ,51.2156,5.10982   ,51.5177,4.93107   ,51.7066,4.56564   ,51.1531,4.43272   ,50.6604,4.48258   ,50.2666,4.52527    ,49.8873,4.54645   ,49.493 ,4.58653   ,49.0827,4.70417    ,48.7764,4.9685    ,48.6399,5.3202    ,48.6008,5.76731   ,48.6258,6.14557   ,49.8633,-5.18315  ,0.444738   ,486,112248,50.4598,12.7482,120.669,0
1901,48.9933,6.60559   ,48.8909,6.24693    ,48.8817,5.88971  ,48.9588,5.53413   ,49.1436,5.26097   ,49.4701,5.06362   ,49.8198,4.96499    ,50.1507,4.9087    ,50.4783,4.84346   ,50.8135,4.72967     ,51.1287,4.54505   ,51.4067,4.36404   ,48.9933,6.60559   ,49.1617,6.28183    ,49.2159,5.95192   ,49.3117,5.63499   ,49.544 ,5.43074   ,49.9379,5.34448    ,50.2998,5.30513    ,50.5917,5.25925   ,50.8517,5.17853    ,51.1046,5.02902   ,51.3283,4.78566   ,51.4067,4.36404   ,50.8563,4.35429   ,50.4341,4.46875   ,49.9995,4.53345    ,49.5975,4.5765    ,49.2342,4.64654   ,48.9105,4.82173    ,48.6771,5.1555    ,48.572 ,5.5287    ,48.5397,5.93264   ,48.6355,6.30614   ,49.7694,-5.19467  ,0.52618    ,478,109225,47.8703,15.3628,115.255,0
1902,48.8868,6.604     ,48.8497,6.22867    ,48.8699,5.92148  ,48.937 ,5.61958   ,49.1002,5.33465   ,49.3938,5.12367   ,49.7065,5.00361    ,49.9949,4.92461   ,50.3329,4.8046    ,50.5891,4.64892     ,50.8194,4.41153   ,51.0147,4.14508   ,48.8868,6.604     ,49.1054,6.28043    ,49.1884,5.98965   ,49.289 ,5.7075    ,49.5079,5.47111   ,49.8902,5.36232    ,50.2452,5.3167     ,50.5263,5.25739   ,50.8075,5.10862    ,50.9903,4.90252   ,51.1083,4.6031    ,51.0147,4.14508   ,50.4742,4.29135   ,50.1095,4.45457   ,49.7647,4.54216    ,49.3657,4.61877   ,49.0748,4.71899   ,48.8146,4.9281     ,48.6333,5.26662   ,48.5547,5.62784   ,48.5391,5.95753   ,48.5949,6.27353   ,49.6946,-5.18356  ,0.613962   ,466,107786,44.7302,16.2466,111.255,0
1903,48.8913,6.61564   ,48.8729,6.28828    ,48.8985,5.95063  ,48.9816,5.62066   ,49.134 ,5.36431   ,49.3902,5.16599   ,49.654 ,5.03704    ,49.9736,4.91515   ,50.2768,4.7687    ,50.4828,4.57944     ,50.5932,4.26753   ,50.6196,3.96907   ,48.8913,6.61564   ,49.121 ,6.32163    ,49.2403,5.98039   ,49.3795,5.65649   ,49.6008,5.44735   ,49.9495,5.35909    ,50.2588,5.31188    ,50.563 ,5.21119   ,50.7916,5.00882    ,50.9126,4.73958   ,50.9335,4.36497   ,50.6196,3.96907   ,50.2378,4.26418   ,49.9965,4.49342   ,49.6801,4.57835    ,49.2932,4.65313   ,48.9585,4.80129   ,48.749 ,5.02148    ,48.6066,5.35296   ,48.5467,5.68776   ,48.5412,6.03623   ,48.6247,6.35886   ,49.6594,-5.15133  ,0.700234   ,467,107748,43.192 ,17.1336,110.669,0
1904,48.9729,6.61548   ,48.9127,6.25601    ,48.9036,5.92348  ,48.9667,5.66217   ,49.175 ,5.39201   ,49.4499,5.18447   ,49.7007,5.02327    ,49.9801,4.84789   ,50.2164,4.63496   ,50.379 ,4.36663     ,50.351 ,4.06322   ,50.1771,3.80581   ,48.9729,6.61548   ,49.1865,6.24214    ,49.2544,5.87569   ,49.3585,5.60819   ,49.6856,5.42262   ,50.0963,5.3361     ,50.4212,5.2356     ,50.7014,5.04953   ,50.8431,4.73009    ,50.8495,4.32428   ,50.6801,3.9755    ,50.1771,3.80581   ,50.0579,4.23454   ,49.8786,4.49206   ,49.528 ,4.60756    ,49.1839,4.6989    ,48.8967,4.86223   ,48.7207,5.08868    ,48.594 ,5.4277    ,48.5367,5.81274   ,48.545 ,6.08356   ,48.6533,6.37288   ,49.652 ,-5.1079   ,0.774995   ,479,109718,43.4564,19.2495,113.497,0
1905,48.9788,6.6145    ,48.9154,6.26403    ,48.9037,5.9051   ,48.9994,5.57497   ,49.2432,5.30819   ,49.4968,5.13346   ,49.8072,4.94497    ,50.103 ,4.73249   ,50.3062,4.45251   ,50.3172,4.15412     ,50.1416,3.86086   ,49.9087,3.61212   ,48.9788,6.6145    ,49.1814,6.27045    ,49.2534,5.88479   ,49.3975,5.55971   ,49.7653,5.40827   ,50.1195,5.34046    ,50.4817,5.1791     ,50.7309,4.8738    ,50.7907,4.4458     ,50.6636,4.06993   ,50.3963,3.75109   ,49.9087,3.61212   ,49.9578,4.06056   ,49.9979,4.34287   ,49.7819,4.54832    ,49.3982,4.65899   ,49.0428,4.76453   ,48.7876,4.98214    ,48.6421,5.27288   ,48.5512,5.68774   ,48.5456,6.04655   ,48.6657,6.36861   ,49.6387,-5.05245  ,0.857418   ,486,112176,46.6096,18.3641,117.154,0
1906,48.9581,6.58337   ,48.912 ,6.19707    ,48.921 ,5.89295  ,49.0312,5.57289   ,49.2749,5.31822   ,49.5513,5.10891   ,49.8377,4.88251    ,50.0887,4.6262    ,50.2417,4.32733   ,50.2132,4.02895     ,50.0259,3.6832    ,49.8546,3.44712   ,48.9581,6.58337   ,49.1957,6.17922    ,49.2815,5.84967   ,49.4524,5.53809   ,49.8209,5.39328   ,50.203 ,5.29656    ,50.5222,5.07301    ,50.6938,4.68667   ,50.6778,4.24175    ,50.5355,3.90969   ,50.2614,3.57705   ,49.8546,3.44712   ,49.8494,3.88218   ,49.9258,4.25092   ,49.78  ,4.50426    ,49.4213,4.64426   ,49.0717,4.75936   ,48.8194,4.98252    ,48.6528,5.30552   ,48.5558,5.70054   ,48.5469,6.05637   ,48.6367,6.33412   ,49.6214,-5.01163  ,0.932259   ,491,113280,46.466 ,18.2006,118.569,0
1907,48.9629,6.62923   ,48.9551,6.26371    ,48.9682,5.92662  ,49.0422,5.59954   ,49.2678,5.29244   ,49.5247,5.08187   ,49.8032,4.85314    ,50.0262,4.60176   ,50.1388,4.3035    ,50.1081,3.967       ,49.9674,3.64434   ,49.7673,3.37487   ,48.9629,6.62923   ,49.2179,6.27563    ,49.3124,5.93021   ,49.4468,5.61146   ,49.7933,5.38875   ,50.1183,5.25382    ,50.416 ,5.01052    ,50.5985,4.65135   ,50.6085,4.24374    ,50.4809,3.87598   ,50.2429,3.56048   ,49.7673,3.37487   ,49.7397,3.81458   ,49.7609,4.15491   ,49.6533,4.45515    ,49.4022,4.62865   ,49.1137,4.76352   ,48.8525,4.97105    ,48.6765,5.25963   ,48.6   ,5.6873    ,48.6138,6.03845   ,48.6946,6.35599   ,49.5936,-4.96561  ,1.00773    ,490,112824,46.676 ,16.2566,116.569,0
1908,48.9683,6.6326    ,48.9608,6.26842    ,48.9795,5.87441  ,49.0613,5.55381   ,49.2855,5.25489   ,49.5417,5.03806   ,49.7983,4.80434    ,50.0073,4.50947   ,50.0719,4.13404   ,50.0101,3.78938     ,49.8917,3.45603   ,49.7406,3.17926   ,48.9683,6.6326    ,49.2273,6.2691     ,49.3397,5.86284   ,49.484 ,5.55413   ,49.8203,5.33863   ,50.1388,5.18413    ,50.3992,4.91888    ,50.5301,4.50151   ,50.4901,4.04304    ,50.36  ,3.70407   ,50.1717,3.39313   ,49.7406,3.17926   ,49.6488,3.61046   ,49.6869,3.97215   ,49.6557,4.3241     ,49.4458,4.59991   ,49.1302,4.75721   ,48.8677,4.95641    ,48.6847,5.23362   ,48.5997,5.65042   ,48.6064,6.00112   ,48.6968,6.37165   ,49.5678,-4.90343  ,1.07467    ,495,114236,48.1001,15.8371,117.154,0
1909,48.9519,6.61371   ,48.9562,6.22931    ,48.9885,5.85545  ,49.0904,5.54249   ,49.2979,5.24684   ,49.5557,4.98445   ,49.7905,4.70819    ,49.9467,4.34953   ,49.9681,3.99574   ,49.9242,3.63554     ,49.8651,3.27972   ,49.8005,2.96221   ,48.9519,6.61371   ,49.2457,6.23055    ,49.3539,5.86186   ,49.5273,5.56782   ,49.8428,5.31713   ,50.1678,5.06831    ,50.3939,4.73252    ,50.4504,4.27368   ,50.3727,3.89906    ,50.2485,3.57665   ,50.1077,3.27489   ,49.8005,2.96221   ,49.6394,3.38425   ,49.6159,3.79694   ,49.5685,4.19549    ,49.4195,4.52194   ,49.1293,4.76554   ,48.8683,4.97636    ,48.6854,5.2537    ,48.6082,5.61454   ,48.6046,5.95914   ,48.6668,6.32608   ,49.5441,-4.81661  ,1.16083    ,510,116651,48.9001,15.9765,122.569,0
1910,48.9519,6.61533   ,48.9544,6.20067    ,48.9813,5.86063  ,49.1039,5.47903   ,49.3291,5.1772    ,49.5637,4.93233   ,49.7933,4.62536    ,49.9064,4.26559   ,49.8994,3.87853   ,49.8516,3.54764     ,49.8005,3.16709   ,49.7488,2.81329   ,48.9519,6.61533   ,49.2525,6.21391    ,49.342 ,5.88689   ,49.5402,5.53354   ,49.8551,5.27364   ,50.1282,5.02236    ,50.3356,4.64185    ,50.3701,4.20698   ,50.2885,3.81115    ,50.1876,3.51137   ,50.0715,3.16865   ,49.7488,2.81329   ,49.542 ,3.27066   ,49.5322,3.69449   ,49.5224,4.05631    ,49.4266,4.43312   ,49.198 ,4.70162   ,48.9211,4.92554    ,48.7295,5.16151   ,48.6183,5.52355   ,48.6038,5.95084   ,48.6558,6.29249   ,49.5168,-4.76787  ,1.20018    ,516,117651,50.3886,14.8519,122.326,0
1911,48.952 ,6.61828   ,48.9607,6.19694    ,48.9914,5.83453  ,49.1062,5.4939    ,49.3485,5.1699    ,49.5963,4.87813   ,49.7671,4.58491    ,49.8512,4.18473   ,49.8452,3.78754   ,49.8214,3.43812     ,49.7964,3.04794   ,49.7744,2.70089   ,48.952 ,6.61828   ,49.2595,6.17154    ,49.3593,5.79559   ,49.5573,5.4664    ,49.916 ,5.20845   ,50.1872,4.90236    ,50.3158,4.53793    ,50.3247,4.10242   ,50.2433,3.7389     ,50.1548,3.43691   ,50.0491,3.09244   ,49.7744,2.70089   ,49.5491,3.10956   ,49.4964,3.55513   ,49.4532,3.95258    ,49.3701,4.37468   ,49.1795,4.72166   ,48.9458,4.93121    ,48.721 ,5.19871   ,48.612 ,5.60886   ,48.6058,5.97913   ,48.6626,6.31919   ,49.4989,-4.72535  ,1.22653    ,515,118709,51.248 ,15.2286,124.912,0
1912,48.9526,6.61468   ,48.9546,6.22735    ,48.9931,5.81143  ,49.1284,5.47954   ,49.362 ,5.18208   ,49.6062,4.87202   ,49.7763,4.48553    ,49.8299,4.12792   ,49.8361,3.74812   ,49.8175,3.3762      ,49.7912,2.97029   ,49.7642,2.60802   ,48.9526,6.61468   ,49.241 ,6.21155    ,49.3568,5.78534   ,49.5761,5.47798   ,49.9119,5.24612   ,50.1766,4.91824    ,50.2872,4.43429    ,50.2829,4.03016   ,50.2319,3.65471    ,50.1515,3.32659   ,50.0428,2.98272   ,49.7642,2.60802   ,49.5462,3.06837   ,49.4912,3.54725   ,49.4429,3.96845    ,49.3669,4.35002   ,49.2356,4.64595   ,48.9791,4.90913    ,48.7499,5.18983   ,48.6308,5.56585   ,48.6076,5.94207   ,48.6698,6.34044   ,49.5092,-4.67645  ,1.24661    ,526,120936,52.1524,14.6862,127.497,0
1913,49.0287,6.53854   ,49.0086,6.1357     ,49.0649,5.72611  ,49.2269,5.41028   ,49.4723,5.09355   ,49.6605,4.75143   ,49.7615,4.38387    ,49.808 ,3.98197   ,49.8142,3.57704   ,49.8003,3.24272     ,49.7659,2.82528   ,49.7093,2.47514   ,49.0287,6.53854   ,49.2738,6.11747    ,49.4578,5.68909   ,49.7357,5.38869   ,50.0591,5.09961   ,50.2388,4.7376     ,50.2877,4.33138    ,50.2691,3.90686   ,50.2073,3.51541    ,50.132 ,3.21445   ,50.0031,2.84477   ,49.7093,2.47514   ,49.5386,2.90547   ,49.475 ,3.38013   ,49.4228,3.75295    ,49.3394,4.17346   ,49.2136,4.54739   ,49.0433,4.86056    ,48.8308,5.16173   ,48.669 ,5.50371   ,48.6451,5.85102   ,48.7467,6.24417   ,49.5264,-4.60693  ,1.27892    ,535,123545,52.3694,15.0836,129.154,0
1914,48.9905,6.53843   ,48.9591,6.13691    ,49.0573,5.70614  ,49.256 ,5.3613    ,49.5103,5.03127   ,49.7   ,4.75468   ,49.8499,4.38816    ,49.8836,3.99985   ,49.8425,3.60809   ,49.776 ,3.2185      ,49.697 ,2.8337    ,49.6146,2.46408   ,48.9905,6.53843   ,49.2294,6.15251    ,49.4368,5.71286   ,49.722 ,5.40369   ,50.0286,5.10143   ,50.202 ,4.81757    ,50.297 ,4.42819    ,50.2813,4.03299   ,50.2222,3.63957    ,50.1195,3.25056   ,49.9909,2.86626   ,49.6146,2.46408   ,49.4382,2.95114   ,49.4625,3.34196   ,49.4885,3.73275    ,49.4857,4.12383   ,49.3601,4.49766   ,49.1125,4.8334     ,48.8906,5.09487   ,48.6995,5.45481   ,48.6226,5.84147   ,48.6884,6.26233   ,49.5326,-4.56443  ,1.29651    ,544,123514,53.316 ,13.9568,130.569,0
1915,49.033 ,6.55161   ,48.9824,6.14134    ,49.092 ,5.72925  ,49.2724,5.41759   ,49.4916,5.08126   ,49.6612,4.68267   ,49.7387,4.32366    ,49.7716,3.87451   ,49.7652,3.49104   ,49.7413,3.12455     ,49.6983,2.67897   ,49.6504,2.33148   ,49.033 ,6.55161   ,49.2802,6.09635    ,49.535 ,5.66916   ,49.8257,5.34954   ,50.091 ,5.00763   ,50.1997,4.57854    ,50.2126,4.18439    ,50.1815,3.72171   ,50.1255,3.36538    ,50.0508,3.05141   ,49.928 ,2.68058   ,49.6504,2.33148   ,49.4798,2.78112   ,49.4413,3.31677   ,49.4101,3.74258    ,49.3587,4.15672   ,49.2456,4.58769   ,49.088 ,4.89744    ,48.8414,5.24196   ,48.663 ,5.57113   ,48.607 ,5.88176   ,48.6849,6.27292   ,49.5088,-4.54365  ,1.31953    ,538,122930,54.0697,15.5926,128.569,0
1916,48.9782,6.51329   ,48.9557,6.0976     ,49.0399,5.68814  ,49.2112,5.36556   ,49.4629,5.00757   ,49.6537,4.6841    ,49.7591,4.32624    ,49.7748,3.92748   ,49.7419,3.53028   ,49.6906,3.10833     ,49.6479,2.70252   ,49.6146,2.34743   ,48.9782,6.51329   ,49.2532,6.11343    ,49.4184,5.71921   ,49.6538,5.42043   ,49.9456,5.07176   ,50.1236,4.76053    ,50.1932,4.42386    ,50.1703,4.02267   ,50.1154,3.58786    ,50.0325,3.11304   ,49.9232,2.70604   ,49.6146,2.34743   ,49.3822,2.81353   ,49.3642,3.22066   ,49.3825,3.60036    ,49.3829,3.9685    ,49.3043,4.35407   ,49.1289,4.71917    ,48.9078,5.04671   ,48.7024,5.41472   ,48.6206,5.7702    ,48.654 ,6.19767   ,49.476 ,-4.52616  ,1.32863    ,527,121775,53.7021,12.7311,128.569,0
1917,48.9683,6.50726   ,48.9594,6.10976    ,49.0375,5.70033  ,49.2351,5.31909   ,49.4432,4.99774   ,49.6077,4.65007   ,49.6881,4.23636    ,49.7019,3.83271   ,49.6931,3.48259   ,49.6712,3.07192     ,49.6427,2.69463   ,49.5788,2.31109   ,48.9683,6.50726   ,49.2532,6.1145     ,49.4182,5.70976   ,49.696 ,5.34424   ,49.943 ,4.99531   ,50.088 ,4.58765    ,50.1305,4.12376    ,50.1119,3.71365   ,50.0738,3.3846     ,50.0096,3.01642   ,49.9225,2.68206   ,49.5788,2.31109   ,49.3737,2.82579   ,49.3411,3.26097   ,49.3177,3.72076    ,49.2919,4.0901    ,49.233 ,4.47615   ,49.0898,4.81858    ,48.8863,5.09281   ,48.716 ,5.38696   ,48.6229,5.7901    ,48.6619,6.20632   ,49.458 ,-4.49007  ,1.338      ,531,121576,53.6084,13.0151,125.841,0
1918,48.9704,6.52986   ,48.9516,6.10594    ,49.0214,5.71328  ,49.2147,5.35027   ,49.423 ,5.03753   ,49.6081,4.62908   ,49.6794,4.26213    ,49.6997,3.858     ,49.6908,3.44099   ,49.6682,3.03721     ,49.6419,2.66769   ,49.5892,2.27527   ,48.9704,6.52986   ,49.2368,6.10164    ,49.3925,5.71826   ,49.674 ,5.37135   ,49.9301,5.0294    ,50.0961,4.56706    ,50.131 ,4.1699     ,50.1143,3.75905   ,50.0669,3.36534    ,50.0014,3.00326   ,49.9211,2.67629   ,49.5892,2.27527   ,49.3715,2.77518   ,49.3435,3.20209   ,49.3203,3.65519    ,49.2837,4.09457   ,49.2122,4.48324   ,49.0843,4.80311    ,48.8583,5.13709   ,48.6977,5.41846   ,48.618 ,5.80268   ,48.6649,6.20811   ,49.4588,-4.46642  ,1.33918    ,531,122835,54.3453,13.2111,126.669,0
1919,48.8837,6.45952   ,48.9481,6.04703    ,49.0841,5.6376   ,49.2669,5.30598   ,49.4924,4.94606   ,49.633 ,4.58379   ,49.6942,4.14876    ,49.7018,3.73532   ,49.6888,3.31184   ,49.6656,2.90577     ,49.6369,2.53572   ,49.5745,2.14718   ,48.8837,6.45952   ,49.2439,6.0697     ,49.4998,5.66023   ,49.7568,5.31723   ,49.9938,4.923     ,50.101 ,4.51302    ,50.1259,4.04436    ,50.1029,3.6317    ,50.0566,3.23441    ,49.9923,2.8703    ,49.9063,2.54171   ,49.5745,2.14718   ,49.3781,2.64597   ,49.3474,3.07261   ,49.3272,3.52924    ,49.3019,3.97963   ,49.2534,4.38542   ,49.1346,4.76664    ,48.9387,5.06272   ,48.7204,5.38499   ,48.6238,5.71554   ,48.6318,6.12457   ,49.4696,-4.4006   ,1.35452    ,542,124420,55.1313,13.0531,128.083,0
1920,48.8241,6.22092   ,48.9752,5.84734    ,49.168 ,5.46212  ,49.3849,5.11503   ,49.5688,4.76273   ,49.6637,4.38653   ,49.6995,4.01323    ,49.7075,3.61654   ,49.6992,3.21772   ,49.6789,2.77487     ,49.6512,2.37953   ,49.6004,2.02698   ,48.8241,6.22092   ,49.2707,5.94248    ,49.5997,5.5418    ,49.8658,5.15651   ,50.0421,4.77879   ,50.1106,4.38144    ,50.122 ,3.99203    ,50.1031,3.59072   ,50.0635,3.19994    ,49.9962,2.77618   ,49.8998,2.39967   ,49.6004,2.02698   ,49.4116,2.46463   ,49.3682,2.89538   ,49.3392,3.3671     ,49.312 ,3.77584   ,49.2697,4.16351   ,49.1975,4.50796    ,49.0577,4.84223   ,48.8504,5.15682   ,48.6836,5.47577   ,48.6392,5.8474    ,49.4865,-4.29137  ,1.35822    ,539,123977,53.9442,12.4524,126.083,0
1921,48.6938,6.00609   ,48.9073,5.67057    ,49.1706,5.32207  ,49.4159,5.00696   ,49.6064,4.66878   ,49.6987,4.28957   ,49.709 ,3.92836    ,49.6915,3.5397    ,49.6707,3.12776   ,49.6496,2.71963     ,49.632 ,2.34509   ,49.6016,1.97536   ,48.6938,6.00609   ,49.1817,5.8368     ,49.541 ,5.48875   ,49.8218,5.15657   ,50.0204,4.79348   ,50.1105,4.37606    ,50.1225,3.96836    ,50.0953,3.54308   ,50.0481,3.12276    ,49.9865,2.7313    ,49.909 ,2.37729   ,49.6016,1.97536   ,49.3604,2.4302    ,49.3194,2.841     ,49.3006,3.27114    ,49.2943,3.66993   ,49.2981,4.01263   ,49.2724,4.31727    ,49.1494,4.64487   ,48.9431,4.94962   ,48.7296,5.24285   ,48.5754,5.59182   ,49.4878,-4.18706  ,1.35966    ,529,121328,53.1609,11.0718,125.74 ,0
1922,48.728 ,5.93618   ,48.965 ,5.58788    ,49.1908,5.27426  ,49.4034,4.97294   ,49.5961,4.59321   ,49.6833,4.22551   ,49.7035,3.83338    ,49.6839,3.42636   ,49.6558,3.06781   ,49.6249,2.64106     ,49.5893,2.29646   ,49.4691,1.93894   ,48.728 ,5.93618   ,49.2423,5.73716    ,49.5926,5.40199   ,49.8495,5.06709   ,50.0357,4.66569   ,50.1163,4.3055     ,50.1219,3.92601    ,50.0811,3.48075   ,50.0295,3.07462    ,49.9579,2.6202    ,49.8747,2.27418   ,49.4691,1.93894   ,49.3185,2.42687   ,49.3013,2.78304   ,49.2911,3.18186    ,49.2956,3.4895    ,49.2848,3.85568   ,49.2356,4.2532     ,49.1183,4.62128   ,48.8996,4.96685   ,48.7248,5.23293   ,48.6262,5.53038   ,49.497 ,-4.08346  ,1.38479    ,519,117245,52.7323,11.7144,124.569,0
1923,48.8335,5.79682   ,49.0394,5.46664    ,49.2955,5.12122  ,49.5039,4.82585   ,49.6432,4.5151    ,49.705 ,4.11455   ,49.705 ,3.75288    ,49.6838,3.3876    ,49.6574,3.01165   ,49.6363,2.6294      ,49.62  ,2.20379   ,49.5989,1.8779    ,48.8335,5.79682   ,49.3003,5.64026    ,49.6618,5.29959   ,49.9084,4.98555   ,50.0593,4.6604    ,50.124 ,4.23003    ,50.1225,3.8209     ,50.0885,3.40229   ,50.0369,2.99466    ,49.9718,2.61903   ,49.8809,2.21776   ,49.5989,1.8779    ,49.363 ,2.30399   ,49.307 ,2.76692   ,49.286 ,3.15527    ,49.2881,3.49572   ,49.2912,3.80615   ,49.2785,4.11714    ,49.1933,4.47792   ,49.0368,4.76514   ,48.8534,5.04181   ,48.7141,5.38826   ,49.5319,-3.99932  ,1.40875    ,510,115932,51.1284,11.0268,121.497,0
1924,48.9113,5.82053   ,49.0869,5.44825    ,49.293 ,5.12499  ,49.5176,4.79814   ,49.67  ,4.44074   ,49.7168,4.07493   ,49.7144,3.66821    ,49.6962,3.24308   ,49.6772,2.8866    ,49.6533,2.47898     ,49.6327,2.10522   ,49.5872,1.75999   ,48.9113,5.82053   ,49.3884,5.60204    ,49.6611,5.27152   ,49.9229,4.90673   ,50.0851,4.49604   ,50.1322,4.07994    ,50.1245,3.63156    ,50.0854,3.19296   ,50.039 ,2.84919    ,49.9683,2.47527   ,49.8841,2.12267   ,49.5872,1.75999   ,49.3888,2.20491   ,49.3458,2.61483   ,49.3234,3.06493    ,49.3136,3.43681   ,49.3087,3.84339   ,49.2949,4.19954    ,49.2247,4.49563   ,49.0532,4.78415   ,48.8593,5.07133   ,48.7383,5.38436   ,49.5566,-3.94091  ,1.41471    ,502,116191,52.4004,10.7711,120.669,0
1925,49.0176,5.84456   ,49.1474,5.44131    ,49.3105,5.08066  ,49.4951,4.78976   ,49.6785,4.407     ,49.7397,4.01637   ,49.7472,3.69009    ,49.7349,3.27973   ,49.7118,2.87795   ,49.6848,2.50693     ,49.652 ,2.12522   ,49.6025,1.77133   ,49.0176,5.84456   ,49.4804,5.54155    ,49.6987,5.15524   ,49.9341,4.81165   ,50.1524,4.36293   ,50.205 ,3.93818    ,50.1936,3.60712    ,50.1477,3.21217   ,50.0822,2.83907    ,50.0033,2.50003   ,49.8921,2.14406   ,49.6025,1.77133   ,49.4213,2.20803   ,49.3756,2.63192   ,49.3496,3.04756    ,49.3282,3.48455   ,49.3013,3.90721   ,49.2652,4.21775    ,49.1754,4.54651   ,49.0044,4.84804   ,48.872 ,5.09366   ,48.7865,5.43149   ,49.5807,-3.94219  ,1.40469    ,511,114115,52.0126,12.1923,122.083,0
1926,49.0271,5.90407   ,49.1706,5.5163     ,49.3031,5.12871  ,49.4634,4.78802   ,49.651 ,4.43118   ,49.7683,4.04315   ,49.7941,3.6893     ,49.7798,3.2562    ,49.7474,2.8717    ,49.7082,2.51356     ,49.6832,2.09472   ,49.6841,1.73629   ,49.0271,5.90407   ,49.4464,5.68018    ,49.6313,5.31133   ,49.807 ,4.95297   ,50.0036,4.58727   ,50.1553,4.22902    ,50.2015,3.87867    ,50.1929,3.40883   ,50.1389,2.96529    ,50.061 ,2.56601   ,49.9513,2.15152   ,49.6841,1.73629   ,49.4193,2.15466   ,49.3661,2.58091   ,49.3685,2.90005    ,49.3757,3.24209   ,49.3831,3.64727   ,49.3592,3.98523    ,49.2534,4.36757   ,49.0729,4.71429   ,48.9323,5.0522    ,48.8603,5.46339   ,49.6032,-3.90191  ,1.41168    ,508,115860,53.0196,10.4305,124.669,0
1927,49.0891,5.8368    ,49.2119,5.4337     ,49.3428,5.08026  ,49.5143,4.70383   ,49.666 ,4.37645   ,49.7673,3.96139   ,49.7943,3.59537    ,49.7884,3.21479   ,49.7529,2.81129   ,49.6974,2.4113      ,49.6612,2.00726   ,49.6237,1.65983   ,49.0891,5.8368    ,49.5252,5.56013    ,49.6825,5.21368   ,49.8684,4.83774   ,50.0324,4.50664   ,50.1583,4.1103     ,50.2009,3.75281    ,50.1992,3.36076   ,50.1484,2.92183    ,50.0489,2.47981   ,49.9352,2.06539   ,49.6237,1.65983   ,49.3946,2.065     ,49.3617,2.45571   ,49.371 ,2.82405    ,49.3845,3.21749   ,49.3828,3.5906    ,49.3561,3.94613    ,49.26  ,4.34635   ,49.1158,4.66142   ,48.9622,5.04422   ,48.8681,5.41255   ,49.6104,-3.84483  ,1.42505    ,512,117065,52.9143,10.2279,125.255,0
1928,49.0502,5.83445   ,49.1987,5.45084    ,49.3516,5.07904  ,49.5155,4.73446   ,49.6811,4.33431   ,49.7659,3.94725   ,49.788 ,3.55159    ,49.7689,3.14182   ,49.7253,2.74451   ,49.6771,2.36076     ,49.6396,1.99529   ,49.5779,1.60713   ,49.0502,5.83445   ,49.496 ,5.56422    ,49.6968,5.1727    ,49.8879,4.80062   ,50.0811,4.38326   ,50.1819,3.97646    ,50.2031,3.55081    ,50.1678,3.12494   ,50.0974,2.73837    ,50.0157,2.37937   ,49.9312,2.03419   ,49.5779,1.60713   ,49.358 ,2.07396   ,49.3539,2.46799   ,49.3693,2.88114    ,49.3807,3.29412   ,49.3718,3.68876   ,49.3336,4.04048    ,49.2481,4.3813    ,49.1036,4.75332   ,48.9638,5.0748    ,48.87  ,5.43048   ,49.6085,-3.78561  ,1.44128    ,514,118501,53.7514,10.4328,125.255,0
1929,49.0606,5.8147    ,49.1947,5.42174    ,49.35  ,5.0481   ,49.5428,4.66518   ,49.6922,4.30477   ,49.7734,3.91734   ,49.7837,3.4617     ,49.7506,3.05592   ,49.7037,2.64954   ,49.6637,2.24432     ,49.6342,1.8653    ,49.5774,1.49058   ,49.0606,5.8147    ,49.4938,5.51981    ,49.7043,5.14283   ,49.9253,4.72981   ,50.094 ,4.34625   ,50.1881,3.92869    ,50.1944,3.43108    ,50.1438,3.01509   ,50.0667,2.63359    ,49.9877,2.26727   ,49.9073,1.90857   ,49.5774,1.49058   ,49.3701,1.94078   ,49.3512,2.35521   ,49.356 ,2.80116    ,49.3717,3.23237   ,49.3782,3.62633   ,49.3443,4.02739    ,49.2572,4.36029   ,49.1194,4.68501   ,48.9518,5.04302   ,48.8662,5.41842   ,49.604 ,-3.73842  ,1.44915    ,524,121201,54.9172,10.4192,127.255,0
1930,49.0216,5.72613   ,49.1959,5.34301    ,49.3872,4.95995  ,49.573 ,4.59011   ,49.7163,4.17822   ,49.7855,3.76113   ,49.7752,3.31102    ,49.7367,2.88873   ,49.7064,2.51324   ,49.6765,2.07048     ,49.6519,1.66719   ,49.5962,1.28443   ,49.0216,5.72613   ,49.4749,5.49268    ,49.7184,5.09861   ,49.9359,4.70952   ,50.1061,4.2957    ,50.191 ,3.84594    ,50.1857,3.33442    ,50.13  ,2.90054   ,50.0739,2.54479    ,50.0015,2.12974   ,49.9092,1.72838   ,49.5962,1.28443   ,49.4026,1.73286   ,49.3605,2.15458   ,49.3501,2.63308    ,49.357 ,3.02317   ,49.375 ,3.4201    ,49.3695,3.80032    ,49.2963,4.1717    ,49.1683,4.56536   ,49.0053,4.9137    ,48.8742,5.29188   ,49.6141,-3.61783  ,1.4579     ,540,123652,56.5495,10.0907,130.083,0
1931,49.0421,5.57681   ,49.2379,5.17942    ,49.4307,4.82679  ,49.6145,4.4264    ,49.7241,4.0171    ,49.7649,3.61904   ,49.7526,3.22622    ,49.7145,2.81293   ,49.6904,2.35938   ,49.6806,1.97357     ,49.6746,1.54767   ,49.6442,1.171     ,49.0421,5.57681   ,49.526 ,5.32209    ,49.7808,4.95923   ,49.9886,4.53652   ,50.1129,4.12191   ,50.1736,3.70064    ,50.1832,3.29405    ,50.1316,2.88747   ,50.0712,2.44724    ,50.0238,2.06596   ,49.9553,1.62144   ,49.6442,1.171     ,49.397 ,1.60565   ,49.34  ,2.03341   ,49.3156,2.42677    ,49.3092,2.88155   ,49.333 ,3.29012   ,49.3495,3.66991    ,49.312 ,4.04026   ,49.2001,4.41993   ,49.0271,4.79315   ,48.8958,5.13889   ,49.6143,-3.48248  ,1.46642    ,542,124482,55.9817,10.4274,129.497,0
1932,49.0214,5.32474   ,49.2962,4.99847    ,49.5055,4.65943  ,49.6412,4.28692   ,49.6979,3.87636   ,49.7142,3.46737   ,49.7144,3.11077    ,49.7061,2.68545   ,49.6958,2.34101   ,49.6815,1.88459     ,49.6719,1.53324   ,49.6408,1.15472   ,49.0214,5.32474   ,49.5546,5.17783    ,49.8395,4.84801   ,50.0105,4.49319   ,50.0913,4.09097   ,50.1198,3.66261    ,50.1222,3.27524    ,50.1043,2.81353   ,50.0753,2.45095    ,50.0191,1.97916   ,49.9548,1.60761   ,49.6408,1.15472   ,49.3923,1.56858   ,49.3475,1.91554   ,49.3207,2.36694    ,49.3114,2.69772   ,49.3078,3.08932   ,49.306 ,3.41287    ,49.2943,3.78956   ,49.2468,4.18316   ,49.1264,4.55713   ,48.9791,4.90033   ,49.6216,-3.40961  ,1.47844    ,529,123502,53.5392,10.45  ,126.184,0
1933,49.0788,5.22862   ,49.3287,4.89842    ,49.5285,4.58434  ,49.6651,4.16522   ,49.7068,3.77478   ,49.7173,3.41605   ,49.7129,2.98545    ,49.7017,2.64096   ,49.6868,2.23939   ,49.6764,1.84603     ,49.6712,1.47971   ,49.6596,1.09918   ,49.0788,5.22862   ,49.5792,5.08618    ,49.8599,4.78821   ,50.0442,4.39892   ,50.1049,4.02487   ,50.1249,3.65437    ,50.1242,3.17514    ,50.1075,2.77746   ,50.0733,2.32407    ,50.0254,1.90455   ,49.959 ,1.52491   ,49.6596,1.09918   ,49.385 ,1.55045   ,49.3302,1.9162    ,49.3046,2.28796    ,49.3011,2.64025   ,49.3047,2.93686   ,49.308 ,3.32305    ,49.3   ,3.66285   ,49.2634,4.04879   ,49.1472,4.47311   ,49.0158,4.79746   ,49.633 ,-3.31415  ,1.49122    ,528,122114,52.7308,10.824 ,124.184,0
1934,49.2978,5.18244   ,49.4504,4.77873    ,49.576 ,4.42781  ,49.6696,4.03243   ,49.7065,3.62164   ,49.7144,3.18169   ,49.7094,2.82322    ,49.6981,2.40715   ,49.6914,1.99656   ,49.6868,1.60455     ,49.6821,1.24366   ,49.6676,0.851711  ,49.2978,5.18244   ,49.7281,4.93431    ,49.9153,4.63373   ,50.0453,4.30038   ,50.1052,3.91283   ,50.1243,3.44246    ,50.1189,3.02781    ,50.0936,2.53969   ,50.0543,2.07923    ,50.0003,1.66322   ,49.9303,1.29426   ,49.6676,0.851711  ,49.4355,1.30783   ,49.3748,1.67273   ,49.3303,2.04929    ,49.3058,2.41221   ,49.3031,2.7601    ,49.3045,3.06708    ,49.3005,3.47455   ,49.2738,3.8889    ,49.2029,4.32364   ,49.1356,4.72264   ,49.6575,-3.16754  ,1.51566    ,519,119643,53.8953,11.2385,124.77 ,0
1935,49.3622,5.15039   ,49.4737,4.77916    ,49.591 ,4.39182  ,49.6798,4.00362   ,49.7273,3.62543   ,49.7465,3.24254   ,49.7322,2.82105    ,49.7088,2.45688   ,49.6954,2.07673   ,49.6904,1.69783     ,49.6899,1.28338   ,49.6786,0.938354  ,49.3622,5.15039   ,49.7758,4.87036    ,49.946 ,4.51689   ,50.0647,4.16567   ,50.142 ,3.81557   ,50.1847,3.4419     ,50.1692,3.00626    ,50.1217,2.60441   ,50.0698,2.18799    ,50.0163,1.77953   ,49.9402,1.33878   ,49.6786,0.938354  ,49.4393,1.34088   ,49.3653,1.73997   ,49.3239,2.09385    ,49.3029,2.43235   ,49.3025,2.7558    ,49.3058,3.16732    ,49.3009,3.56501   ,49.2732,3.95993   ,49.2067,4.36885   ,49.1443,4.77779   ,49.6724,-3.12634  ,1.52536    ,505,116532,52.2702,11.2924,122.184,0
1936,49.4285,5.04912   ,49.5463,4.65649    ,49.6177,4.28502  ,49.6811,3.94118   ,49.7304,3.55938   ,49.7531,3.13618   ,49.755 ,2.75797    ,49.7488,2.38058   ,49.7387,2.02165   ,49.7256,1.63986     ,49.7118,1.25817   ,49.6867,0.908136  ,49.4285,5.04912   ,49.878 ,4.71819    ,50.0059,4.33434   ,50.0976,4.00915   ,50.1685,3.66223   ,50.1949,3.26635    ,50.1823,2.90024    ,50.1505,2.52453   ,50.1061,2.15715    ,50.0433,1.75726   ,49.9558,1.34509   ,49.6867,0.908136  ,49.4711,1.25989   ,49.4118,1.6262    ,49.375 ,2.00201    ,49.3499,2.36094   ,49.3285,2.74238   ,49.3079,3.13033    ,49.2812,3.5713    ,49.2473,3.97514   ,49.2113,4.33056   ,49.1972,4.68337   ,49.6958,-3.10519  ,1.5274     ,505,113992,51.3018,11.0049,119.113,0
1937,49.5743,5.06029   ,49.5674,4.64757    ,49.5971,4.29119  ,49.6432,3.90023   ,49.6793,3.5269    ,49.7048,3.1169    ,49.7176,2.75983    ,49.7245,2.33502   ,49.7242,2.00108   ,49.715 ,1.58145     ,49.6967,1.2217    ,49.6539,0.876226  ,49.5743,5.06029   ,49.8977,4.64264    ,49.9826,4.27644   ,50.0501,3.89873   ,50.0936,3.53993   ,50.1181,3.13471    ,50.1244,2.77563    ,50.1158,2.34689   ,50.0943,2.01229    ,50.0402,1.59837   ,49.9537,1.24498   ,49.6539,0.876226  ,49.4461,1.29367   ,49.3936,1.67708   ,49.3551,2.11926    ,49.3321,2.46222   ,49.3068,2.88753   ,49.2847,3.2397     ,49.2542,3.64379   ,49.2229,4.01867   ,49.1997,4.4117    ,49.2342,4.74759   ,49.6804,-3.05414  ,1.52145    ,501,114202,51.4506,10.3727,118.87 ,0
1938,49.5824,5.05982   ,49.5607,4.6373     ,49.5968,4.2367   ,49.6436,3.87095   ,49.692 ,3.49408   ,49.729 ,3.10436   ,49.7456,2.70544    ,49.7428,2.37035   ,49.7302,1.97321   ,49.7156,1.59533     ,49.6951,1.19891   ,49.6716,0.855812  ,49.5824,5.05982   ,49.8902,4.66101    ,49.9754,4.27438   ,50.0321,3.93478   ,50.0796,3.57521   ,50.1114,3.17594    ,50.1242,2.74265    ,50.1207,2.37628   ,50.0987,1.95769    ,50.0559,1.57961   ,49.9676,1.2038    ,49.6716,0.855812  ,49.4289,1.29922   ,49.3805,1.73318   ,49.3664,2.11916    ,49.3678,2.49843   ,49.3649,2.80198   ,49.3366,3.1643     ,49.2891,3.54019   ,49.2387,3.9308    ,49.2043,4.31785   ,49.2279,4.71963   ,49.6825,-3.02159  ,1.52098    ,501,115750,51.7224,9.73096,120.284,0
1939,49.4651,5.03204   ,49.5404,4.64527    ,49.5965,4.25001  ,49.6522,3.82295   ,49.6947,3.43774   ,49.7215,3.09974   ,49.7413,2.6807     ,49.7462,2.26206   ,49.7402,1.92624   ,49.725 ,1.54927     ,49.6985,1.15317   ,49.6427,0.781242  ,49.4651,5.03204   ,49.8537,4.72846    ,49.962 ,4.347     ,50.0342,3.94219   ,50.0814,3.57022   ,50.1086,3.22941    ,50.1246,2.78628    ,50.1228,2.33229   ,50.1073,1.96774    ,50.0698,1.56582   ,49.9879,1.16047   ,49.6427,0.781242  ,49.4182,1.25129   ,49.3862,1.65427   ,49.3766,2.01612    ,49.3699,2.32982   ,49.3534,2.71566   ,49.3251,3.10762    ,49.2951,3.43666   ,49.2546,3.82844   ,49.2148,4.2711    ,49.2115,4.66471   ,49.691 ,-2.97003  ,1.52232    ,503,117366,52.4473,9.78216,122.284,0
1940,49.4447,4.99665   ,49.5442,4.60143    ,49.6011,4.18341  ,49.6485,3.77855   ,49.6838,3.40123   ,49.7096,2.99204   ,49.7233,2.63453    ,49.7327,2.20483   ,49.7349,1.79364   ,49.7303,1.41552     ,49.7179,1.03215   ,49.6881,0.656716  ,49.4447,4.99665   ,49.8689,4.68146    ,49.9745,4.26734   ,50.0402,3.88299   ,50.0848,3.5209    ,50.114 ,3.11077    ,50.125 ,2.73867    ,50.1238,2.28258   ,50.1063,1.84548    ,50.0713,1.45176   ,50.001 ,1.06302   ,49.6881,0.656716  ,49.4391,1.10142   ,49.3917,1.49986   ,49.3637,1.87488    ,49.3394,2.26869   ,49.3171,2.67443   ,49.2982,3.01362    ,49.2722,3.41185   ,49.2436,3.79395   ,49.2139,4.20986   ,49.2048,4.61578   ,49.6868,-2.88888  ,1.52344    ,523,119853,53.5868,10.0768,122.87 ,0
1941,49.5407,4.86668   ,49.5628,4.45724    ,49.6102,4.07096  ,49.6634,3.68157   ,49.7082,3.2912    ,49.7379,2.90001   ,49.7377,2.50822    ,49.7421,2.1165    ,49.7492,1.72524   ,49.7431,1.33478     ,49.7179,0.946317  ,49.6688,0.57494   ,49.5407,4.86668   ,49.8483,4.52654    ,49.955 ,4.14533   ,50.0396,3.75411   ,50.107 ,3.3612    ,50.1397,2.96601    ,50.1453,2.57027    ,50.1453,2.17442   ,50.1342,1.77879    ,50.091 ,1.38425   ,50.0153,0.992171  ,49.6688,0.57494   ,49.4423,1.05478   ,49.3967,1.44104   ,49.3643,1.82812    ,49.3317,2.21518   ,49.33  ,2.60288   ,49.3292,2.9906     ,49.2967,3.37767   ,49.2639,3.76471   ,49.2414,4.15199   ,49.2653,4.53433   ,49.6923,-2.7388   ,1.5226     ,536,123528,52.8341,10.0079,126.284,0
1942,49.4612,4.78761   ,49.552 ,4.34326    ,49.6155,3.97008  ,49.6716,3.59214   ,49.7135,3.213     ,49.7377,2.7569    ,49.7377,2.37643    ,49.7323,1.99606   ,49.7357,1.61598   ,49.7285,1.16094     ,49.706 ,0.786208  ,49.6488,0.442184  ,49.4612,4.78761   ,49.8443,4.46736    ,49.9596,4.09347   ,50.043 ,3.70577   ,50.1103,3.31662   ,50.1456,2.84664    ,50.1453,2.45446    ,50.1413,2.06235   ,50.1234,1.67049    ,50.0735,1.20133   ,49.9944,0.81347   ,49.6488,0.442184  ,49.4416,0.90515   ,49.385 ,1.27174   ,49.3483,1.71344    ,49.33  ,2.08184   ,49.33  ,2.45059   ,49.33  ,2.81934    ,49.3053,3.26137   ,49.2763,3.62954   ,49.2422,3.99743   ,49.2383,4.36474   ,49.6901,-2.6421   ,1.52635    ,550,126189,53.6507,10.0082,128.87 ,0
1943,49.461 ,4.7065    ,49.5527,4.31171    ,49.6312,3.85355  ,49.6876,3.4691    ,49.7235,3.08307   ,49.7377,2.69638   ,49.7377,2.30942    ,49.7303,1.9226    ,49.7212,1.53606   ,49.7144,1.15004     ,49.7066,0.691035  ,49.6746,0.361682  ,49.461 ,4.7065    ,49.8316,4.42322    ,49.9827,3.96764   ,50.0719,3.578     ,50.1202,3.18496   ,50.1455,2.79078    ,50.1453,2.39613    ,50.1366,2.00164   ,50.106 ,1.60758    ,50.0686,1.2139    ,50.0031,0.742394  ,49.6746,0.361682  ,49.4157,0.786636  ,49.3661,1.2404    ,49.3368,1.6191     ,49.33  ,1.99823   ,49.33  ,2.3775    ,49.33  ,2.75676    ,49.315 ,3.13574   ,49.2853,3.51443   ,49.2564,3.89315   ,49.2437,4.34359   ,49.688 ,-2.57793  ,1.53161    ,553,127995,53.6057,10.01  ,128.87 ,0
1944,49.4672,4.62496   ,49.5505,4.23176    ,49.6322,3.77241  ,49.6941,3.38678   ,49.7269,2.99909   ,49.7377,2.61086   ,49.7377,2.22243    ,49.7268,1.83422   ,49.7147,1.44616   ,49.7052,0.981253    ,49.6969,0.59638   ,49.6685,0.254435  ,49.4672,4.62496   ,49.8377,4.33826    ,49.9923,3.88186   ,50.0853,3.49174   ,50.127 ,3.09733   ,50.1453,2.70205    ,50.1453,2.30643    ,50.1297,1.9111    ,50.0987,1.51608    ,50.0437,1.04307   ,49.9944,0.649192  ,49.6685,0.254435  ,49.4048,0.6944    ,49.3664,1.07457   ,49.3309,1.53137    ,49.33  ,1.91258   ,49.33  ,2.29381   ,49.33  ,2.67505    ,49.3148,3.05599   ,49.285 ,3.43664   ,49.2385,3.81634   ,49.2312,4.26895   ,49.685 ,-2.48783  ,1.53457    ,561,129244,53.9151,10.0054,128.042,0
1945,49.4357,4.58093   ,49.5566,4.11994    ,49.6286,3.73915  ,49.6905,3.3563    ,49.7258,2.97151   ,49.7377,2.50892   ,49.7377,2.12325    ,49.7297,1.73774   ,49.7245,1.35256   ,49.7109,0.891195    ,49.6932,0.511976  ,49.6367,0.159909  ,49.4357,4.58093   ,49.8539,4.25829    ,49.9882,3.87446   ,50.0804,3.48383   ,50.1277,3.08931   ,50.1453,2.6144     ,50.1453,2.21836    ,50.1354,1.82251   ,50.1046,1.42708    ,50.0477,0.953682  ,49.979 ,0.5643    ,49.6367,0.159909  ,49.4246,0.608543  ,49.3801,0.982407  ,49.3448,1.43208    ,49.33  ,1.8071    ,49.33  ,2.18241   ,49.3302,2.55772    ,49.3121,3.00775   ,49.2829,3.38248   ,49.2415,3.75652   ,49.2223,4.13149   ,49.6863,-2.43212  ,1.53518    ,565,129806,54.6601,10.0517,131.113,0
1946,49.4801,4.55625   ,49.57  ,4.08137    ,49.6403,3.6963   ,49.7   ,3.30969   ,49.7329,2.92123   ,49.7377,2.45428   ,49.7377,2.06507    ,49.7269,1.67607   ,49.7244,1.28742   ,49.7083,0.821951    ,49.7001,0.435346  ,49.6749,0.0720915 ,49.4801,4.55625   ,49.8853,4.19243    ,50.0073,3.80738   ,50.0906,3.41592   ,50.1329,3.02127   ,50.1453,2.54642    ,50.1453,2.15051    ,50.1302,1.7549    ,50.0993,1.3596     ,50.0375,0.886647  ,49.9709,0.493622  ,49.6749,0.0720915 ,49.4358,0.531634  ,49.3856,0.912396  ,49.3496,1.37068    ,49.33  ,1.75282   ,49.33  ,2.13531   ,49.33  ,2.51782    ,49.3209,2.97664   ,49.2912,3.35857   ,49.2439,3.73948   ,49.2253,4.1215    ,49.6896,-2.39702  ,1.53561    ,568,130748,55.2803,10.006 ,130.87 ,0
1947,49.4859,4.44912   ,49.5817,4.05588    ,49.6457,3.67235  ,49.7047,3.2054    ,49.7345,2.81503   ,49.7345,2.42422   ,49.7344,2.03327    ,49.7234,1.64255   ,49.7167,1.25208   ,49.7038,0.862431    ,49.7038,0.474313  ,49.6872,0.116085  ,49.4859,4.44912   ,49.8695,4.17519    ,50.0125,3.79691   ,50.1045,3.3259    ,50.1397,2.93035   ,50.1453,2.53404    ,50.1453,2.13762    ,50.1292,1.74152   ,50.0982,1.34571    ,50.0471,0.951054  ,49.9922,0.556607  ,49.6872,0.116085  ,49.4167,0.546146  ,49.3649,0.929715  ,49.3352,1.3146     ,49.3237,1.69985   ,49.3236,2.0853    ,49.3255,2.47073    ,49.3176,2.85587   ,49.2876,3.24074   ,49.2544,3.70264   ,49.2629,4.08057   ,49.6935,-2.34438  ,1.54415    ,557,128561,53.4235,10.1244,127.698,0
1948,49.4743,4.32782   ,49.6045,3.93739    ,49.6611,3.5128   ,49.6871,3.13533   ,49.7039,2.71957   ,49.7123,2.35899   ,49.7176,1.92777    ,49.7192,1.57864   ,49.717 ,1.18271   ,49.7087,0.766262    ,49.6891,0.402928  ,49.6179,0.0262468 ,49.4743,4.32782   ,49.9119,4.10076    ,50.0386,3.72682   ,50.0896,3.37089   ,50.1191,2.94902   ,50.1312,2.55942    ,50.1331,2.07322    ,50.1251,1.67343   ,50.1025,1.22655    ,50.0561,0.77531   ,49.9769,0.401913  ,49.6179,0.0262468 ,49.4091,0.500311  ,49.3647,0.869905  ,49.3328,1.26618    ,49.3132,1.62129   ,49.3007,1.92477   ,49.2908,2.30331    ,49.2841,2.6325    ,49.2774,3.03168   ,49.2725,3.41546   ,49.2783,3.86548   ,49.7075,-2.24352  ,1.55444    ,522,121698,53.222 ,10.9515,121.698,0
1949,49.8316,4.09219   ,49.7206,3.72118    ,49.6989,3.33955  ,49.699 ,2.94963   ,49.7023,2.59235   ,49.7054,2.22026   ,49.7073,1.84652    ,49.7071,1.48304   ,49.7028,1.07599   ,49.6923,0.711798    ,49.6672,0.349559  ,49.6145,0.0153479 ,49.8316,4.09219   ,50.0537,3.53033    ,50.1015,3.12028   ,50.1244,2.72276   ,50.1332,2.36785   ,50.1339,2.00543    ,50.1265,1.6479     ,50.1103,1.30808   ,50.0772,0.940504   ,50.0257,0.622388  ,49.9302,0.311746  ,49.6145,0.0153479 ,49.4133,0.481639  ,49.3636,0.916108  ,49.3307,1.34162    ,49.3044,1.80053   ,49.2876,2.19378   ,49.2758,2.58497    ,49.27  ,2.96305   ,49.2725,3.31332   ,49.2987,3.67823   ,49.4001,4.00592   ,49.712 ,-2.16457  ,1.5598     ,499,116170,50.3229,12.8597,116.87 ,0
1950,49.586 ,4.04185   ,49.6369,3.65139    ,49.6644,3.29336  ,49.6875,2.88695   ,49.7007,2.57415   ,49.7129,2.18325   ,49.7213,1.78839    ,49.7253,1.40373   ,49.724 ,1.04282   ,49.7133,0.664281    ,49.6898,0.338391  ,49.6202,-0.0208521,49.586 ,4.04185   ,49.9584,3.68563    ,50.0497,3.32239   ,50.1016,2.91345   ,50.1234,2.59812   ,50.1363,2.19963    ,50.1366,1.79349    ,50.1241,1.39734   ,50.0976,1.02908    ,50.0447,0.651113  ,49.9584,0.332608  ,49.6202,-0.0208521,49.4299,0.429941  ,49.3863,0.77953   ,49.3517,1.17249    ,49.3259,1.53576   ,49.3037,1.91427   ,49.2858,2.29847    ,49.2732,2.67775   ,49.2674,2.9815    ,49.2716,3.37326   ,49.3073,3.70936   ,49.7095,-2.12046  ,1.54976    ,492,114506,50.2034,10.5007,114.87 ,0
1951,49.6159,4.08375   ,49.6662,3.67943    ,49.6585,3.33527  ,49.6708,2.95638   ,49.6901,2.57172   ,49.7097,2.14784   ,49.721 ,1.77689    ,49.7276,1.40718   ,49.7281,1.05694   ,49.7187,0.679509    ,49.691 ,0.306013  ,49.6161,-0.0245149,49.6159,4.08375   ,50.0265,3.71575    ,50.0371,3.36128   ,50.0588,2.97304   ,50.089 ,2.57283   ,50.1135,2.12782    ,50.1226,1.73668    ,50.1202,1.34789   ,50.1031,0.984866   ,50.0585,0.610314  ,49.9651,0.261641  ,49.6161,-0.0245149,49.4275,0.446971  ,49.3837,0.867397  ,49.3541,1.26446    ,49.3332,1.61246   ,49.3156,1.96638   ,49.3001,2.31355    ,49.2843,2.70481   ,49.2775,3.05847   ,49.2794,3.40314   ,49.3069,3.72412   ,49.7063,-2.10624  ,1.54602    ,499,113348,50.6074,10.2903,117.941,0
1952,49.615 ,4.05686   ,49.6553,3.65123    ,49.6603,3.26744  ,49.6693,2.91916   ,49.6882,2.49306   ,49.705 ,2.16668   ,49.7231,1.7469     ,49.7334,1.38541   ,49.7371,1.02704   ,49.7316,0.619909    ,49.7144,0.261811  ,49.6746,-0.0818357,49.615 ,4.05686   ,49.9701,3.73486    ,50.0378,3.36898   ,50.0683,3.01142   ,50.098 ,2.53854   ,50.1146,2.17164    ,50.1252,1.71085    ,50.1237,1.32588   ,50.11  ,0.959375   ,50.0717,0.566619  ,49.9962,0.240222  ,49.6746,-0.0818357,49.4401,0.393482  ,49.3948,0.803577  ,49.3638,1.23626    ,49.3398,1.58988   ,49.3158,1.92609   ,49.2885,2.29591    ,49.2723,2.57292   ,49.2658,2.94521   ,49.2816,3.27884   ,49.3363,3.67052   ,49.713 ,-2.05889  ,1.54737    ,502,115201,50.8418,10.2723,119.113,0
1953,49.7239,4.03266   ,49.6835,3.63212    ,49.6653,3.24624  ,49.6805,2.81851   ,49.701 ,2.41832   ,49.7179,2.05708   ,49.7303,1.67624    ,49.7358,1.29474   ,49.7303,0.929207  ,49.7067,0.531186    ,49.6604,0.149498  ,49.5738,-0.222008 ,49.7239,4.03266   ,50.0203,3.65923    ,50.0334,3.32397   ,50.0648,2.8992    ,50.0953,2.46428   ,50.114 ,2.06541    ,50.1218,1.64773    ,50.1184,1.23307   ,50.1008,0.844206   ,50.0575,0.437456  ,49.9621,0.0674135 ,49.5738,-0.222008 ,49.3733,0.328448  ,49.3663,0.74964   ,49.3641,1.15656    ,49.3525,1.50733   ,49.3348,1.8584    ,49.3155,2.19741    ,49.2996,2.51051   ,49.2899,2.86502   ,49.2976,3.28426   ,49.3564,3.70678   ,49.7158,-1.96025  ,1.55774    ,510,117638,52.4019,9.99276,125.355,0
1954,49.6282,3.98943   ,49.6757,3.56074    ,49.6937,3.19249  ,49.7082,2.78613   ,49.7196,2.3581    ,49.7271,1.99344   ,49.7332,1.55791    ,49.7349,1.20757   ,49.7317,0.816646  ,49.7208,0.413309    ,49.7077,0.0242262 ,49.6826,-0.352316 ,49.6282,3.98943   ,49.924 ,3.67389    ,50.0151,3.33516   ,50.0729,2.95905   ,50.1084,2.55668   ,50.1259,2.20493    ,50.1348,1.77042    ,50.1327,1.407     ,50.1186,0.984328   ,50.0847,0.531544  ,50.0169,0.0874693 ,49.6826,-0.352316 ,49.4014,0.0498659 ,49.3604,0.403008  ,49.3468,0.773896   ,49.3371,1.14527   ,49.33  ,1.48913   ,49.3256,1.92819    ,49.3274,2.3042    ,49.3392,2.75236   ,49.3668,3.17903   ,49.4206,3.559     ,49.7136,-1.84468  ,1.55645    ,521,120643,53.3301,10.4561,122.042,0
1955,49.6748,3.83405   ,49.6735,3.37856    ,49.6855,2.9896   ,49.7142,2.5983    ,49.7294,2.20624   ,49.7377,1.81404   ,49.7377,1.42168    ,49.7386,1.02953   ,49.7292,0.637576  ,49.7208,0.246483    ,49.7122,-0.142949 ,49.6932,-0.511538 ,49.6748,3.83405   ,49.9928,3.42749    ,50.0305,3.0392    ,50.0893,2.64879   ,50.1227,2.25691   ,50.1453,1.86472    ,50.1453,1.4721     ,50.1409,1.07955   ,50.1106,0.687502   ,50.0655,0.296309  ,49.9991,-0.0934313,49.6932,-0.511538 ,49.426 ,-0.0375835,49.3774,0.352803  ,49.348 ,0.744355   ,49.3423,1.13634   ,49.33  ,1.5282    ,49.33  ,1.9203     ,49.33  ,2.31239   ,49.33  ,2.70448   ,49.33  ,3.09657   ,49.3534,3.4765    ,49.7155,-1.687    ,1.55641    ,545,125175,53.3416,10.0235,126.627,0
1956,49.6687,3.8154    ,49.6684,3.34382    ,49.683 ,2.95351  ,49.7133,2.56202   ,49.7297,2.16972   ,49.7377,1.77722   ,49.7377,1.38456    ,49.7439,0.992022  ,49.7378,0.521262  ,49.7363,0.129621    ,49.7354,-0.259641 ,49.7377,-0.617759 ,49.6687,3.8154    ,49.9758,3.41427    ,50.0249,3.02973   ,50.0843,2.63939   ,50.1234,2.24787   ,50.1453,1.8557     ,50.1453,1.4631     ,50.1453,1.0705    ,50.1229,0.599814   ,50.0898,0.207964  ,50.0235,-0.181836 ,49.7377,-0.617759 ,49.4409,-0.182971 ,49.3854,0.207536  ,49.3528,0.599535   ,49.3416,1.07059   ,49.33  ,1.4631    ,49.33  ,1.85581    ,49.33  ,2.24852   ,49.33  ,2.64124   ,49.33  ,3.03395   ,49.3553,3.42267   ,49.7198,-1.60937  ,1.55194    ,557,128469,54.4025,9.99988,129.213,0
1957,49.6751,3.71529   ,49.6685,3.31643    ,49.6893,2.85241  ,49.7157,2.46397   ,49.7308,2.07488   ,49.7377,1.68563   ,49.7377,1.29624    ,49.7377,0.906862  ,49.737 ,0.517789  ,49.7367,0.0517072   ,49.7337,-0.334131 ,49.7313,-0.673537 ,49.6751,3.71529   ,49.9627,3.36841    ,50.0365,2.90763   ,50.0955,2.52246   ,50.1257,2.13562   ,50.1453,1.74858    ,50.1453,1.36116    ,50.1453,0.973738  ,50.1344,0.586526   ,50.0955,0.122485  ,50.0288,-0.262099 ,49.7313,-0.673537 ,49.4383,-0.253291 ,49.3777,0.135743  ,49.3396,0.604561   ,49.33  ,0.995735  ,49.33  ,1.38709   ,49.33  ,1.77843    ,49.33  ,2.16978   ,49.33  ,2.56112   ,49.33  ,2.95248   ,49.3743,3.41067   ,49.7197,-1.53202  ,1.55221    ,555,129292,53.8554,10.0066,127.799,0
1958,49.5946,3.54876   ,49.6499,3.13211    ,49.6867,2.74206  ,49.7183,2.35099   ,49.7349,1.95913   ,49.7377,1.56698   ,49.7377,1.17478    ,49.7377,0.782575  ,49.7422,0.390805  ,49.7392,-0.000298598,49.7378,-0.388994 ,49.7306,-0.74961  ,49.5946,3.54876   ,49.9398,3.24275    ,50.0335,2.85355   ,50.1003,2.46065   ,50.1332,2.06551   ,50.1453,1.66995    ,50.1453,1.27414    ,50.1453,0.878336  ,50.1349,0.482743   ,50.0993,0.0877679 ,50.0321,-0.305257 ,49.7306,-0.74961  ,49.4508,-0.317858 ,49.3819,0.0675528 ,49.3494,0.455481   ,49.33  ,0.843698  ,49.33  ,1.23229   ,49.33  ,1.6209     ,49.33  ,2.0095    ,49.33  ,2.3981    ,49.3232,2.78658   ,49.3414,3.17367   ,49.7198,-1.42555  ,1.54944    ,542,126536,52.813 ,10.018 ,124.627,0
1959,49.5946,3.38569   ,49.6591,2.9709     ,49.6995,2.58116  ,49.7249,2.1898    ,49.7377,1.7978    ,49.7377,1.40554   ,49.7378,1.01328    ,49.738 ,0.621163  ,49.7426,0.229482  ,49.7468,-0.160715   ,49.7435,-0.549998 ,49.7582,-0.926549 ,49.5946,3.38569   ,49.9509,3.08591    ,50.0562,2.69804   ,50.1132,2.30426   ,50.1456,1.90901   ,50.1453,1.51307    ,50.1453,1.11714    ,50.1453,0.721214  ,50.1287,0.325621   ,50.0864,-0.0690558,50.0139,-0.461583 ,49.7582,-0.926549 ,49.4709,-0.482564 ,49.4055,-0.0967457,49.3565,0.289968   ,49.324 ,0.677887  ,49.33  ,1.06632   ,49.33  ,1.45491    ,49.33  ,1.84349   ,49.33  ,2.23209   ,49.33  ,2.62067   ,49.3479,3.00788   ,49.7244,-1.28391  ,1.55099    ,540,124384,52.9998,10.0874,124.627,0
1960,49.4956,3.23396   ,49.6252,2.82744    ,49.6704,2.41468  ,49.6913,2.01355   ,49.7031,1.65777   ,49.7138,1.22133   ,49.7221,0.866272   ,49.7347,0.465017  ,49.7475,0.0919881 ,49.7587,-0.303634   ,49.7698,-0.695325 ,49.779 ,-1.0688   ,49.4956,3.23396   ,49.8905,3.15806    ,50.0247,2.84736   ,50.0847,2.50009   ,50.1138,2.16261   ,50.1327,1.71009    ,50.1378,1.30959    ,50.1332,0.824379  ,50.1169,0.35778    ,50.0814,-0.129154 ,50.0165,-0.593872 ,49.779 ,-1.0688   ,49.5203,-0.705846 ,49.433 ,-0.371028 ,49.3742,-0.0533893 ,49.3315,0.235415  ,49.303 ,0.56232   ,49.2918,0.877569   ,49.2883,1.29733   ,49.2923,1.66528   ,49.3067,2.10843   ,49.3411,2.60023   ,49.728 ,-1.19404  ,1.55297    ,517,118584,53.1295,14.667 ,120.87 ,0
1961,49.6652,3.24318   ,49.6938,2.82225    ,49.6973,2.43015  ,49.7061,2.04233   ,49.717 ,1.62788   ,49.7258,1.27888   ,49.7353,0.876395   ,49.7463,0.439078  ,49.7561,0.0873399 ,49.7622,-0.295542   ,49.7638,-0.688597 ,49.7455,-1.07445  ,49.6652,3.24318   ,49.9931,2.93741    ,50.0614,2.62882   ,50.1056,2.30009   ,50.1401,1.92388   ,50.1596,1.58954    ,50.1713,1.18369    ,50.1637,0.707598  ,50.1415,0.299733   ,50.0964,-0.146671 ,50.0186,-0.597096 ,49.7455,-1.07445  ,49.5093,-0.686964 ,49.4268,-0.339506 ,49.3679,-0.0103613 ,49.3255,0.291651  ,49.2964,0.699874  ,49.2885,1.10668    ,49.2902,1.47188   ,49.3032,1.91858   ,49.3312,2.35289   ,49.3936,2.80501   ,49.7322,-1.14631  ,1.55265    ,511,115342,52.9976,12.2608,121.698,0
1962,49.8998,3.07588   ,49.7648,2.68671    ,49.7409,2.33874  ,49.7321,1.93661   ,49.7302,1.57733   ,49.7312,1.13415   ,49.7334,0.766561   ,49.7363,0.411319  ,49.7391,0.0170699 ,49.7399,-0.330468   ,49.7365,-0.71764  ,49.7157,-1.0837   ,49.8998,3.07588   ,50.0758,2.46088    ,50.1054,2.11139   ,50.1252,1.73542   ,50.1353,1.40676   ,50.14  ,1.00294    ,50.1376,0.667317   ,50.1291,0.340382  ,50.109 ,-0.0276104 ,50.0753,-0.356397 ,50.0029,-0.729594 ,49.7157,-1.0837   ,49.4718,-0.618287 ,49.4045,-0.195512 ,49.3685,0.186952   ,49.3423,0.621362  ,49.3282,1.01153   ,49.3217,1.41356    ,49.3254,1.8939    ,49.3407,2.27719   ,49.3815,2.69099   ,49.4668,3.01375   ,49.7319,-1.10945  ,1.55191    ,506,114969,51.4197,11.6926,117.799,0
1963,49.8894,3.08717   ,49.755 ,2.68705    ,49.7341,2.33589  ,49.7277,1.93446   ,49.7281,1.50641   ,49.7309,1.14264   ,49.7346,0.783183   ,49.7389,0.373367  ,49.7414,0.00468799,49.7407,-0.418883   ,49.734 ,-0.778445 ,49.7145,-1.15149  ,49.8894,3.08717   ,50.0675,2.4909     ,50.0978,2.14987   ,50.1185,1.78522   ,50.1325,1.40358   ,50.1389,1.07765    ,50.14  ,0.750416   ,50.1339,0.365046  ,50.1175,0.000637009,50.0743,-0.429832 ,49.9963,-0.787393 ,49.7145,-1.15149  ,49.4743,-0.68579  ,49.4079,-0.309616 ,49.3648,0.125192   ,49.3427,0.51328   ,49.3276,0.958022  ,49.3216,1.35312    ,49.323 ,1.75401   ,49.3378,2.22224   ,49.3748,2.64757   ,49.4541,2.986     ,49.7303,-1.07607  ,1.5521     ,512,116291,52.4027,10.9733,120.042,0
1964,49.6655,3.12028   ,49.6706,2.7089     ,49.6916,2.28557  ,49.7104,1.88505   ,49.7248,1.541     ,49.7395,1.12998   ,49.7489,0.733894   ,49.7524,0.359373  ,49.7522,-0.0534888,49.7488,-0.440691   ,49.742 ,-0.787373 ,49.7261,-1.17124  ,49.6655,3.12028   ,49.916 ,2.76243    ,50.0162,2.36932   ,50.0738,1.9928    ,50.1076,1.66259   ,50.1342,1.25477    ,50.1468,0.841758   ,50.1465,0.433106  ,50.1296,-0.0226138 ,50.0921,-0.435595 ,50.0267,-0.789224 ,49.7261,-1.17124  ,49.4599,-0.693056 ,49.407 ,-0.339108 ,49.3752,0.030676   ,49.3578,0.407576  ,49.3488,0.755095  ,49.3405,1.14086    ,49.3366,1.55749   ,49.3409,1.91349   ,49.3608,2.33027   ,49.42  ,2.76335   ,49.7323,-1.02947  ,1.5488     ,513,117240,52.6666,9.84514,119.456,0
1965,49.6576,3.11227   ,49.7047,2.68951    ,49.7144,2.30544  ,49.7231,1.87283   ,49.7327,1.48312   ,49.7434,1.08716   ,49.7539,0.695932   ,49.7618,0.318465  ,49.7662,-0.100428 ,49.7653,-0.489342   ,49.7582,-0.87966  ,49.7159,-1.26444  ,49.6576,3.11227   ,49.9929,2.75415    ,50.0706,2.38087   ,50.1141,1.95806   ,50.1404,1.57605   ,50.1594,1.18545    ,50.1705,0.797048   ,50.1711,0.420217  ,50.1551,-0.00503635,50.1195,-0.410055 ,50.0498,-0.827524 ,49.7159,-1.26444  ,49.4693,-0.842245 ,49.4119,-0.4621   ,49.3768,-0.079228  ,49.3504,0.340183  ,49.3339,0.723752  ,49.3238,1.12078    ,49.3216,1.52147   ,49.3294,1.91494   ,49.3559,2.34709   ,49.4127,2.72275   ,49.7338,-0.966909 ,1.5476     ,523,118930,53.8044,10.3007,122.87 ,0
1966,49.6489,2.93037   ,49.6784,2.52184    ,49.6926,2.13105  ,49.7145,1.73941   ,49.7312,1.34744   ,49.7407,0.955314  ,49.7445,0.563076   ,49.7518,0.170898  ,49.7649,-0.221012 ,49.7823,-0.611728   ,49.7829,-0.999348 ,49.7504,-1.36122  ,49.6489,2.93037   ,49.986 ,2.60033    ,50.0462,2.20861   ,50.0924,1.81453   ,50.1259,1.41966   ,50.1452,1.02448    ,50.1577,0.629146   ,50.1591,0.233593  ,50.1521,-0.16185   ,50.1299,-0.556985 ,50.0815,-0.950537 ,49.7504,-1.36122  ,49.493 ,-0.8966   ,49.4286,-0.510194 ,49.3708,-0.123371  ,49.3382,0.265006  ,49.33  ,0.6539    ,49.33  ,1.04295    ,49.33  ,1.43202   ,49.33  ,1.82108   ,49.33  ,2.21014   ,49.3619,2.59369   ,49.7365,-0.817474 ,1.53985    ,543,122913,52.7019,10.1561,126.284,0
1967,49.6305,2.90624   ,49.6749,2.44202    ,49.6941,2.0578   ,49.7168,1.67355   ,49.7321,1.28888   ,49.7377,0.827017  ,49.7407,0.442094   ,49.7533,0.0573607 ,49.7686,-0.327194 ,49.7884,-0.787572   ,49.7838,-1.16939  ,49.7428,-1.5211   ,49.6305,2.90624   ,49.9913,2.54162    ,50.0489,2.15186   ,50.0975,1.76095   ,50.1282,1.36902   ,50.1453,0.898302   ,50.1516,0.505885   ,50.1518,0.113358  ,50.1517,-0.279169  ,50.1257,-0.74972  ,50.0709,-1.14005  ,49.7428,-1.5211   ,49.5035,-1.04719  ,49.4456,-0.671985 ,49.3781,-0.221619  ,49.349 ,0.155241  ,49.33  ,0.532291  ,49.33  ,0.909709   ,49.33  ,1.3626    ,49.33  ,1.74002   ,49.33  ,2.11743   ,49.3489,2.49292   ,49.7387,-0.730631 ,1.5388     ,560,127199,54.3935,10.0815,129.456,0
1968,49.6687,2.91849   ,49.6781,2.4541     ,49.6953,2.06682  ,49.7205,1.59951   ,49.7324,1.2097    ,49.7379,0.819771  ,49.7438,0.429822   ,49.7601,-0.037902 ,49.7687,-0.427543 ,49.7856,-0.816646   ,49.775 ,-1.27788  ,49.7304,-1.6339   ,49.6687,2.91849   ,49.9937,2.52187    ,50.0499,2.13749   ,50.1049,1.66761   ,50.1332,1.27512   ,50.1453,0.882317   ,50.1579,0.489512   ,50.1581,0.0178761 ,50.1473,-0.374959  ,50.1368,-0.767805 ,50.0722,-1.23307  ,49.7304,-1.6339   ,49.4915,-1.17228  ,49.4346,-0.709708 ,49.3866,-0.324257  ,49.3562,0.062198  ,49.33  ,0.526159  ,49.33  ,0.913212   ,49.33  ,1.30026   ,49.33  ,1.68732   ,49.33  ,2.15178   ,49.3572,2.53411   ,49.7381,-0.669597 ,1.54185    ,575,130046,55.9081,10.1641,133.456,0
1969,49.6687,2.91849   ,49.6776,2.44883    ,49.6924,2.05822  ,49.7143,1.66584   ,49.7327,1.19453   ,49.738 ,0.801576  ,49.744 ,0.408641   ,49.7619,-0.0626857,49.7708,-0.455312 ,49.772 ,-0.847958   ,49.7574,-1.31493  ,49.744 ,-1.6649   ,49.6687,2.91849   ,49.9939,2.52094    ,50.0438,2.13557   ,50.0925,1.74355   ,50.1295,1.27192   ,50.1452,0.878575   ,50.1579,0.485172   ,50.1581,0.0127999 ,50.1469,-0.380633  ,50.1301,-0.773956 ,50.0659,-1.24349  ,49.744 ,-1.6649   ,49.4568,-1.23483  ,49.4134,-0.764968 ,49.3904,-0.372929  ,49.3596,0.0189311 ,49.33  ,0.489322  ,49.33  ,0.8818     ,49.33  ,1.27427   ,49.33  ,1.74523   ,49.33  ,2.13769   ,49.3554,2.52613   ,49.7333,-0.642614 ,1.54674    ,581,131527,56.2535,10.1544,133.213,0
1970,49.6687,2.91849   ,49.6776,2.44751    ,49.6925,2.05609  ,49.7144,1.66295   ,49.7328,1.19075   ,49.7381,0.797038  ,49.744 ,0.403326   ,49.759 ,-0.0689662,49.768 ,-0.462349 ,49.7721,-0.855682   ,49.7647,-1.3259   ,49.7563,-1.68416  ,49.6687,2.91849   ,49.9941,2.52023    ,50.0439,2.13436   ,50.0926,1.74186   ,50.1296,1.26967   ,50.1452,0.875848   ,50.1579,0.481967   ,50.1581,0.00904752,50.1466,-0.384863  ,50.1298,-0.778654 ,50.0711,-1.24957  ,49.7563,-1.68416  ,49.4646,-1.24616  ,49.4146,-0.775419 ,49.3848,-0.382474  ,49.3539,0.010431  ,49.33  ,0.482196  ,49.33  ,0.875718   ,49.33  ,1.26923   ,49.33  ,1.74145   ,49.33  ,2.13497   ,49.355 ,2.52458   ,49.7342,-0.628881 ,1.5454     ,585,132799,56.4835,10.1543,134.042,0
1971,49.6503,2.89705   ,49.6701,2.44609    ,49.6935,1.98701  ,49.7163,1.60176   ,49.7332,1.1389    ,49.7406,0.675867  ,49.7433,0.289939   ,49.7597,-0.172938 ,49.7708,-0.558607 ,49.774 ,-1.02109    ,49.777 ,-1.40474  ,49.7788,-1.83301  ,49.6503,2.89705   ,49.9799,2.54026    ,50.046 ,2.08281   ,50.097 ,1.69448   ,50.131 ,1.22704   ,50.1461,0.759245   ,50.1513,0.369286   ,50.1512,-0.0987663,50.145 ,-0.488715  ,50.1213,-0.95635  ,50.0698,-1.34465  ,49.7788,-1.83301  ,49.4792,-1.31168  ,49.4281,-0.931636 ,49.3905,-0.474203  ,49.3626,-0.0928242,49.33  ,0.364877  ,49.33  ,0.746774   ,49.33  ,1.20505   ,49.33  ,1.66332   ,49.33  ,2.04522   ,49.3561,2.4989    ,49.7366,-0.564193 ,1.5427     ,596,134242,58.0548,10.0722,137.213,0
1972,49.6619,2.85706   ,49.6779,2.38483    ,49.698 ,1.99519  ,49.72  ,1.52707   ,49.7339,1.13672   ,49.7435,0.668183  ,49.7494,0.199563   ,49.7633,-0.190764 ,49.7746,-0.659085 ,49.7799,-1.049      ,49.8008,-1.51394  ,49.8312,-1.87377  ,49.6619,2.85706   ,49.9962,2.44422    ,50.0553,2.05852   ,50.1043,1.59425   ,50.1324,1.20669   ,50.1534,0.741379   ,50.1573,0.275745   ,50.157 ,-0.112323 ,50.1453,-0.577817  ,50.1264,-0.965546 ,50.0752,-1.4297   ,49.8312,-1.87377  ,49.5145,-1.4444   ,49.431 ,-0.976555 ,49.3984,-0.584187  ,49.364 ,-0.113079 ,49.3359,0.279528  ,49.33  ,0.751163   ,49.33  ,1.22289   ,49.33  ,1.616     ,49.33  ,2.08773   ,49.3518,2.47774   ,49.7401,-0.543445 ,1.53936    ,600,135045,58.0779,10.1002,137.456,0
1973,49.6241,2.76175   ,49.6757,2.29266    ,49.7   ,1.90118  ,49.7199,1.50776   ,49.7378,1.03532   ,49.7437,0.641448  ,49.7506,0.247597   ,49.769 ,-0.224814 ,49.7779,-0.618386 ,49.7824,-1.01203    ,49.8067,-1.48157  ,49.8318,-1.8408   ,49.6241,2.76175   ,49.9958,2.38474    ,50.0582,1.99383   ,50.1037,1.60109   ,50.1403,1.12879   ,50.1513,0.73482    ,50.1582,0.34077    ,50.1578,-0.132229 ,50.1453,-0.526179  ,50.1376,-0.920209 ,50.1006,-1.39248  ,49.8318,-1.8408   ,49.5054,-1.41555  ,49.4275,-0.946476 ,49.4042,-0.553123  ,49.3737,-0.159929 ,49.337 ,0.311905  ,49.33  ,0.705557   ,49.33  ,1.09935   ,49.33  ,1.57189   ,49.33  ,1.96568   ,49.3422,2.3532    ,49.7432,-0.499537 ,1.53762    ,585,134499,56.5381,10.079 ,132.627,0
1974,49.6244,2.55537   ,49.6678,2.14192    ,49.7024,1.74892  ,49.7229,1.35413   ,49.7378,0.959037  ,49.7499,0.563912  ,49.7599,0.168718   ,49.7729,-0.226317 ,49.7782,-0.621044 ,49.7884,-1.01575    ,49.8058,-1.40882  ,49.8195,-1.77214  ,49.6244,2.55537   ,49.9661,2.23013    ,50.0633,1.84092   ,50.1095,1.44622   ,50.1401,1.05066   ,50.1635,0.654945   ,50.1773,0.259044   ,50.1771,-0.137106 ,50.1514,-0.532778  ,50.137 ,-0.92866  ,50.1054,-1.32417  ,49.8195,-1.77214  ,49.4999,-1.33693  ,49.44  ,-0.944903 ,49.3975,-0.55158   ,49.3671,-0.15758  ,49.3366,0.23642   ,49.33  ,0.630888   ,49.33  ,1.02547   ,49.33  ,1.42006   ,49.33  ,1.81465   ,49.3565,2.20481   ,49.746 ,-0.416191 ,1.53401    ,556,127713,53.1539,10.314 ,126.87 ,0
1975,49.6586,2.39303   ,49.7026,1.96513    ,49.7238,1.56568  ,49.7395,1.1876    ,49.754 ,0.792718  ,49.768 ,0.395025  ,49.7807,0.0047278  ,49.7905,-0.374422 ,49.7978,-0.740603 ,49.8039,-1.14249    ,49.8049,-1.5454   ,49.7809,-1.89499  ,49.6586,2.39303   ,49.9794,2.04629    ,50.0826,1.68034   ,50.137 ,1.33193   ,50.1719,0.962132  ,50.1932,0.583212   ,50.2026,0.202967   ,50.1983,-0.17899  ,50.1813,-0.563892  ,50.1457,-1.00766  ,50.0728,-1.47069  ,49.7809,-1.89499  ,49.5377,-1.52828  ,49.4609,-1.16701  ,49.412 ,-0.797406  ,49.3798,-0.44514  ,49.355 ,-0.0649052,49.3383,0.338789   ,49.3314,0.75609   ,49.337 ,1.17239   ,49.3595,1.57178   ,49.4191,1.98699   ,49.7541,-0.317558 ,1.53289    ,522,118729,52.674 ,10.9043,119.456,0
1976,49.7004,2.24506   ,49.7173,1.82137    ,49.7254,1.43747  ,49.7363,1.06675   ,49.7476,0.740782  ,49.7631,0.341397  ,49.7794,-0.0550913 ,49.7939,-0.439516 ,49.8049,-0.802472 ,49.8129,-1.18601    ,49.8153,-1.51923  ,49.7948,-1.89057  ,49.7004,2.24506   ,49.9995,1.90899    ,50.08  ,1.56868   ,50.1259,1.23184   ,50.1551,0.927097  ,50.1813,0.542403   ,50.1989,0.147189   ,50.2046,-0.251459 ,50.1958,-0.640323  ,50.1631,-1.06211  ,50.1013,-1.4384   ,49.7948,-1.89057  ,49.5293,-1.51176  ,49.4611,-1.20614  ,49.4109,-0.84761   ,49.3789,-0.501824 ,49.3547,-0.126446 ,49.3395,0.273695   ,49.3354,0.686477  ,49.3426,1.02899   ,49.368 ,1.42357   ,49.4335,1.83141   ,49.7625,-0.204408 ,1.5303     ,505,113607,50.77  ,10.8845,115.456,0
1977,49.5987,2.05731   ,49.6649,1.64683    ,49.6995,1.28157  ,49.7244,0.954936  ,49.7463,0.624209  ,49.768 ,0.233026  ,49.7848,-0.148841  ,49.7959,-0.462986 ,49.805 ,-0.831974 ,49.8102,-1.17825    ,49.8105,-1.58174  ,49.7971,-1.89675  ,49.5987,2.05731   ,49.9364,1.76101    ,50.0485,1.43577   ,50.1112,1.13513   ,50.156 ,0.822428  ,50.1915,0.433375   ,50.2102,0.0281876  ,50.2131,-0.315389 ,50.2007,-0.718676  ,50.1694,-1.09454  ,50.089 ,-1.5309   ,49.7971,-1.89675  ,49.5329,-1.54087  ,49.4496,-1.15095  ,49.407 ,-0.824469  ,49.3748,-0.485401 ,49.3544,-0.199563 ,49.3379,0.161561   ,49.3282,0.55808   ,49.328 ,0.906782  ,49.3399,1.25478   ,49.38  ,1.64305   ,49.7653,-0.149759 ,1.53058    ,496,112356,48.623 ,10.9867,113.698,0
1978,49.527 ,2.04509   ,49.6315,1.69027    ,49.6841,1.27967  ,49.7128,0.957355  ,49.744 ,0.564629  ,49.772 ,0.175805  ,49.7916,-0.144979  ,49.8091,-0.522905 ,49.8199,-0.880247 ,49.8247,-1.25718    ,49.8255,-1.63281  ,49.8095,-1.9676   ,49.527 ,2.04509   ,49.8727,1.88433    ,50.0145,1.51813   ,50.0772,1.21127   ,50.1323,0.831307  ,50.1725,0.449579   ,50.1956,0.126038   ,50.2088,-0.272361 ,50.2052,-0.670163  ,50.1769,-1.10818  ,50.1063,-1.54908  ,49.8095,-1.9676   ,49.5449,-1.63011  ,49.4717,-1.30383  ,49.4321,-0.97537   ,49.4045,-0.64948  ,49.3805,-0.288187 ,49.3627,0.0310044  ,49.3457,0.428578  ,49.3374,0.833934  ,49.3409,1.16634   ,49.3712,1.59878   ,49.7677,-0.110257 ,1.52608    ,494,113400,49.5391,11.2135,114.87 ,0
1979,49.5729,2.05745   ,49.6406,1.65759    ,49.6704,1.29016  ,49.6955,0.902164  ,49.7233,0.523592  ,49.7558,0.150911  ,49.7854,-0.233504  ,49.8032,-0.564211 ,49.8164,-0.956987 ,49.8218,-1.32629    ,49.8208,-1.70595  ,49.8072,-2.04387  ,49.5729,2.05745   ,49.9162,1.80429    ,50.0277,1.46351   ,50.0985,1.07845   ,50.1494,0.683312  ,50.185 ,0.281339   ,50.2059,-0.134717  ,50.2108,-0.488845 ,50.2008,-0.904652  ,50.1704,-1.28916  ,50.1025,-1.67876  ,49.8072,-2.04387  ,49.5399,-1.63371  ,49.4725,-1.24483  ,49.4288,-0.880814  ,49.3895,-0.50681  ,49.3563,-0.201663 ,49.3156,0.145567   ,49.2872,0.488238  ,49.284 ,0.854727  ,49.3042,1.24457   ,49.3528,1.62231   ,49.7677,-0.0733513,1.52362    ,508,114383,50.4587,10.8417,118.284,0
1980,49.5723,2.05569   ,49.6389,1.65638    ,49.6689,1.28959  ,49.6943,0.902423  ,49.7233,0.525373  ,49.7583,0.155808  ,49.7917,-0.224386  ,49.8162,-0.61975  ,49.8306,-1.01745  ,49.8354,-1.39845    ,49.8332,-1.78958  ,49.8183,-2.13248  ,49.5723,2.05569   ,49.9138,1.81055    ,50.0255,1.47491   ,50.0965,1.0934    ,50.1476,0.699177  ,50.1838,0.295045   ,50.2061,-0.126357  ,50.2133,-0.560319 ,50.2048,-0.986299  ,50.1769,-1.38042  ,50.1118,-1.77494  ,49.8183,-2.13248  ,49.5561,-1.70232  ,49.4933,-1.29379  ,49.4532,-0.917183  ,49.4122,-0.546245 ,49.3674,-0.193123 ,49.3208,0.140381   ,49.2883,0.475239  ,49.2835,0.839966  ,49.3033,1.23181   ,49.3519,1.61345   ,49.7744,-0.0394228,1.51936    ,515,117090,51.5337,10.891 ,120.284,0
1981,49.7306,2.00922   ,49.7037,1.60423    ,49.6978,1.20307  ,49.7105,0.773319  ,49.737 ,0.403097  ,49.7765,-0.0437247,49.8073,-0.448703  ,49.8283,-0.795346 ,49.847 ,-1.20891  ,49.8587,-1.60216    ,49.8644,-2.0056   ,49.8586,-2.37629  ,49.7306,2.00922   ,50.0273,1.71414    ,50.0846,1.36978   ,50.1211,0.9754    ,50.1521,0.612842  ,50.1853,0.154096   ,50.2058,-0.273625  ,50.2142,-0.646226 ,50.2123,-1.09374   ,50.1928,-1.52031  ,50.1367,-1.95851  ,49.8586,-2.37629  ,49.5916,-1.94696  ,49.5215,-1.55771  ,49.4767,-1.1878    ,49.4348,-0.805438 ,49.3995,-0.486396 ,49.3564,-0.110531  ,49.3114,0.317529  ,49.2938,0.69424   ,49.3104,1.15683   ,49.3845,1.59771   ,49.786 ,0.106837  ,1.51284    ,535,120834,53.871 ,10.9283,123.698,0
1982,49.6998,1.90307   ,49.6944,1.49072    ,49.7004,1.09746  ,49.7211,0.703377  ,49.7582,0.309746  ,49.7947,-0.0842444,49.8159,-0.478772  ,49.8308,-0.873409 ,49.8542,-1.26757  ,49.8866,-1.66068    ,49.9113,-2.0527   ,49.9195,-2.42445  ,49.6998,1.90307   ,50.0035,1.56505    ,50.0586,1.17368   ,50.1061,0.781182  ,50.1671,0.389471  ,50.2088,-0.00335425,50.2269,-0.397076  ,50.2269,-0.791125 ,50.2269,-1.18519   ,50.2251,-1.5792   ,50.1938,-1.97264  ,49.9195,-2.42445  ,49.6228,-1.97638  ,49.5391,-1.58509  ,49.4694,-1.19246   ,49.4286,-0.797844 ,49.399 ,-0.40261  ,49.3625,-0.00775359,49.3311,0.387401  ,49.3237,0.783053  ,49.3323,1.17869   ,49.3872,1.56716   ,49.7931,0.212026  ,1.5075     ,553,124924,53.1833,10.3792,127.698,0
1983,49.6806,1.85909   ,49.6994,1.45654    ,49.7132,0.992898 ,49.734 ,0.605616  ,49.7709,0.218643  ,49.8011,-0.168867 ,49.8188,-0.556646  ,49.83  ,-0.944545 ,49.8578,-1.33186  ,49.8957,-1.79595    ,49.9034,-2.17903  ,49.875 ,-2.52426  ,49.6806,1.85909   ,49.999 ,1.55224    ,50.078 ,1.08775   ,50.126 ,0.696211  ,50.185 ,0.305297  ,50.2152,-0.0872603 ,50.2269,-0.480175  ,50.2269,-0.873319 ,50.2395,-1.26622   ,50.24  ,-1.73799  ,50.2058,-2.1299   ,49.875 ,-2.52426  ,49.6089,-2.07912  ,49.5404,-1.6992   ,49.4645,-1.2427    ,49.4271,-0.860639 ,49.4047,-0.477976 ,49.3751,-0.0954717 ,49.3451,0.287012  ,49.33  ,0.669805  ,49.3416,1.05267   ,49.3955,1.50928   ,49.8002,0.300033  ,1.51148    ,562,127634,53.8771,10.3041,129.456,0
1984,49.6748,1.75283   ,49.6934,1.33637    ,49.7131,0.943968 ,49.7417,0.550754  ,49.7789,0.157421  ,49.8068,-0.23643  ,49.8215,-0.709429  ,49.8367,-1.10352  ,49.8626,-1.49701  ,49.8927,-1.89024    ,49.9165,-2.28069  ,49.9193,-2.62404  ,49.6748,1.75283   ,49.9984,1.41741    ,50.0812,1.02833   ,50.1416,0.636004  ,50.1959,0.243337  ,50.2263,-0.150702  ,50.2269,-0.624239  ,50.2269,-1.01887  ,50.2269,-1.41349   ,50.2269,-1.80812  ,50.2084,-2.20238  ,49.9193,-2.62404  ,49.6193,-2.20576  ,49.5463,-1.81509  ,49.4862,-1.42323   ,49.4403,-1.03054  ,49.4112,-0.636939 ,49.3805,-0.164547  ,49.3496,0.229005  ,49.33  ,0.622786  ,49.3361,1.01684   ,49.3781,1.40899   ,49.8008,0.375912  ,1.50961    ,562,128779,53.7837,10.3809,129.456,0
1985,49.6241,1.60809   ,49.6796,1.20809    ,49.7141,0.821343 ,49.7492,0.43239   ,49.7907,-0.0352943,49.8117,-0.425442 ,49.8262,-0.81573   ,49.846 ,-1.20592  ,49.8762,-1.59543  ,49.9037,-1.98482    ,49.9175,-2.37047  ,49.9193,-2.71202  ,49.6241,1.60809   ,49.9745,1.31565    ,50.0834,0.934174  ,50.1559,0.543687  ,50.2092,0.072629  ,50.2269,-0.320973  ,50.2331,-0.714794  ,50.2366,-1.10866  ,50.2523,-1.50232   ,50.246 ,-1.89614  ,50.2133,-2.28883  ,49.9193,-2.71202  ,49.6225,-2.30145  ,49.5496,-1.91775  ,49.4905,-1.5328    ,49.4431,-1.14719  ,49.413 ,-0.760569 ,49.3905,-0.373805  ,49.3601,0.01278   ,49.3299,0.476831  ,49.3295,0.864033  ,49.3652,1.24622   ,49.8061,0.500289  ,1.50547    ,560,127468,53.1453,10.4395,127.456,0
1986,49.6013,1.42193   ,49.6741,1.01193    ,49.7208,0.62399  ,49.7629,0.233225  ,49.7986,-0.158396 ,49.821 ,-0.550416 ,49.8431,-0.942455  ,49.8802,-1.33401  ,49.9057,-1.72496  ,49.9165,-2.11553    ,49.9237,-2.5052   ,49.9346,-2.88345  ,49.6013,1.42193   ,49.9671,1.12466    ,50.0921,0.743479  ,50.1686,0.351012  ,50.2139,-0.0438143,50.2266,-0.439825  ,50.2522,-0.835577  ,50.2855,-1.23115  ,50.2816,-1.62695   ,50.2502,-2.02249  ,50.1916,-2.4165   ,49.9346,-2.88345  ,49.6544,-2.43802  ,49.5838,-2.05261  ,49.5195,-1.66657   ,49.4546,-1.28056  ,49.421 ,-0.892609 ,49.4029,-0.504272  ,49.3702,-0.116264 ,49.3376,0.271744  ,49.33  ,0.66029   ,49.3542,1.04761   ,49.8174,0.656761  ,1.49842    ,548,123329,53.0296,10.385 ,126.284,0
1987,49.6584,1.27718   ,49.6965,0.852039   ,49.7286,0.505606 ,49.7693,0.0744305 ,49.8037,-0.315578 ,49.8304,-0.656408 ,49.8612,-1.06946   ,49.8899,-1.47398  ,49.9127,-1.86381  ,49.9275,-2.23244    ,49.9368,-2.62294  ,49.946 ,-2.96691  ,49.6584,1.27718   ,50.0146,0.952209   ,50.1067,0.651192  ,50.1766,0.255321  ,50.2202,-0.12785  ,50.2473,-0.473606  ,50.2716,-0.902891  ,50.2852,-1.33583  ,50.2827,-1.76091   ,50.2597,-2.15954  ,50.1995,-2.5715   ,49.946 ,-2.96691  ,49.6719,-2.56995  ,49.5912,-2.18612  ,49.5362,-1.83929   ,49.4857,-1.47901  ,49.4407,-1.0991   ,49.403 ,-0.701496  ,49.3761,-0.369873 ,49.3502,0.0193093 ,49.3393,0.479648  ,49.3681,0.859027  ,49.8279,0.766542  ,1.49548    ,526,117857,52.1879,10.77  ,120.87 ,0
1988,49.6857,1.10146   ,49.7076,0.689861   ,49.7354,0.330687 ,49.7663,-0.0530111,49.7997,-0.445538 ,49.8273,-0.776474 ,49.8593,-1.17323   ,49.8826,-1.49825  ,49.9041,-1.87295  ,49.9155,-2.27659    ,49.9084,-2.62979  ,49.8698,-2.9753   ,49.6857,1.10146   ,50.0054,0.738104   ,50.109 ,0.401306  ,50.1765,0.0434958 ,50.2244,-0.326915 ,50.2541,-0.64738   ,50.2787,-1.04782   ,50.2877,-1.39288  ,50.2821,-1.80445   ,50.246 ,-2.24781  ,50.1662,-2.62075  ,49.8698,-2.9753   ,49.6554,-2.54557  ,49.5838,-2.19547  ,49.5203,-1.81964   ,49.4688,-1.47506  ,49.4296,-1.16692  ,49.3895,-0.772971  ,49.3638,-0.43244  ,49.3455,-0.0199563,49.3518,0.384515  ,49.402 ,0.752188  ,49.8247,0.833939  ,1.4949     ,505,113840,50.1326,10.7155,117.113,0
1989,49.6272,1.06711   ,49.6868,0.688159   ,49.7216,0.269156 ,49.747 ,-0.0518565,49.78  ,-0.440163 ,49.8169,-0.821672 ,49.8543,-1.1971    ,49.8874,-1.56808  ,49.9121,-1.93002  ,49.9252,-2.27214    ,49.9225,-2.63458  ,49.8888,-3.00195  ,49.6272,1.06711   ,49.9681,0.823125   ,50.0859,0.439765  ,50.1402,0.138191  ,50.1887,-0.235156 ,50.2299,-0.612773  ,50.2634,-0.999188  ,50.2842,-1.39967  ,50.2855,-1.80594   ,50.2613,-2.19284  ,50.189 ,-2.59146  ,49.8888,-3.00195  ,49.6593,-2.57996  ,49.5866,-2.24099  ,49.5318,-1.93564   ,49.4807,-1.61345  ,49.4329,-1.27062  ,49.3914,-0.904314  ,49.3597,-0.516525 ,49.3435,-0.112372 ,49.3475,0.224396  ,49.3949,0.660738  ,49.8216,0.888155  ,1.49394    ,503,112835,50.1184,10.8873,115.698,0
1990,49.8861,1.07984   ,49.7693,0.679052   ,49.736 ,0.335863 ,49.7406,-0.0625662,49.7628,-0.411667 ,49.8039,-0.824031 ,49.8416,-1.16157   ,49.8829,-1.56551  ,49.9086,-1.89966  ,49.9258,-2.28308    ,49.922 ,-2.68026  ,49.8835,-3.02288  ,49.8861,1.07984   ,50.1107,0.642443   ,50.1128,0.350942  ,50.1357,0.00454864,50.1666,-0.313946 ,50.2131,-0.705229  ,50.2507,-1.03937   ,50.2833,-1.46135  ,50.2925,-1.82552   ,50.2765,-2.24673  ,50.2029,-2.6685   ,49.8835,-3.02288  ,49.6459,-2.58752  ,49.5718,-2.19588  ,49.5158,-1.84143   ,49.4703,-1.53482  ,49.4174,-1.14919  ,49.3798,-0.806822  ,49.348 ,-0.369664 ,49.3402,0.00815172,49.3642,0.444224  ,49.4467,0.816506  ,49.8251,0.896749  ,1.49894    ,510,113508,50.7093,10.3082,117.941,0
1991,49.8281,1.09976   ,49.7676,0.702551   ,49.7305,0.298041 ,49.7419,-0.057709 ,49.7724,-0.454357 ,49.8069,-0.794738 ,49.8505,-1.20781   ,49.8844,-1.55283  ,49.9148,-1.96538  ,49.9295,-2.36205    ,49.9281,-2.71848  ,49.8987,-3.06887  ,49.8281,1.09976   ,50.111 ,0.737238   ,50.1146,0.375258  ,50.135 ,0.0457054 ,50.176 ,-0.334151 ,50.2152,-0.670382  ,50.2566,-1.09431   ,50.2815,-1.46233  ,50.2913,-1.9127    ,50.2725,-2.34098  ,50.2139,-2.71289  ,49.8987,-3.06887  ,49.6454,-2.61312  ,49.5837,-2.25509  ,49.53  ,-1.88167   ,49.4748,-1.50513  ,49.4299,-1.18346  ,49.3843,-0.782088  ,49.3564,-0.439765 ,49.342 ,-0.0348066,49.349 ,0.328299  ,49.4375,0.763784  ,49.8322,0.921814  ,1.50155    ,514,114976,51.3322,10.2825,119.941,0
1992,49.7239,1.03605   ,49.7342,0.62409    ,49.7515,0.226248 ,49.77  ,-0.132359 ,49.7918,-0.510304 ,49.8235,-0.915581 ,49.8559,-1.28785   ,49.8856,-1.67118  ,49.9069,-2.05362  ,49.9156,-2.42026    ,49.9056,-2.80216  ,49.8643,-3.14799  ,49.7239,1.03605   ,50.0605,0.692299   ,50.1311,0.285609  ,50.1709,-0.10439  ,50.2096,-0.512155 ,50.2477,-0.93699   ,50.2752,-1.31805   ,50.2917,-1.71338  ,50.2919,-2.10858   ,50.2688,-2.47896  ,50.1959,-2.84695  ,49.8643,-3.14799  ,49.6214,-2.65685  ,49.5617,-2.24289  ,49.5163,-1.87253   ,49.4704,-1.50063  ,49.4257,-1.13145  ,49.3888,-0.773966  ,49.3673,-0.397912 ,49.363 ,-0.0558179,49.367 ,0.267484  ,49.4046,0.651929  ,49.84  ,1.00912   ,1.50523    ,513,117220,51.4414,10.7222,121.941,0
1993,49.8239,1.03435   ,49.746 ,0.614206   ,49.7456,0.223331 ,49.7612,-0.158974 ,49.7874,-0.549868 ,49.823 ,-0.944883 ,49.8607,-1.37992   ,49.8898,-1.76539  ,49.9136,-2.14748  ,49.9313,-2.51125    ,49.9427,-2.94469  ,49.9618,-3.29677  ,49.8239,1.03435   ,50.0623,0.659444   ,50.1211,0.267643  ,50.1645,-0.156007 ,50.2069,-0.593513 ,50.243 ,-0.988976  ,50.2734,-1.40525   ,50.2902,-1.78092  ,50.2951,-2.16173   ,50.2853,-2.52806  ,50.2372,-2.95153  ,49.9618,-3.29677  ,49.6467,-2.83836  ,49.5724,-2.37682  ,49.5248,-2.00779   ,49.4805,-1.62086  ,49.4375,-1.22756  ,49.3923,-0.781461  ,49.3595,-0.402819 ,49.353 ,-0.0677121,49.3669,0.276681  ,49.436 ,0.663853  ,49.8425,1.10013   ,1.50055    ,526,120265,53.3704,10.7393,124.77 ,0
1994,49.7784,0.83051   ,49.7631,0.42815    ,49.7673,0.0390367,49.7888,-0.352256 ,49.8086,-0.744106 ,49.849 ,-1.13512  ,49.8822,-1.52667   ,49.9104,-1.91821  ,49.9294,-2.30998  ,49.9564,-2.70078    ,49.9678,-3.09039  ,49.9616,-3.46116  ,49.7784,0.83051   ,50.0707,0.477379   ,50.1208,0.0905946 ,50.1732,-0.296976 ,50.2062,-0.68573  ,50.2515,-1.07374   ,50.2845,-1.46249   ,50.3084,-1.85147  ,50.3084,-2.24092   ,50.3036,-2.63028  ,50.2614,-3.01849  ,49.9616,-3.46116  ,49.6702,-3.00716  ,49.6026,-2.61503  ,49.5386,-2.22258   ,49.5058,-1.82822  ,49.4668,-1.43423  ,49.4337,-1.03986   ,49.4007,-0.645778 ,49.3977,-0.250782 ,49.4046,0.144133  ,49.4548,0.529653  ,49.8588,1.28738   ,1.50495    ,540,124087,52.7449,10.0379,126.284,0
1995,49.7564,0.692847  ,49.7682,0.279597   ,49.778 ,-0.111327,49.7979,-0.503148 ,49.8404,-0.972613 ,49.8743,-1.36421  ,49.9031,-1.75591   ,49.9199,-2.14789  ,49.9504,-2.53924  ,49.9795,-2.93051    ,49.9982,-3.31948  ,49.9754,-3.68506  ,49.7564,0.692847  ,50.0751,0.353769   ,50.1386,-0.0374044,50.1847,-0.430718 ,50.2464,-0.902333 ,50.283 ,-1.29619   ,50.3086,-1.6905    ,50.3084,-2.08529  ,50.3108,-2.48005   ,50.315 ,-2.87476  ,50.2827,-3.26868  ,49.9754,-3.68506  ,49.7142,-3.21546  ,49.6334,-2.82974  ,49.574 ,-2.44202   ,49.5254,-2.05368  ,49.4856,-1.66482  ,49.4532,-1.27554   ,49.4167,-0.886488 ,49.4051,-0.418734 ,49.4046,-0.0287152,49.4554,0.358487  ,49.8753,1.4372    ,1.50134    ,554,126464,53.8167,10.1804,129.698,0
1996,49.7303,0.565783  ,49.7614,0.156426   ,49.7825,-0.233305,49.8021,-0.624408 ,49.845 ,-1.01452  ,49.8789,-1.40541  ,49.9068,-1.79635   ,49.9231,-2.18766  ,49.9582,-2.57796  ,49.9872,-2.96848    ,50.0076,-3.35755  ,50.023 ,-3.70489  ,49.7303,0.565783  ,50.0651,0.242969   ,50.1418,-0.141525 ,50.1861,-0.529932 ,50.2439,-0.917492 ,50.2851,-1.30608   ,50.3084,-1.69539   ,50.3084,-2.08519  ,50.3153,-2.47486   ,50.3153,-2.86466  ,50.2923,-3.25388  ,50.023 ,-3.70489  ,49.7178,-3.30634  ,49.6461,-2.91618  ,49.5877,-2.52495   ,49.5315,-2.13358  ,49.4979,-1.74083  ,49.4595,-1.34836   ,49.4262,-0.955563 ,49.4115,-0.562379 ,49.4112,-0.168877 ,49.4487,0.21936   ,49.8789,1.52147   ,1.49888    ,535,124374,52.5215,10.1386,125.456,0
1997,49.6979,0.537924  ,49.7171,0.142829   ,49.7516,-0.267544,49.7952,-0.660658 ,49.8407,-1.08508  ,49.878 ,-1.45463  ,49.9117,-1.83104   ,49.9433,-2.19953  ,49.9769,-2.61461  ,49.9977,-3.00187    ,50.0062,-3.42029  ,49.9874,-3.75851  ,49.6979,0.537924  ,50.041 ,0.205724   ,50.1323,-0.179646 ,50.193 ,-0.541537 ,50.2457,-0.941131 ,50.2836,-1.30789   ,50.3148,-1.69914   ,50.3391,-2.09443  ,50.3589,-2.53948   ,50.3517,-2.94609  ,50.2979,-3.38944  ,49.9874,-3.75851  ,49.7143,-3.33969  ,49.6388,-2.9313   ,49.585 ,-2.55598   ,49.5351,-2.15996  ,49.4956,-1.81252  ,49.4579,-1.45183   ,49.4205,-1.0843   ,49.3822,-0.643917 ,49.3581,-0.231304 ,49.3876,0.185429  ,49.8738,1.55854   ,1.48302    ,524,119959,52.87  ,10.28  ,123.113,0
1998,49.7413,0.363553  ,49.7222,-0.0387978 ,49.7617,-0.417898,49.8172,-0.84966  ,49.8562,-1.18759  ,49.8989,-1.60835  ,49.9314,-1.95177   ,49.9671,-2.33648  ,50.0031,-2.77987  ,50.0263,-3.15897    ,50.0452,-3.51174  ,50.0692,-3.87927  ,49.7413,0.363553  ,50.0652,-0.00107495,50.1525,-0.373576 ,50.2237,-0.779022 ,50.2691,-1.09118  ,50.3134,-1.48988   ,50.343 ,-1.81804   ,50.3671,-2.18091  ,50.3761,-2.619     ,50.3633,-3.02246  ,50.3222,-3.41224  ,50.0692,-3.87927  ,49.762 ,-3.49968  ,49.6826,-3.17151  ,49.6208,-2.81286   ,49.556 ,-2.3664   ,49.507 ,-1.95135  ,49.4711,-1.58616   ,49.4281,-1.14616  ,49.3948,-0.790001 ,49.3562,-0.348404 ,49.3755,0.0241864 ,49.8913,1.68701   ,1.47237    ,526,118428,52.2558,10.3967,121.355,0
1999,49.7998,0.255112  ,49.736 ,-0.152603  ,49.771 ,-0.571915,49.8166,-0.924758 ,49.8638,-1.2997   ,49.9059,-1.69228  ,49.9445,-2.08818   ,49.9798,-2.47705  ,50.0097,-2.85706  ,50.0375,-3.28055    ,50.0627,-3.66592  ,50.0799,-4.01915  ,49.7998,0.255112  ,50.072 ,-0.139415  ,50.1618,-0.508363 ,50.2187,-0.807339 ,50.2696,-1.13156  ,50.3119,-1.48837   ,50.3443,-1.87149   ,50.3663,-2.27186  ,50.3729,-2.68258   ,50.3562,-3.15529  ,50.3084,-3.59763  ,50.0799,-4.01915  ,49.81  ,-3.63059  ,49.7116,-3.28855  ,49.6376,-2.90629   ,49.5822,-2.55374  ,49.5321,-2.17378  ,49.4868,-1.76382   ,49.4428,-1.34003  ,49.3986,-0.921155 ,49.3669,-0.523223 ,49.401 ,-0.0715242,49.905 ,1.80244   ,1.46951    ,520,117138,52.7239,10.6684,121.113,0
2000,49.6014,0.191232  ,49.6847,-0.195502  ,49.7565,-0.559891,49.8241,-0.94773  ,49.8751,-1.29959  ,49.918 ,-1.67237  ,49.9548,-2.05764   ,49.9805,-2.38275  ,50.0055,-2.76828  ,50.0247,-3.13633    ,50.0424,-3.52366  ,50.0501,-3.86851  ,49.6014,0.191232  ,49.9826,-0.0807309 ,50.1206,-0.402401 ,50.2161,-0.737348 ,50.2779,-1.04611  ,50.3243,-1.39377   ,50.3569,-1.78091   ,50.3729,-2.12921  ,50.3763,-2.56262   ,50.3588,-2.99008  ,50.3024,-3.44731  ,50.0501,-3.86851  ,49.7778,-3.49669  ,49.6848,-3.1636   ,49.6272,-2.84712   ,49.5786,-2.50624  ,49.5412,-2.20488  ,49.4982,-1.82449   ,49.4565,-1.43267  ,49.4137,-1.04477  ,49.3721,-0.609757 ,49.3666,-0.213348 ,49.9086,1.78781   ,1.46287    ,516,114639,50.1916,11.4266,119.113,0
2001,49.7039,0.124655  ,49.7243,-0.292646  ,49.7721,-0.646903,49.8353,-1.02174  ,49.8999,-1.42253  ,49.9448,-1.80137  ,49.9734,-2.13996   ,50.0008,-2.5552   ,50.02  ,-2.8926   ,50.0402,-3.27196    ,50.0613,-3.66153  ,50.073 ,-4.0084   ,49.7039,0.124655  ,50.0718,-0.209765  ,50.1523,-0.512553 ,50.2184,-0.82846  ,50.2858,-1.1806   ,50.3322,-1.53383   ,50.3591,-1.86682   ,50.3756,-2.3018   ,50.3758,-2.67536   ,50.3581,-3.11324  ,50.3047,-3.57528  ,50.073 ,-4.0084   ,49.8122,-3.64473  ,49.7159,-3.30935  ,49.6568,-2.97725   ,49.6177,-2.6708   ,49.5773,-2.27536  ,49.5441,-1.93796   ,49.4968,-1.54496  ,49.433 ,-1.10575  ,49.3763,-0.676961 ,49.366 ,-0.279448 ,49.9183,1.82435   ,1.46714    ,510,114601,50.9659,10.8621,119.941,0
2002,49.6652,0.119549  ,49.7069,-0.280921  ,49.7705,-0.660837,49.8369,-1.05807  ,49.8906,-1.40721  ,49.945 ,-1.83593  ,49.9819,-2.22876   ,50.0065,-2.56867  ,50.0321,-2.97418  ,50.0586,-3.35423    ,50.0998,-3.73828  ,50.1643,-4.0917   ,49.6652,0.119549  ,50.03  ,-0.177566  ,50.1457,-0.518754 ,50.2224,-0.872653 ,50.2744,-1.19104  ,50.3238,-1.6005    ,50.3532,-1.99819   ,50.3673,-2.35785  ,50.374 ,-2.79917   ,50.3706,-3.22227  ,50.353 ,-3.65196  ,50.1643,-4.0917   ,49.8327,-3.72449  ,49.7371,-3.36487  ,49.6817,-3.01636   ,49.6366,-2.6427   ,49.5995,-2.32549  ,49.5522,-1.94497   ,49.4895,-1.50527  ,49.4327,-1.12893  ,49.3764,-0.691155 ,49.3678,-0.282533 ,49.9224,1.85716   ,1.46165    ,511,116412,52.085 ,10.3683,121.941,0
2003,49.6732,0.173167  ,49.7038,-0.218345  ,49.7598,-0.639537,49.8161,-1.01531  ,49.8774,-1.38392  ,49.9464,-1.81822  ,49.9984,-2.20422   ,50.0425,-2.59778  ,50.0765,-2.99078  ,50.0966,-3.37509    ,50.1077,-3.73132  ,50.1052,-4.09838  ,49.6732,0.173167  ,50.016 ,-0.160019  ,50.1287,-0.560309 ,50.198 ,-0.902413 ,50.2629,-1.23674  ,50.3338,-1.64632   ,50.3866,-2.02741   ,50.4264,-2.42989  ,50.4476,-2.83846   ,50.4372,-3.24633  ,50.3876,-3.64058  ,50.1052,-4.09838  ,49.8251,-3.70961  ,49.751 ,-3.37829  ,49.6957,-3.01278   ,49.6452,-2.63423  ,49.594 ,-2.25072  ,49.5402,-1.86402   ,49.4713,-1.40868  ,49.4143,-1.00391  ,49.3734,-0.593872 ,49.3795,-0.166389 ,49.9368,1.90998   ,1.45117    ,518,117646,52.7333,10.0993,121.941,0
2004,49.7803,0.204271  ,49.7764,-0.247159  ,49.792 ,-0.630987,49.8252,-1.02435  ,49.8722,-1.41091  ,49.9275,-1.79127  ,49.9846,-2.17006   ,50.044 ,-2.61946  ,50.0813,-3.01581  ,50.102 ,-3.40963    ,50.1079,-3.77235  ,50.0884,-4.14983  ,49.7803,0.204271  ,50.0445,-0.174521  ,50.1228,-0.510553 ,50.1905,-0.848844 ,50.2567,-1.18723  ,50.3216,-1.53709   ,50.3811,-1.91011   ,50.4333,-2.38586  ,50.4536,-2.82641   ,50.4416,-3.27246  ,50.3868,-3.68776  ,50.0884,-4.14983  ,49.8293,-3.74272  ,49.7576,-3.41838  ,49.6988,-3.07218   ,49.6395,-2.72287  ,49.5696,-2.30324  ,49.5144,-1.91937   ,49.4705,-1.50678  ,49.4466,-1.06936  ,49.4533,-0.620457 ,49.5065,-0.199881 ,49.9434,1.95628   ,1.45121    ,531,119099,53.6466,11.0585,123.698,0
2005,49.7589,0.159919  ,49.7508,-0.264757  ,49.7786,-0.686755,49.8252,-1.07724  ,49.8852,-1.43992  ,49.9448,-1.86664  ,49.9994,-2.28551   ,50.0437,-2.67247  ,50.0815,-3.07477  ,50.1157,-3.46949    ,50.1682,-3.87182  ,50.2809,-4.20809  ,49.7589,0.159919  ,50.0418,-0.156664  ,50.1265,-0.512215 ,50.1948,-0.868482 ,50.2628,-1.22278  ,50.3374,-1.64641   ,50.3934,-2.05379   ,50.4288,-2.44128  ,50.4502,-2.86088   ,50.4583,-3.2866   ,50.4522,-3.73787  ,50.2809,-4.20809  ,49.8656,-3.90223  ,49.7612,-3.52497  ,49.7011,-3.15395   ,49.6448,-2.77181  ,49.59  ,-2.39244  ,49.5368,-1.97489   ,49.4909,-1.55413  ,49.4399,-1.17987  ,49.4203,-0.742046 ,49.4555,-0.257222 ,49.9543,2.01977   ,1.4495     ,542,121927,54.1641,10.6927,126.77 ,0
2006,49.7073,0.105962  ,49.7453,-0.316783  ,49.7932,-0.749043,49.8398,-1.1242   ,49.9007,-1.5518   ,49.9539,-1.92116  ,50.015 ,-2.36352   ,50.0654,-2.75399  ,50.1126,-3.15347  ,50.1588,-3.54714    ,50.2224,-3.96765  ,50.3025,-4.32986  ,49.7073,0.105962  ,50.025 ,-0.205346  ,50.1415,-0.567495 ,50.2091,-0.886866 ,50.276 ,-1.26009  ,50.3312,-1.5931    ,50.394 ,-2.01795   ,50.443 ,-2.42431  ,50.4838,-2.86742   ,50.5103,-3.32508  ,50.5116,-3.82999  ,50.3025,-4.32986  ,49.913 ,-3.99359  ,49.7915,-3.64069  ,49.7261,-3.30605   ,49.6714,-2.95196  ,49.6188,-2.58106  ,49.5588,-2.12496   ,49.5074,-1.7217   ,49.4542,-1.2378   ,49.4305,-0.804602 ,49.453 ,-0.312254 ,49.9703,2.09166   ,1.44081    ,553,125576,54.9632,11.7515,126.527,0
2007,49.7566,-0.0354137,49.7621,-0.502242  ,49.8075,-0.886478,49.8611,-1.27118  ,49.9334,-1.73254  ,49.9819,-2.11778  ,50.0274,-2.5032    ,50.0706,-2.88874  ,50.1113,-3.3513   ,50.187 ,-3.73337    ,50.3164,-4.10118  ,50.473 ,-4.43746  ,49.7566,-0.0354137,50.0791,-0.434321  ,50.1682,-0.805378 ,50.2452,-1.17765  ,50.3203,-1.62601  ,50.3777,-2.00012   ,50.435 ,-2.37423   ,50.4638,-2.74997  ,50.4713,-3.20138   ,50.4951,-3.57724  ,50.5552,-3.95109  ,50.473 ,-4.43746  ,50.0156,-4.10692  ,49.8393,-3.73773  ,49.7322,-3.3475    ,49.6592,-2.87334  ,49.6082,-2.47763  ,49.5623,-2.08161   ,49.5269,-1.685    ,49.4542,-1.21079  ,49.4236,-0.813918 ,49.4346,-0.419918 ,49.9954,2.22422   ,1.42681    ,567,128615,55.0784,10.2191,132.77 ,0
2008,49.693 ,-0.0977908,49.7531,-0.504003  ,49.8203,-0.974096,49.882 ,-1.36669  ,49.9383,-1.7598   ,49.9936,-2.15307  ,50.0378,-2.547     ,50.0925,-2.94031  ,50.147 ,-3.33331  ,50.2385,-3.72269    ,50.353 ,-4.10643  ,50.4792,-4.45644  ,49.693 ,-0.0977908,50.0498,-0.384923  ,50.176 ,-0.83922  ,50.2529,-1.22611  ,50.3247,-1.61346  ,50.3843,-2.00197   ,50.436 ,-2.39093   ,50.4789,-2.78039  ,50.5147,-3.17027   ,50.5674,-3.55918  ,50.6188,-3.94815  ,50.4792,-4.45644  ,50.0384,-4.11321  ,49.8688,-3.73108  ,49.7553,-3.33934   ,49.6824,-2.94299  ,49.6209,-2.54555  ,49.5787,-2.147     ,49.5339,-1.74859  ,49.4813,-1.35063  ,49.4406,-0.95199  ,49.4253,-0.473208 ,50.0157,2.26639   ,1.41484    ,573,129739,54.4677,10.1752,132.184,0
2009,49.6999,-0.192168 ,49.7621,-0.599147  ,49.8268,-0.991903,49.8922,-1.38595  ,49.9442,-1.78122  ,50.0003,-2.17634  ,50.0401,-2.57238   ,50.1045,-2.96681  ,50.1672,-3.36118  ,50.2565,-3.75254    ,50.3706,-4.13795  ,50.485 ,-4.48759  ,49.6999,-0.192168 ,50.0564,-0.47914   ,50.1786,-0.860171 ,50.2706,-1.2498   ,50.3419,-1.64146  ,50.4017,-2.03419   ,50.439 ,-2.42822   ,50.4918,-2.82134  ,50.5333,-3.21511   ,50.5925,-3.60788  ,50.6478,-4.00073  ,50.485 ,-4.48759  ,50.0443,-4.12462  ,49.8847,-3.74109  ,49.7705,-3.3499    ,49.6917,-2.95457  ,49.6228,-2.55829  ,49.5746,-2.16055   ,49.5281,-1.76269  ,49.4836,-1.36473  ,49.4481,-0.966253 ,49.4427,-0.570661 ,50.0306,2.3293    ,1.40973    ,564,128384,53.6722,10.2619,130.184,0
2010,49.649 ,-0.261641 ,49.7456,-0.653213  ,49.8183,-1.04175 ,49.8909,-1.43478  ,49.9453,-1.82961  ,50.0074,-2.22394  ,50.0469,-2.61968   ,50.1108,-3.01379  ,50.1801,-3.40715  ,50.2719,-3.79775    ,50.3897,-4.18346  ,50.5102,-4.53798  ,49.649 ,-0.261641 ,50.0299,-0.502371  ,50.1643,-0.875629 ,50.2675,-1.26437  ,50.3381,-1.65667  ,50.404 ,-2.04938   ,50.4402,-2.44401   ,50.4942,-2.83763  ,50.5359,-3.23193   ,50.5936,-3.62533  ,50.6509,-4.01874  ,50.5102,-4.53798  ,50.0767,-4.19593  ,49.9122,-3.81439  ,49.7883,-3.42585   ,49.7085,-3.03183  ,49.6353,-2.63719  ,49.5868,-2.24067   ,49.5349,-1.84435  ,49.4837,-1.44799  ,49.442 ,-1.05108  ,49.4301,-0.659702 ,50.0359,2.38181   ,1.40268    ,563,128665,53.6257,10.2935,129.598,0
2011,49.6808,-0.260875 ,49.7552,-0.666282  ,49.8352,-1.13396 ,49.9078,-1.52466  ,49.9625,-1.91696  ,50.0155,-2.3094   ,50.0594,-2.70237   ,50.1317,-3.17252  ,50.2148,-3.56209  ,50.3116,-3.94938    ,50.4275,-4.33276  ,50.5543,-4.68173  ,49.6808,-0.260875 ,50.0528,-0.541896  ,50.1994,-0.992968 ,50.2939,-1.37783  ,50.3546,-1.76611  ,50.4178,-2.15404   ,50.4489,-2.54402   ,50.5086,-3.01073  ,50.5617,-3.39945   ,50.6152,-3.78815  ,50.674 ,-4.17655  ,50.5543,-4.68173  ,50.1341,-4.33685  ,49.9667,-3.95599  ,49.8321,-3.56924   ,49.7308,-3.17768  ,49.6456,-2.70393  ,49.6016,-2.30721   ,49.546 ,-1.91116  ,49.5005,-1.51452  ,49.4472,-1.11834  ,49.4312,-0.641498 ,50.0443,2.4205    ,1.40044    ,573,130147,55.4074,10.184 ,135.012,0
2012,49.6679,-0.229761 ,49.7508,-0.634959  ,49.8291,-1.10765 ,49.9046,-1.50176  ,49.9581,-1.89785  ,50.0142,-2.29373  ,50.0575,-2.69043   ,50.1218,-3.08559  ,50.2026,-3.47918  ,50.2973,-3.87054    ,50.4048,-4.25917  ,50.5162,-4.61952  ,49.6679,-0.229761 ,50.0404,-0.485331  ,50.188 ,-0.944873 ,50.2843,-1.33568  ,50.3493,-1.72964  ,50.4151,-2.1235    ,50.4459,-2.51957   ,50.5011,-2.91426  ,50.5541,-3.30904   ,50.6083,-3.70377  ,50.6679,-4.0982   ,50.5162,-4.61952  ,50.0999,-4.26579  ,49.9443,-3.88127  ,49.8149,-3.49236   ,49.7186,-3.09887  ,49.6454,-2.70298  ,49.6015,-2.30499   ,49.5457,-1.90765  ,49.4997,-1.50977  ,49.4468,-1.11229  ,49.4322,-0.634142 ,50.0418,2.39256   ,1.40304    ,574,130230,54.9301,10.2239,133.012,0
2013,49.6997,-0.186156 ,49.7603,-0.654268  ,49.8172,-1.0448  ,49.8919,-1.43742  ,49.9505,-1.83168  ,50.0125,-2.2257   ,50.0561,-2.62086   ,50.1202,-3.01463  ,50.1985,-3.40704  ,50.2819,-3.79805    ,50.3884,-4.18507  ,50.5039,-4.53798  ,49.6997,-0.186156 ,50.0781,-0.511837  ,50.1755,-0.890519 ,50.2709,-1.27882  ,50.3401,-1.66979  ,50.4059,-2.06108   ,50.4476,-2.45397   ,50.5081,-2.84576  ,50.562 ,-3.23793   ,50.6064,-3.63065  ,50.6621,-4.02274  ,50.5039,-4.53798  ,50.0731,-4.19413  ,49.923 ,-3.80911  ,49.7994,-3.41974   ,49.7134,-3.02554  ,49.6406,-2.63008  ,49.5983,-2.23244   ,49.5403,-1.83569  ,49.4823,-1.43896  ,49.4348,-1.04162  ,49.4248,-0.643399 ,50.0391,2.3559    ,1.40341    ,573,129897,54.3797,10.1302,131.355,0
2014,49.6487,-0.173774 ,49.754 ,-0.634371  ,49.8171,-1.02423 ,49.8907,-1.4137   ,49.9498,-1.8047   ,50.0094,-2.19573  ,50.0481,-2.58798   ,50.1119,-2.97855  ,50.1781,-3.36883  ,50.2566,-3.75745    ,50.334 ,-4.14466  ,50.3903,-4.49398  ,49.6487,-0.173774 ,50.0659,-0.48558   ,50.1767,-0.869418 ,50.2728,-1.25933  ,50.3435,-1.65183  ,50.4034,-2.04535   ,50.4397,-2.44021   ,50.5   ,-2.83368  ,50.5478,-3.22787   ,50.5997,-3.62184  ,50.6293,-4.01713  ,50.3903,-4.49398  ,50.0101,-4.11826  ,49.8838,-3.7376   ,49.7779,-3.354     ,49.7047,-2.96672  ,49.6326,-2.57933  ,49.5915,-2.18971   ,49.5378,-1.80082  ,49.4781,-1.41229  ,49.4334,-1.02289  ,49.4124,-0.632958 ,50.023 ,2.31008   ,1.41356    ,570,128502,53.7998,10.1135,129.941,0
2015,49.6434,-0.154554 ,49.7361,-0.607368  ,49.8098,-0.984428,49.8727,-1.36349  ,49.9462,-1.81876  ,50.0038,-2.19854  ,50.0422,-2.57943   ,50.1034,-3.03563  ,50.1528,-3.41566  ,50.1959,-3.79501    ,50.1801,-4.23246  ,50.113 ,-4.57452  ,49.6434,-0.154554 ,50.042 ,-0.474751  ,50.1637,-0.853254 ,50.2496,-1.24045  ,50.3391,-1.70649  ,50.3989,-2.09623   ,50.4436,-2.48685   ,50.4978,-2.95556  ,50.5286,-3.34697   ,50.5419,-3.73855  ,50.4439,-4.18663  ,50.113 ,-4.57452  ,49.9409,-4.1402   ,49.8387,-3.69975  ,49.754 ,-3.33265   ,49.6915,-2.96345  ,49.6242,-2.51972  ,49.5853,-2.14895   ,49.5351,-1.77884  ,49.4662,-1.33522  ,49.4282,-0.964412 ,49.4025,-0.593324 ,49.9887,2.26042   ,1.4342     ,555,126311,54.87  ,10.0578,134.77 ,0
2016,49.6554,-0.0272023,49.7134,-0.472909  ,49.7845,-0.864103,49.8622,-1.27946  ,49.926 ,-1.64675  ,49.9835,-2.03226  ,50.036 ,-2.43408   ,50.0833,-2.84359  ,50.1207,-3.24664  ,50.1281,-3.694      ,50.0735,-4.08653  ,49.957 ,-4.43313  ,49.6554,-0.0272023,50.0519,-0.410363  ,50.1633,-0.779898 ,50.2555,-1.18172  ,50.3259,-1.55174  ,50.3882,-1.95296   ,50.4434,-2.38394   ,50.491 ,-2.83342  ,50.523 ,-3.2807    ,50.5106,-3.76643  ,50.4026,-4.14569  ,49.957 ,-4.43313  ,49.7666,-3.924    ,49.7509,-3.49893  ,49.7085,-3.08      ,49.661 ,-2.71713  ,49.6113,-2.34893  ,49.5609,-1.98005   ,49.5054,-1.61735  ,49.4465,-1.25712  ,49.3838,-0.83274  ,49.3583,-0.429812 ,49.9688,2.20753   ,1.44619    ,555,125011,54.7761,10.2883,127.355,0
2017,49.6012,-0.107177 ,49.7224,-0.555989  ,49.7997,-0.931506,49.8718,-1.30862  ,49.9409,-1.6863   ,50     ,-2.06484  ,50.0368,-2.44478   ,50.0832,-2.82412  ,50.1143,-3.20405  ,50.1202,-3.58353    ,50.001 ,-4.01911  ,49.8456,-4.30919  ,49.6012,-0.107177 ,50.0274,-0.432728  ,50.153 ,-0.817561 ,50.2543,-1.21054  ,50.3385,-1.60537  ,50.4042,-2.00208   ,50.4442,-2.40039   ,50.4836,-2.79873  ,50.5059,-3.19767   ,50.4916,-3.59665  ,50.3206,-4.05017  ,49.8456,-4.30919  ,49.7258,-3.85293  ,49.7617,-3.41904  ,49.7106,-3.05856   ,49.664 ,-2.69779  ,49.6165,-2.3371   ,49.5711,-1.97627   ,49.518 ,-1.61592  ,49.4575,-1.25604  ,49.4112,-0.895266 ,49.3839,-0.533744 ,49.9582,2.20461   ,1.46373    ,552,124961,52.8414,10.2226,130.426,0
2018,49.6321,-0.0225939,49.7099,-0.46213   ,49.7754,-0.842912,49.8518,-1.23573  ,49.9284,-1.6408   ,49.9863,-2.01476  ,50.0326,-2.41824   ,50.063 ,-2.84454  ,50.0671,-3.27244  ,50.0289,-3.66778    ,49.9049,-4.04461  ,49.7002,-4.33356  ,49.6321,-0.0225939,50.0416,-0.384306  ,50.148 ,-0.748058 ,50.2401,-1.1281   ,50.327 ,-1.5341   ,50.3901,-1.92897   ,50.4368,-2.37567   ,50.4631,-2.86384  ,50.4588,-3.3569    ,50.4052,-3.79453  ,50.2274,-4.16971  ,49.7002,-4.33356  ,49.6286,-3.82532  ,49.673 ,-3.417    ,49.6787,-3.04788   ,49.6559,-2.68127  ,49.6145,-2.3227   ,49.5649,-1.97143   ,49.5088,-1.62853  ,49.4409,-1.23057  ,49.3826,-0.82634  ,49.3619,-0.436481 ,49.9366,2.18371   ,1.47647    ,550,125752,54.4357,10.2914,126.184,0
2019,49.6326,-0.0239973,49.7125,-0.469943  ,49.7781,-0.854289,49.8561,-1.24902  ,49.9357,-1.65755  ,50.0035,-2.10703  ,50.0495,-2.52351   ,50.0739,-2.88217  ,50.0734,-3.30118  ,49.9917,-3.73034    ,49.7799,-4.06517  ,49.4788,-4.31011  ,49.6326,-0.0239973,50.0455,-0.396429  ,50.153 ,-0.767586 ,50.2485,-1.15119  ,50.3414,-1.56076  ,50.4153,-2.04394   ,50.4588,-2.51703   ,50.4752,-2.93636  ,50.4573,-3.42663   ,50.3382,-3.89987  ,50.0444,-4.22243  ,49.4788,-4.31011  ,49.5888,-3.82516  ,49.6842,-3.44894  ,49.6961,-3.04077   ,49.6657,-2.68434  ,49.6266,-2.38818  ,49.5742,-2.03625   ,49.5081,-1.63347  ,49.4404,-1.23371  ,49.3828,-0.828789 ,49.3631,-0.438939 ,49.9223,2.21097   ,1.50133    ,560,127204,55.7109,10.4665,129.012,0
2020,49.635 ,-0.0209317,49.7075,-0.424885  ,49.7821,-0.870662,49.8626,-1.27249  ,49.9427,-1.68901  ,49.9974,-2.08251  ,50.035 ,-2.50763   ,50.0554,-2.93188  ,50.0482,-3.31249  ,49.9438,-3.71164    ,49.6803,-4.02601  ,49.3687,-4.22156  ,49.635 ,-0.0209317,50.0353,-0.368291  ,50.1615,-0.809141 ,50.2617,-1.20693  ,50.3588,-1.62826  ,50.4194,-2.05071   ,50.4505,-2.53468   ,50.4487,-3.03736  ,50.4085,-3.48599   ,50.2612,-3.92427  ,49.9276,-4.21629  ,49.3687,-4.22156  ,49.5117,-3.76463  ,49.6701,-3.41067  ,49.6956,-3.02156   ,49.6584,-2.68863  ,49.6091,-2.33679  ,49.5594,-1.97788   ,49.5053,-1.62613  ,49.4394,-1.22303  ,49.3818,-0.81775  ,49.3646,-0.376801 ,49.9041,2.20397   ,1.5221     ,563,126974,55.5299,10.6013,130.669,0
2021,49.5944,-0.107177 ,49.7128,-0.54725   ,49.7934,-0.919712,49.8697,-1.29346  ,49.9355,-1.66847  ,49.9983,-2.11953  ,50.0375,-2.49632   ,50.0446,-2.87363  ,50.0108,-3.24936  ,49.861 ,-3.68934    ,49.6483,-4.01809  ,49.4242,-4.26815  ,49.5944,-0.107177 ,50.0277,-0.437287  ,50.1557,-0.825733 ,50.2638,-1.22163  ,50.3409,-1.62104  ,50.4261,-2.10099   ,50.4596,-2.50351   ,50.4573,-2.90617  ,50.3961,-3.30669   ,50.2166,-3.77348  ,49.9566,-4.11613  ,49.4242,-4.26815  ,49.4289,-3.79916  ,49.5702,-3.46081  ,49.651 ,-3.04222   ,49.6326,-2.6902   ,49.6027,-2.33822  ,49.5534,-1.98745   ,49.5027,-1.56601  ,49.4483,-1.21555  ,49.3927,-0.865178 ,49.3642,-0.513897 ,49.8859,2.21646   ,1.54086    ,567,127982,53.7896,10.7935,131.255,0
2022,49.6243,-0.116961 ,49.7188,-0.557741  ,49.7941,-0.930849,49.8857,-1.37986  ,49.9453,-1.75576  ,49.9896,-2.13258  ,50.0301,-2.58535   ,50.0302,-2.96293  ,49.9601,-3.41183  ,49.8094,-3.77293    ,49.5783,-4.09019  ,49.3148,-4.33605  ,49.6243,-0.116961 ,50.038 ,-0.479628  ,50.1622,-0.869358 ,50.2866,-1.3452   ,50.3579,-1.74522  ,50.4172,-2.14626   ,50.4536,-2.62947   ,50.4384,-3.03243  ,50.3265,-3.50951   ,50.1416,-3.89211  ,49.8526,-4.21137  ,49.3148,-4.33605  ,49.4072,-3.85266  ,49.5537,-3.51439  ,49.634 ,-3.16594   ,49.6291,-2.74272  ,49.6013,-2.39003  ,49.5507,-1.96779   ,49.5097,-1.61586  ,49.4554,-1.26471  ,49.3907,-0.84329  ,49.373 ,-0.493961 ,49.8699,2.26407   ,1.56051    ,576,130251,55.0198,10.8576,134.083,0
2023,49.6243,-0.116961 ,49.7186,-0.559971  ,49.7943,-0.933039,49.8858,-1.38173  ,49.9456,-1.75752  ,50.0017,-2.20945  ,50.0338,-2.58675   ,50.0314,-3.03961  ,49.9613,-3.41318  ,49.7875,-3.84445    ,49.5649,-4.16867  ,49.3209,-4.43674  ,49.6243,-0.116961 ,50.0316,-0.479638  ,50.1554,-0.867805 ,50.2856,-1.34094  ,50.357 ,-1.73933  ,50.4224,-2.219     ,50.4534,-2.62006   ,50.4275,-3.10132  ,50.3308,-3.49692   ,50.1127,-3.94923  ,49.8376,-4.27229  ,49.3209,-4.43674  ,49.3908,-3.94102  ,49.5336,-3.6007   ,49.6316,-3.18115   ,49.642 ,-2.82723  ,49.6087,-2.40229  ,49.5638,-2.04915   ,49.5112,-1.62532  ,49.4564,-1.27275  ,49.398 ,-0.849252 ,49.3789,-0.498251 ,49.8666,2.29991   ,1.56908    ,580,131688,55.9761,10.7345,136.912,0
2024,49.6243,-0.116961 ,49.7156,-0.559334  ,49.7912,-0.932651,49.8827,-1.38168  ,49.9424,-1.75775  ,49.9925,-2.21034  ,50.0211,-2.5879    ,50.0136,-3.04091  ,49.9507,-3.41541  ,49.8126,-3.7806     ,49.5601,-4.17671  ,49.3212,-4.43674  ,49.6243,-0.116961 ,50.0319,-0.480364  ,50.1557,-0.869069 ,50.286 ,-1.3428   ,50.3573,-1.7417   ,50.4227,-2.22197   ,50.441 ,-2.62377   ,50.4079,-3.10525  ,50.3106,-3.50128   ,50.1485,-3.88707  ,49.8343,-4.28823  ,49.3212,-4.43674  ,49.3762,-3.93947  ,49.543 ,-3.53004  ,49.6254,-3.18031   ,49.6297,-2.82575  ,49.5962,-2.40074  ,49.5505,-2.04758   ,49.5045,-1.62331  ,49.4527,-1.2705   ,49.3913,-0.847122 ,49.3727,-0.49619  ,49.8598,2.30381   ,1.57074    ,585,132468,55.8848,10.908 ,136.083,0
2025,49.58  ,-0.148224 ,49.7052,-0.592956  ,49.7869,-0.966641,49.8716,-1.41725  ,49.9293,-1.79406  ,49.9696,-2.24791  ,49.9787,-2.62665   ,49.9424,-3.08042  ,49.8599,-3.45424  ,49.6877,-3.89183    ,49.4791,-4.22576  ,49.2397,-4.49887  ,49.58  ,-0.148224 ,50.0133,-0.475756  ,50.1488,-0.867168 ,50.2674,-1.34405  ,50.3388,-1.74429  ,50.3861,-2.22719   ,50.3888,-2.63059   ,50.3381,-3.11331  ,50.2382,-3.51039   ,50.029 ,-3.97202  ,49.7643,-4.31968  ,49.2397,-4.49887  ,49.2863,-4.01111  ,49.4182,-3.66852  ,49.527 ,-3.25004   ,49.5654,-2.89657  ,49.5706,-2.47128  ,49.5433,-2.11719   ,49.4964,-1.69308  ,49.4523,-1.33995  ,49.3894,-0.916765 ,49.361 ,-0.563146 ,49.8191,2.32917   ,-1.54676   ,585,132855,56.2703,10.4242,135.255,0
2026,49.6243,-0.198498 ,49.7122,-0.643717  ,49.7825,-1.01947 ,49.8696,-1.47167  ,49.9182,-1.85043  ,49.9518,-2.22995  ,49.9536,-2.68599   ,49.9061,-3.06435  ,49.8071,-3.43764  ,49.6255,-3.87584    ,49.4278,-4.21191  ,49.2146,-4.4864   ,49.6243,-0.198498 ,50.0317,-0.561404  ,50.1555,-0.949751 ,50.2736,-1.42465  ,50.3447,-1.82323  ,50.3795,-2.22424   ,50.3705,-2.70586   ,50.3073,-3.105    ,50.1808,-3.49674   ,49.9669,-3.95547  ,49.7216,-4.3012   ,49.2146,-4.4864   ,49.2219,-3.99906  ,49.3482,-3.65092  ,49.4804,-3.23016   ,49.5347,-2.87302  ,49.5427,-2.51409  ,49.5186,-2.08355   ,49.4701,-1.72622  ,49.4402,-1.36773  ,49.3769,-0.939101 ,49.3658,-0.582933 ,49.793 ,2.35085   ,-1.52611   ,582,131422,55.1603,10.7925,135.497,0
2027,49.6137,-0.283867 ,49.7035,-0.70921   ,49.7749,-1.14413 ,49.8398,-1.53965  ,49.899 ,-1.95084  ,49.9334,-2.29867  ,49.9464,-2.69586   ,49.9107,-3.10818  ,49.7907,-3.52538  ,49.6253,-3.90398    ,49.4461,-4.24374  ,49.2194,-4.54871  ,49.6137,-0.283867 ,50.0367,-0.640632  ,50.1575,-1.05189  ,50.2415,-1.42124  ,50.3136,-1.82838  ,50.3539,-2.20115   ,50.3625,-2.67289   ,50.3046,-3.17306  ,50.1574,-3.61539   ,49.9715,-3.99531  ,49.7517,-4.34359  ,49.2194,-4.54871  ,49.196 ,-4.0473   ,49.3243,-3.71783  ,49.4606,-3.33742   ,49.5361,-2.93108  ,49.5306,-2.59221  ,49.502 ,-2.25779   ,49.467 ,-1.93435  ,49.4165,-1.52361  ,49.3708,-1.10856  ,49.351 ,-0.66022  ,49.7882,2.42311   ,-1.52861   ,560,126085,54.8141,10.4712,129.255,0
2028,49.6478,-0.447778 ,49.7481,-0.870174  ,49.8073,-1.29812 ,49.8579,-1.67749  ,49.9049,-2.07023  ,49.9382,-2.46727  ,49.9389,-2.90291   ,49.874 ,-3.27582  ,49.7272,-3.67962  ,49.5737,-4.02876    ,49.3819,-4.39963  ,49.1799,-4.72217  ,49.6478,-0.447778 ,50.0365,-0.792867  ,50.1695,-1.20053  ,50.2491,-1.5559   ,50.3134,-1.93828  ,50.3544,-2.35327   ,50.3546,-2.84792   ,50.2838,-3.27898  ,50.1136,-3.70989   ,49.9318,-4.06445  ,49.6657,-4.44712  ,49.1799,-4.72217  ,49.1488,-4.25901  ,49.2579,-3.90353  ,49.3764,-3.56354   ,49.4901,-3.1741   ,49.5306,-2.84026  ,49.5138,-2.45021   ,49.4823,-2.06956  ,49.4497,-1.6711   ,49.4286,-1.27098  ,49.4412,-0.831765 ,49.7816,2.57925   ,-1.49382   ,542,121465,54.875 ,10.3785,125.841,0
2029,49.6997,-0.651222 ,49.7815,-1.03926   ,49.8384,-1.45686 ,49.8834,-1.83717  ,49.9207,-2.2288   ,49.9403,-2.55447  ,49.9332,-2.98035   ,49.8706,-3.34427  ,49.7487,-3.69963  ,49.5804,-4.04636    ,49.3932,-4.35792  ,49.174 ,-4.65313  ,49.6997,-0.651222 ,50.0925,-0.978436  ,50.2217,-1.4      ,50.2907,-1.77413  ,50.3388,-2.16165  ,50.3602,-2.49926   ,50.3494,-2.97154   ,50.2802,-3.37843  ,50.1416,-3.74899   ,49.9372,-4.10428  ,49.6712,-4.42916  ,49.174 ,-4.65313  ,49.1711,-4.19913  ,49.272 ,-3.89968  ,49.3907,-3.56491   ,49.485 ,-3.21372  ,49.5257,-2.87451  ,49.515 ,-2.48076   ,49.4917,-2.16477  ,49.4618,-1.77137  ,49.4393,-1.39017  ,49.4539,-0.989663 ,49.7951,2.64996   ,-1.48081   ,528,117286,51.6752,10.3898,121.841,0
2030,49.9365,-0.608473 ,49.8582,-1.04028   ,49.8557,-1.41744 ,49.8808,-1.84733  ,49.9063,-2.2196   ,49.9272,-2.57855  ,49.9251,-2.96788   ,49.8708,-3.36954  ,49.7706,-3.72109  ,49.5948,-4.09361    ,49.4026,-4.4282   ,49.207 ,-4.75373  ,49.9365,-0.608473 ,50.204 ,-1.09352   ,50.2403,-1.48022  ,50.2832,-1.90631  ,50.3195,-2.26669  ,50.3477,-2.61149   ,50.346 ,-2.98562   ,50.2795,-3.38574  ,50.1691,-3.74648   ,49.9591,-4.12638  ,49.6911,-4.4742   ,49.207 ,-4.75373  ,49.1697,-4.28747  ,49.2813,-3.96661  ,49.4064,-3.60068   ,49.4835,-3.24484  ,49.511 ,-2.82691  ,49.5003,-2.40633   ,49.4832,-2.02411  ,49.4684,-1.64073  ,49.4667,-1.21958  ,49.5224,-0.876773 ,49.8029,2.67144   ,-1.4728    ,520,116376,52.986 ,10.6939,123.255,0
2031,49.8783,-0.582395 ,49.9035,-1.02963   ,49.9064,-1.41233 ,49.9054,-1.76197  ,49.8985,-2.19856  ,49.887 ,-2.56258  ,49.8645,-2.98008   ,49.8287,-3.35429  ,49.749 ,-3.76429  ,49.6145,-4.09493    ,49.4142,-4.43432  ,49.1988,-4.74983  ,49.8783,-0.582395 ,50.1618,-0.999099  ,50.2416,-1.39489  ,50.2808,-1.7552   ,50.303 ,-2.20578  ,50.3043,-2.58179   ,50.2868,-3.01143   ,50.2475,-3.39109  ,50.1509,-3.79794   ,49.9783,-4.13017  ,49.6937,-4.49189  ,49.1988,-4.74983  ,49.1801,-4.30408  ,49.2907,-3.98156  ,49.3724,-3.63897   ,49.4242,-3.20025  ,49.4514,-2.8144   ,49.4753,-2.39909   ,49.4972,-2.04481  ,49.531 ,-1.62593  ,49.5708,-1.2954   ,49.6436,-0.944635 ,49.8021,2.65974   ,-1.46754   ,521,116744,53.0995,10.5264,121.355,0
2032,49.7287,-0.609379 ,49.8392,-1.00894   ,49.871 ,-1.43446 ,49.8817,-1.77162  ,49.8844,-2.19326  ,49.8761,-2.61351  ,49.8596,-2.94561   ,49.8184,-3.35499  ,49.7399,-3.72792  ,49.5879,-4.10426    ,49.3868,-4.42749  ,49.1342,-4.70249  ,49.7287,-0.609379 ,50.1173,-0.881451  ,50.2328,-1.30924  ,50.2763,-1.66087  ,50.3007,-2.10991  ,50.3005,-2.56505   ,50.2834,-2.92732   ,50.2319,-3.36988  ,50.131 ,-3.75774   ,49.943 ,-4.14249  ,49.6704,-4.48765  ,49.1342,-4.70249  ,49.153 ,-4.29762  ,49.2697,-3.99345  ,49.3724,-3.61499   ,49.4197,-3.23263  ,49.444 ,-2.83523  ,49.456 ,-2.52402   ,49.4687,-2.13505  ,49.4841,-1.74461  ,49.5028,-1.43002  ,49.5471,-1.02928  ,49.7912,2.68063   ,-1.45714   ,525,117852,52.9257,10.3699,121.355,0
2033,49.7112,-0.623174 ,49.8509,-1.03468   ,49.8683,-1.45089 ,49.8731,-1.78763  ,49.8739,-2.2153   ,49.8648,-2.64327  ,49.8408,-3.03789   ,49.7885,-3.42719  ,49.6934,-3.78232  ,49.5383,-4.17368    ,49.3799,-4.4935   ,49.1456,-4.80849  ,49.7112,-0.623174 ,50.1687,-0.840494  ,50.2474,-1.21778  ,50.2725,-1.54957  ,50.2892,-1.99732  ,50.2886,-2.47107   ,50.2671,-2.92417   ,50.2087,-3.37333  ,50.0962,-3.77136   ,49.9122,-4.19463  ,49.7   ,-4.54144  ,49.1456,-4.80849  ,49.1033,-4.36665  ,49.1991,-4.07412  ,49.3176,-3.71155   ,49.387 ,-3.37994  ,49.425 ,-3.02707  ,49.4458,-2.67573   ,49.4595,-2.28885  ,49.4722,-1.88722  ,49.4864,-1.55586  ,49.5217,-1.12434  ,49.7747,2.7174    ,-1.44878   ,535,119620,53.7957,10.7854,123.598,0
2034,49.9453,-0.639199 ,49.8902,-1.08313   ,49.8766,-1.4674  ,49.8726,-1.90647  ,49.8675,-2.2904   ,49.856 ,-2.66722  ,49.8274,-3.07917   ,49.7659,-3.47946  ,49.6581,-3.84918  ,49.5238,-4.20135    ,49.3612,-4.56278  ,49.1594,-4.90296  ,49.9453,-0.639199 ,50.2184,-1.07518   ,50.2512,-1.43458  ,50.2752,-1.86125  ,50.2828,-2.25016  ,50.2772,-2.64215   ,50.2484,-3.07868   ,50.1787,-3.50319  ,50.0555,-3.88706   ,49.8994,-4.24734  ,49.6789,-4.62023  ,49.1594,-4.90296  ,49.0869,-4.41735  ,49.1844,-4.06492  ,49.2909,-3.72416   ,49.3749,-3.35216  ,49.4188,-2.95071  ,49.4409,-2.54486   ,49.4549,-2.17674  ,49.4713,-1.80037  ,49.5043,-1.3627   ,49.5708,-0.978396 ,49.7612,2.78797   ,-1.44162   ,545,122017,54.0622,10.3253,125.598,0
2035,49.8668,-0.800233 ,49.8597,-1.20473   ,49.8828,-1.67644 ,49.8997,-2.07263  ,49.901 ,-2.46916  ,49.8733,-2.86515  ,49.8049,-3.25864   ,49.7048,-3.64881  ,49.6103,-3.95888  ,49.4723,-4.3429     ,49.3208,-4.7214   ,49.1727,-5.0711   ,49.8668,-0.800233 ,50.1756,-1.16668   ,50.264 ,-1.64647  ,50.2994,-2.04925  ,50.3084,-2.45266  ,50.2848,-2.85577   ,50.2252,-3.25695   ,50.1191,-3.65354  ,50.0119,-3.96747   ,49.8503,-4.35505  ,49.6444,-4.73372  ,49.1727,-5.0711   ,49.0625,-4.56203  ,49.1533,-4.17791  ,49.2545,-3.795     ,49.3312,-3.48809  ,49.4176,-3.10347  ,49.4743,-2.71615   ,49.493 ,-2.32702  ,49.493 ,-1.93753  ,49.493 ,-1.54803  ,49.5391,-1.09078  ,49.7339,2.93461   ,-1.42448   ,561,126068,53.8388,10.118 ,129.598,0
2036,49.8379,-0.894779 ,49.8591,-1.35946   ,49.8808,-1.74607 ,49.8968,-2.1346   ,49.8984,-2.52335  ,49.8522,-2.98871  ,49.7708,-3.37322   ,49.6637,-3.75467  ,49.5388,-4.13332  ,49.4051,-4.5098     ,49.2546,-4.87778  ,49.0962,-5.2151   ,49.8379,-0.894779 ,50.1876,-1.29842   ,50.2559,-1.69617  ,50.2945,-2.09602  ,50.3089,-2.49664  ,50.2714,-2.97686   ,50.1951,-3.37402   ,50.084 ,-3.76717  ,49.9398,-4.15523   ,49.7699,-4.53832  ,49.5551,-4.90694  ,49.0962,-5.2151   ,49.0155,-4.70368  ,49.0955,-4.33112  ,49.1879,-3.95998   ,49.2855,-3.5895   ,49.3839,-3.21911  ,49.4572,-2.84594   ,49.4933,-2.39462  ,49.493 ,-2.01776  ,49.493 ,-1.64092  ,49.5238,-1.2694   ,49.7092,3.05094   ,-1.40778   ,572,128452,54.6572,10.1291,131.598,0
2037,49.8379,-0.937896 ,49.8581,-1.34129   ,49.8796,-1.80329 ,49.8962,-2.18964  ,49.8913,-2.5762   ,49.847 ,-2.96151  ,49.7446,-3.41966   ,49.6415,-3.79934  ,49.523 ,-4.17677  ,49.3873,-4.55082    ,49.227 ,-4.91125  ,49.0458,-5.22063  ,49.8379,-0.937896 ,50.1635,-1.28512   ,50.2536,-1.76152  ,50.293 ,-2.16193  ,50.3028,-2.56325  ,50.2669,-2.96374   ,50.1659,-3.4399    ,50.0509,-3.83316  ,49.9078,-4.22203   ,49.7416,-4.60655  ,49.5236,-4.97161  ,49.0458,-5.22063  ,49.0012,-4.7129   ,49.0965,-4.34714  ,49.1894,-3.98106   ,49.28  ,-3.61468  ,49.3645,-3.24752  ,49.4508,-2.80552   ,49.488 ,-2.43463  ,49.493 ,-2.06279  ,49.4929,-1.69087  ,49.543 ,-1.24837  ,49.7007,3.08079   ,-1.40403   ,569,128885,54.4439,10.1955,134.083,0
2038,49.8507,-0.950726 ,49.8622,-1.42953   ,49.8835,-1.8174  ,49.8998,-2.20631  ,49.8865,-2.59527  ,49.8406,-2.98304  ,49.7355,-3.44411   ,49.6298,-3.82604  ,49.5115,-4.20605  ,49.3792,-4.58338    ,49.2285,-4.95201  ,49.0714,-5.27082  ,49.8507,-0.950726 ,50.1917,-1.37206   ,50.2612,-1.77026  ,50.3001,-2.17049  ,50.3055,-2.57157  ,50.2657,-2.97175   ,50.1698,-3.44833   ,50.0544,-3.84132  ,49.911 ,-4.22992   ,49.7471,-4.61475  ,49.54  ,-4.98919  ,49.0714,-5.27082  ,48.9804,-4.77404  ,49.0669,-4.40174  ,49.1588,-4.03015   ,49.257 ,-3.65937  ,49.3429,-3.28701  ,49.4391,-2.83953   ,49.4796,-2.46351  ,49.493 ,-2.08655  ,49.493 ,-1.70933  ,49.5291,-1.33509  ,49.6968,3.10731   ,-1.40094   ,577,129459,54.6813,10.3328,133.255,0
2039,49.8507,-0.950726 ,49.8624,-1.43118   ,49.8805,-1.82019 ,49.8967,-2.21004  ,49.8802,-2.67791  ,49.8309,-3.06643  ,49.7401,-3.45125   ,49.6306,-3.83364  ,49.4825,-4.28998  ,49.3471,-4.66766    ,49.1913,-5.03621  ,49.0209,-5.37174  ,49.8507,-0.950726 ,50.192 ,-1.37333   ,50.2553,-1.77272  ,50.2939,-2.17377  ,50.2992,-2.65606  ,50.2526,-3.05667   ,50.1681,-3.45417   ,50.046 ,-3.84711  ,49.8722,-4.31413   ,49.7024,-4.69866  ,49.4872,-5.06863  ,49.0209,-5.37174  ,48.9612,-4.85941  ,49.0473,-4.48601  ,49.1395,-4.11337   ,49.2672,-3.66843  ,49.3539,-3.29508  ,49.4327,-2.92098   ,49.4734,-2.54393  ,49.493 ,-2.09035  ,49.493 ,-1.71208  ,49.5287,-1.33668  ,49.6845,3.14694   ,-1.39347   ,583,131538,56.0721,10.221 ,135.255,0
2040,49.7933,-1.00111  ,49.8578,-1.4645    ,49.8806,-1.84766 ,49.8977,-2.30872  ,49.8792,-2.69288  ,49.8233,-3.0752   ,49.7126,-3.5299    ,49.6042,-3.90666  ,49.4876,-4.28205  ,49.3275,-4.72869    ,49.1697,-5.09281  ,48.9891,-5.41561  ,49.7933,-1.00111  ,50.1799,-1.37663   ,50.2555,-1.77401  ,50.3004,-2.2547   ,50.2992,-2.65614  ,50.2526,-3.05619   ,50.1439,-3.53164   ,50.0171,-3.9232   ,49.8789,-4.31293   ,49.6741,-4.77345  ,49.4557,-5.14596  ,48.9891,-5.41561  ,48.9523,-4.89825  ,49.0358,-4.53548  ,49.1428,-4.10102   ,49.233 ,-3.73912  ,49.3221,-3.37707  ,49.423 ,-2.94183   ,49.4709,-2.57603  ,49.4931,-2.20898  ,49.4928,-1.768    ,49.5218,-1.40377  ,49.6743,3.20134   ,-1.38848   ,587,132039,56.1702,10.2715,135.255,0
2041,49.8186,-1.14649  ,49.8545,-1.5524    ,49.8754,-2.01918 ,49.8841,-2.40983  ,49.8573,-2.80025  ,49.7868,-3.18814  ,49.697 ,-3.57412   ,49.5905,-3.95789  ,49.4689,-4.33935  ,49.3337,-4.71782    ,49.1859,-5.0908   ,49.0298,-5.43808  ,49.8186,-1.14649  ,50.1658,-1.48482   ,50.2513,-1.96464  ,50.2852,-2.36772  ,50.2851,-2.77109  ,50.2284,-3.17276   ,50.1328,-3.57086   ,50.0128,-3.96572  ,49.8691,-4.35681   ,49.6912,-4.74139  ,49.4858,-5.11903  ,49.0298,-5.43808  ,48.9464,-4.91689  ,49.0331,-4.54332  ,49.12  ,-4.16976   ,49.213 ,-3.79682  ,49.2998,-3.42325  ,49.3799,-3.049     ,49.4488,-2.6736   ,49.4821,-2.29576  ,49.493 ,-1.91738  ,49.5342,-1.46935  ,49.6633,3.28018   ,-1.38239   ,567,128359,54.3457,10.517 ,130.426,0
2042,49.8123,-1.27601  ,49.857 ,-1.67203   ,49.8688,-2.13014 ,49.8642,-2.4718   ,49.8368,-2.867    ,49.7731,-3.28533  ,49.6851,-3.65872   ,49.5718,-4.05719  ,49.445 ,-4.43715  ,49.2969,-4.81632    ,49.1603,-5.15973  ,49.0096,-5.51793  ,49.8123,-1.27601  ,50.1581,-1.62431   ,50.2612,-2.09098  ,50.2871,-2.44526  ,50.2756,-2.86338  ,50.2087,-3.30991   ,50.1069,-3.70592   ,49.9732,-4.11813  ,49.8269,-4.50608   ,49.6412,-4.87216  ,49.442 ,-5.20231  ,49.0096,-5.51793  ,48.9159,-5.02019  ,48.9916,-4.66318  ,49.0972,-4.27506   ,49.1997,-3.89864  ,49.2903,-3.50872  ,49.3594,-3.1475    ,49.4107,-2.74288  ,49.4455,-2.36243  ,49.4755,-2.03286  ,49.5493,-1.60185  ,49.6538,3.37035   ,-1.37186   ,537,121326,53.7756,10.7096,126.083,0
2043,49.8271,-1.50715  ,49.8257,-1.90303   ,49.8238,-2.32931 ,49.8128,-2.7004   ,49.7889,-3.05665  ,49.7375,-3.43566  ,49.6459,-3.80234   ,49.5192,-4.17014  ,49.3863,-4.54139  ,49.2551,-4.88234    ,49.1101,-5.22029  ,48.9371,-5.53527  ,49.8271,-1.50715  ,50.0901,-1.91166   ,50.1718,-2.38888  ,50.1954,-2.81117  ,50.1878,-3.21642  ,50.1392,-3.63527   ,50.0369,-4.01613   ,49.8895,-4.3695   ,49.7298,-4.70961   ,49.5577,-5.01486  ,49.3482,-5.31586  ,48.9371,-5.53527  ,48.9144,-5.03191  ,48.9919,-4.65118  ,49.0772,-4.27814   ,49.1811,-3.87991  ,49.2844,-3.49184  ,49.3567,-3.11858   ,49.4021,-2.75915  ,49.4365,-2.44202  ,49.4777,-2.12212  ,49.5609,-1.7649   ,49.6341,3.47342   ,-1.35616   ,514,116416,51.3602,11.5   ,121.255,0
2044,49.8328,-1.55564  ,49.8374,-1.98817   ,49.8314,-2.33669 ,49.8177,-2.70344  ,49.7933,-3.06196  ,49.7443,-3.45038  ,49.6565,-3.82779   ,49.5324,-4.20145  ,49.4119,-4.52896  ,49.2707,-4.8738     ,49.114 ,-5.21655  ,48.9365,-5.53516  ,49.8328,-1.55564  ,50.1253,-1.98242   ,50.1837,-2.37016  ,50.2034,-2.78519  ,50.1941,-3.18986  ,50.148 ,-3.61687   ,50.0522,-4.01103   ,49.9172,-4.37994  ,49.7789,-4.68846   ,49.5916,-5.00239  ,49.3588,-5.31105  ,48.9365,-5.53516  ,48.9143,-5.028    ,48.9927,-4.64524  ,49.0814,-4.27372   ,49.1801,-3.93145  ,49.2892,-3.54525  ,49.3603,-3.16282   ,49.4042,-2.79441  ,49.4391,-2.47475  ,49.4824,-2.15884  ,49.5508,-1.86529  ,49.6374,3.51603   ,-1.35185   ,509,114175,50.8304,11.151 ,119.841,0
2045,49.8778,-1.57611  ,49.8954,-1.97495   ,49.8739,-2.38399 ,49.8457,-2.75509  ,49.8085,-3.12366  ,49.761 ,-3.46171  ,49.6697,-3.85377   ,49.5381,-4.22527  ,49.4198,-4.55091  ,49.2779,-4.89688    ,49.1009,-5.25058  ,48.9163,-5.54863  ,49.8778,-1.57611  ,50.2493,-1.94319   ,50.2792,-2.39896  ,50.2616,-2.81739  ,50.2217,-3.22713  ,50.1664,-3.59343   ,50.0656,-4.00545   ,49.9207,-4.37283  ,49.7879,-4.68192   ,49.6085,-5.00199  ,49.3483,-5.33262  ,48.9163,-5.54863  ,48.9062,-5.07015  ,48.9932,-4.69042  ,49.0866,-4.32453   ,49.1891,-3.98696  ,49.3037,-3.60132  ,49.3767,-3.20183   ,49.4115,-2.87586  ,49.4425,-2.54304  ,49.4776,-2.22451  ,49.5454,-1.88627  ,49.6444,3.53338   ,-1.34999   ,508,114060,51.0015,10.8302,119.841,0
2046,49.9708,-1.5677   ,49.9245,-2.00276   ,49.88  ,-2.39163 ,49.8425,-2.75396  ,49.8041,-3.12822  ,49.7586,-3.48185  ,49.6874,-3.85249   ,49.5804,-4.22112  ,49.4307,-4.60299  ,49.2659,-4.95148    ,49.1018,-5.26548  ,48.9121,-5.57191  ,49.9708,-1.5677   ,50.2846,-1.99636   ,50.27  ,-2.40491  ,50.2428,-2.80452  ,50.2069,-3.21108  ,50.1585,-3.58312   ,50.0802,-3.95787   ,49.9648,-4.32034  ,49.8138,-4.70637   ,49.6191,-5.04815  ,49.3887,-5.34884  ,48.9121,-5.57191  ,48.8709,-5.0794   ,48.9642,-4.75138  ,49.0888,-4.40462   ,49.2293,-4.02234  ,49.3213,-3.63209  ,49.3788,-3.24508   ,49.4173,-2.89685  ,49.457 ,-2.5548   ,49.5051,-2.24053  ,49.5783,-1.89277  ,49.6464,3.57349   ,-1.34336   ,513,115988,51.4943,10.4233,121.841,0
2047,49.9623,-1.60581  ,49.9341,-1.98914   ,49.8878,-2.41419 ,49.8491,-2.79207  ,49.8052,-3.16212  ,49.743 ,-3.56856  ,49.6633,-3.91822   ,49.5546,-4.28086  ,49.429 ,-4.6185   ,49.2516,-5.00213    ,49.0966,-5.30426  ,48.9166,-5.62888  ,49.9623,-1.60581  ,50.2464,-1.93303   ,50.2752,-2.39991  ,50.2547,-2.82698  ,50.2117,-3.24249  ,50.1427,-3.68378   ,50.0554,-4.04529   ,49.9363,-4.3981   ,49.8046,-4.7257    ,49.6082,-5.09934  ,49.4017,-5.39261  ,48.9166,-5.62888  ,48.8438,-5.1159   ,48.9438,-4.80578  ,49.0924,-4.41754   ,49.2053,-4.06313  ,49.2999,-3.68154  ,49.3662,-3.32565   ,49.4172,-2.93696  ,49.4596,-2.60579  ,49.5157,-2.27995  ,49.6366,-1.91835  ,49.6341,3.62468   ,-1.34038   ,515,117588,51.6085,10.4874,121.255,0
2048,49.8241,-1.66903  ,49.8511,-2.09089   ,49.8487,-2.47098 ,49.8295,-2.86551  ,49.7932,-3.24413  ,49.7258,-3.64897  ,49.6305,-3.98842   ,49.5008,-4.34072  ,49.3495,-4.73877  ,49.2007,-5.09743    ,49.0556,-5.4154   ,48.8751,-5.75644  ,49.8241,-1.66903  ,50.1309,-2.04854   ,50.1957,-2.4771   ,50.2096,-2.933    ,50.1876,-3.36439  ,50.1236,-3.80571   ,50.0232,-4.15345   ,49.8846,-4.49746  ,49.7232,-4.88207   ,49.5505,-5.21716  ,49.3572,-5.51354  ,48.8751,-5.75644  ,48.8032,-5.21238  ,48.8971,-4.87288  ,49.0144,-4.49524   ,49.1545,-4.08464  ,49.273 ,-3.71799  ,49.3545,-3.36652   ,49.4159,-2.97724  ,49.4601,-2.64124  ,49.5054,-2.30811  ,49.5676,-1.99223  ,49.6   ,3.72435   ,-1.32861   ,529,119254,52.3356,10.8622,126.083,0
2049,49.8817,-1.75521  ,49.8624,-2.20704   ,49.8429,-2.57178 ,49.8054,-3.02524  ,49.7608,-3.38349  ,49.6858,-3.76369  ,49.5499,-4.19032   ,49.4175,-4.53773  ,49.2628,-4.92898  ,49.1191,-5.28688    ,48.9316,-5.65401  ,48.7038,-5.94678  ,49.8817,-1.75521  ,50.183 ,-2.20487   ,50.219 ,-2.6057   ,50.2023,-3.10775  ,50.1584,-3.49807  ,50.0809,-3.90976   ,49.9401,-4.36007   ,49.7955,-4.71203  ,49.6207,-5.09622   ,49.452 ,-5.43492  ,49.1998,-5.77883  ,48.7038,-5.94678  ,48.7228,-5.42885  ,48.831 ,-5.03327  ,48.9436,-4.66339   ,49.0776,-4.26468  ,49.197 ,-3.92012  ,49.3191,-3.49929   ,49.3833,-3.13057  ,49.4234,-2.79354  ,49.4758,-2.3871   ,49.5485,-2.07456  ,49.5488,3.86747   ,-1.31721   ,544,121726,54.3619,10.613 ,126.669,0
2050,49.8766,-1.90761  ,49.8415,-2.34139   ,49.8152,-2.74899 ,49.7705,-3.17919  ,49.7053,-3.59772  ,49.6137,-3.96148  ,49.4855,-4.33887   ,49.3302,-4.75738  ,49.1877,-5.11125  ,49.0361,-5.47501    ,48.8532,-5.86767  ,48.6577,-6.20173  ,49.8766,-1.90761  ,50.1663,-2.33447   ,50.2026,-2.76772  ,50.1749,-3.22087  ,50.1138,-3.68135  ,50.0175,-4.07261   ,49.8839,-4.46646   ,49.7163,-4.89284  ,49.5494,-5.23451   ,49.3737,-5.58259  ,49.1247,-5.95603  ,48.6577,-6.20173  ,48.6366,-5.66839  ,48.7452,-5.25914  ,48.867 ,-4.88745   ,48.984 ,-4.51877  ,49.1252,-4.10598  ,49.2434,-3.73637   ,49.3222,-3.38101  ,49.3835,-2.99267  ,49.4388,-2.59082  ,49.5257,-2.22009  ,49.4863,4.05345   ,-1.30039   ,547,123998,55.4042,10.3839,128.326,0
2051,49.7822,-2.12785  ,49.7923,-2.58469   ,49.7738,-2.96259 ,49.7356,-3.34507  ,49.6613,-3.75638  ,49.563 ,-4.10849  ,49.4293,-4.47654   ,49.2694,-4.88839  ,49.1227,-5.26235  ,48.9843,-5.58713    ,48.782 ,-5.96088  ,48.5688,-6.24667  ,49.7822,-2.12785  ,50.1119,-2.52207   ,50.1459,-2.94712  ,50.1328,-3.39356  ,50.0722,-3.86926  ,49.9763,-4.24869   ,49.8357,-4.61649   ,49.661 ,-5.01553  ,49.49  ,-5.37778   ,49.3192,-5.69006  ,49.0565,-6.05367  ,48.5688,-6.24667  ,48.5703,-5.76467  ,48.6992,-5.37603  ,48.7989,-5.03867   ,48.9183,-4.65738  ,49.0618,-4.23304  ,49.1852,-3.85759   ,49.2789,-3.51531  ,49.3573,-3.14765  ,49.4117,-2.82266  ,49.4759,-2.50679  ,49.4419,4.20237   ,-1.28114   ,534,121409,53.6557,10.8238,126.326,0
2052,49.8301,-2.29722  ,49.7948,-2.69996   ,49.7676,-3.04214 ,49.7205,-3.46719  ,49.6647,-3.79409  ,49.5561,-4.18384  ,49.4179,-4.51741   ,49.2841,-4.85611  ,49.1535,-5.20932  ,49.0191,-5.51731    ,48.8444,-5.88232  ,48.693 ,-6.18338  ,49.8301,-2.29722  ,50.1172,-2.70384   ,50.1438,-3.0939   ,50.1201,-3.57472  ,50.0685,-3.93083  ,49.9596,-4.33652   ,49.8239,-4.67602   ,49.6808,-5.00185  ,49.5355,-5.33463   ,49.3719,-5.62213  ,49.1401,-5.96778  ,48.693 ,-6.18338  ,48.5985,-5.69367  ,48.7143,-5.30884  ,48.812 ,-4.98303   ,48.9227,-4.60974  ,49.0533,-4.26635  ,49.1878,-3.92867   ,49.286 ,-3.53282  ,49.3393,-3.22081  ,49.4034,-2.84851  ,49.4823,-2.57109  ,49.4399,4.25706   ,-1.27433   ,514,116384,50.1838,10.7676,119.255,0
2053,49.8575,-2.40651  ,49.7914,-2.81261   ,49.7565,-3.14444 ,49.7037,-3.54482  ,49.6314,-3.91454  ,49.5363,-4.23873  ,49.4074,-4.58159   ,49.2576,-4.96837  ,49.1265,-5.30967  ,48.9926,-5.60908    ,48.815 ,-5.97755  ,48.6876,-6.28433  ,49.8575,-2.40651  ,50.0985,-2.83834   ,50.1258,-3.21385  ,50.1019,-3.66332  ,50.0372,-4.05888  ,49.9419,-4.38734   ,49.8181,-4.73321   ,49.6573,-5.09895  ,49.5065,-5.4032    ,49.3522,-5.68046  ,49.1089,-6.03085  ,48.6876,-6.28433  ,48.5706,-5.81951  ,48.6816,-5.43553  ,48.7859,-5.11853   ,48.895 ,-4.74082  ,49.0339,-4.33297  ,49.1654,-3.98794   ,49.2527,-3.65269  ,49.3255,-3.29627  ,49.4013,-2.93888  ,49.4997,-2.66412  ,49.4239,4.34453   ,-1.26654   ,502,113695,50.0392,10.8338,116.912,0
2054,49.8398,-2.4741   ,49.778 ,-2.90976   ,49.7429,-3.24062 ,49.6866,-3.64055  ,49.6087,-4.00676  ,49.4925,-4.37749  ,49.3677,-4.72589   ,49.2424,-5.07076  ,49.0994,-5.41781  ,48.9162,-5.78597    ,48.737 ,-6.09622  ,48.5508,-6.39349  ,49.8398,-2.4741   ,50.111 ,-2.93836   ,50.1208,-3.30685  ,50.0831,-3.74467  ,50.0122,-4.13969  ,49.8969,-4.5186    ,49.7699,-4.85972   ,49.6405,-5.19105  ,49.482 ,-5.51868   ,49.243 ,-5.87084  ,48.9926,-6.17502  ,48.5508,-6.39349  ,48.5408,-5.91852  ,48.6467,-5.59429  ,48.7622,-5.21568   ,48.8806,-4.85205  ,49.0016,-4.49351  ,49.1231,-4.13495   ,49.2344,-3.75879  ,49.3112,-3.40571  ,49.3805,-3.03959  ,49.4582,-2.75685  ,49.4041,4.41684   ,-1.25848   ,507,114160,51.1789,10.6223,119.497,0
2055,49.9747,-2.49264  ,49.8371,-2.88099   ,49.7493,-3.25599 ,49.6783,-3.65796  ,49.6177,-3.98738  ,49.5307,-4.35062  ,49.3954,-4.7161    ,49.2513,-5.06249  ,49.1037,-5.41533  ,48.9161,-5.79885    ,48.7236,-6.11823  ,48.5316,-6.38594  ,49.9747,-2.49264  ,50.1913,-2.93809   ,50.133 ,-3.32759  ,50.0648,-3.75434  ,50.0078,-4.10569  ,49.925 ,-4.48308   ,49.7914,-4.85153   ,49.6472,-5.19633  ,49.4858,-5.52749   ,49.2444,-5.89309  ,48.9764,-6.20426  ,48.5316,-6.38594  ,48.5368,-5.93111  ,48.6479,-5.59355  ,48.7664,-5.19878   ,48.8969,-4.83071  ,49.0403,-4.48021  ,49.169 ,-4.10397   ,49.2525,-3.73965  ,49.3148,-3.42693  ,49.3916,-3.05346  ,49.5181,-2.71148  ,49.4139,4.42483   ,-1.25483   ,508,113437,51.4046,10.372 ,120.326,0
2056,49.9414,-2.53164  ,49.8291,-2.93281   ,49.7478,-3.31852 ,49.6721,-3.70266  ,49.5903,-4.06615  ,49.5021,-4.41421  ,49.383 ,-4.79174   ,49.2419,-5.1306   ,49.099 ,-5.4709   ,48.8988,-5.83322    ,48.6718,-6.14063  ,48.4458,-6.38857  ,49.9414,-2.53164  ,50.1841,-2.98436   ,50.1398,-3.38928  ,50.061 ,-3.79359  ,49.9788,-4.17932  ,49.8897,-4.53464   ,49.7712,-4.91789   ,49.6251,-5.25263  ,49.4712,-5.57383   ,49.2258,-5.93536  ,48.9076,-6.2531   ,48.4458,-6.38857  ,48.5134,-5.92986  ,48.6401,-5.62592  ,48.7707,-5.268     ,48.8994,-4.91382  ,49.0321,-4.56299  ,49.1454,-4.18034   ,49.2298,-3.83404  ,49.3091,-3.4865   ,49.3814,-3.11716  ,49.505 ,-2.76108  ,49.4074,4.44973   ,-1.2532    ,513,115346,51.5005,10.1145,122.811,0
2057,49.9525,-2.53209  ,49.8358,-2.95875   ,49.7477,-3.35001 ,49.6664,-3.73615  ,49.5821,-4.10634  ,49.4932,-4.46337  ,49.3699,-4.84431   ,49.233 ,-5.20195  ,49.072 ,-5.55094  ,48.8679,-5.90665    ,48.6446,-6.19851  ,48.3583,-6.46211  ,49.9525,-2.53209  ,50.1824,-2.9935    ,50.1323,-3.41598  ,50.0527,-3.83366  ,49.9708,-4.22893  ,49.8832,-4.59425   ,49.7581,-4.9746    ,49.6177,-5.32705  ,49.4454,-5.67235   ,49.1947,-6.03092  ,48.8925,-6.32042  ,48.3583,-6.46211  ,48.4761,-5.98497  ,48.6063,-5.68047  ,48.7491,-5.32886   ,48.8894,-4.97668  ,49.0192,-4.60941  ,49.1347,-4.21686   ,49.2218,-3.86183  ,49.3076,-3.5123   ,49.3909,-3.15294  ,49.5212,-2.79899  ,49.3906,4.50919   ,-1.24911   ,526,117185,53.0016,10.2809,125.397,0
2058,49.9846,-2.49082  ,49.8383,-2.92643   ,49.7473,-3.31176 ,49.6859,-3.65038  ,49.6095,-4.0433   ,49.5   ,-4.45504  ,49.3667,-4.82442   ,49.2217,-5.17507  ,49.0433,-5.58478  ,48.8701,-5.89651    ,48.6134,-6.25481  ,48.3735,-6.51373  ,49.9846,-2.49082  ,50.1741,-2.96128   ,50.1097,-3.35406  ,50.0557,-3.71686  ,49.9871,-4.13699  ,49.8894,-4.5677    ,49.7577,-4.9332    ,49.6127,-5.27293  ,49.4286,-5.6751    ,49.2258,-5.99407  ,48.8868,-6.3626   ,48.3735,-6.51373  ,48.4174,-6.04876  ,48.579 ,-5.69546  ,48.7074,-5.39033   ,48.8725,-4.97737  ,49.0152,-4.61276  ,49.1452,-4.23107   ,49.2587,-3.823    ,49.3399,-3.44812  ,49.412 ,-3.13663  ,49.5373,-2.77187  ,49.365 ,4.56421   ,-1.24098   ,522,119071,53.9217,10.0173,127.64 ,0
2059,50.0437,-2.60255  ,49.8324,-2.99665   ,49.7282,-3.40189 ,49.6612,-3.74725  ,49.5811,-4.15023  ,49.4603,-4.56825  ,49.3113,-4.94014   ,49.1503,-5.29386  ,48.9851,-5.64921  ,48.7903,-6.01922    ,48.5232,-6.37656  ,48.2693,-6.61369  ,50.0437,-2.60255  ,50.1595,-3.09584   ,50.0813,-3.52603  ,50.0199,-3.90135  ,49.9449,-4.32737  ,49.8286,-4.75358   ,49.6796,-5.12243   ,49.5143,-5.46605  ,49.3427,-5.80887   ,49.1178,-6.17295  ,48.7623,-6.52014  ,48.2693,-6.61369  ,48.367 ,-6.13813  ,48.5256,-5.75882  ,48.676 ,-5.38552   ,48.8333,-5.02219  ,48.9875,-4.65453  ,49.1312,-4.27143   ,49.2459,-3.8428   ,49.3285,-3.45558  ,49.4041,-3.13927  ,49.5513,-2.77273  ,49.331 ,4.63478   ,-1.23266   ,540,121989,54.6969,10.4318,130.225,0
2060,49.932 ,-2.64125  ,49.7973,-3.08263   ,49.7199,-3.45189 ,49.632 ,-3.89105  ,49.5316,-4.29518  ,49.412 ,-4.6609   ,49.2504,-5.05533   ,49.0811,-5.43868  ,48.8925,-5.82149  ,48.6843,-6.19382    ,48.5089,-6.52372  ,48.3278,-6.89006  ,49.932 ,-2.64125  ,50.1289,-3.11776   ,50.0859,-3.53138  ,50.0055,-4.02087  ,49.9105,-4.45435  ,49.7876,-4.81863   ,49.6268,-5.21502   ,49.4515,-5.59222  ,49.2424,-5.96756   ,49.0089,-6.34389  ,48.788 ,-6.63709  ,48.3278,-6.89006  ,48.2851,-6.29655  ,48.4205,-5.93697  ,48.6002,-5.56739   ,48.7604,-5.17614  ,48.9215,-4.78509  ,49.0788,-4.38506   ,49.1894,-4.00811  ,49.2884,-3.61805  ,49.3829,-3.22322  ,49.5011,-2.9054   ,49.2771,4.76227   ,-1.21909   ,554,125915,56.0431,10.4001,132.569,0
2061,49.9667,-2.73722  ,49.7933,-3.13404   ,49.6908,-3.5696  ,49.5901,-3.98356  ,49.4813,-4.36998  ,49.3405,-4.7956   ,49.1805,-5.1919    ,49.0007,-5.56967  ,48.8066,-5.94952  ,48.6209,-6.34549    ,48.4558,-6.72097  ,48.2985,-7.10818  ,49.9667,-2.73722  ,50.1139,-3.20224   ,50.0536,-3.70327  ,49.9653,-4.1689   ,49.8584,-4.56401  ,49.718 ,-4.98625   ,49.557 ,-5.3767    ,49.3711,-5.74307  ,49.1534,-6.1163    ,48.9445,-6.4932   ,48.7263,-6.833    ,48.2985,-7.10818  ,48.2384,-6.47934  ,48.3526,-6.07983  ,48.5135,-5.67439   ,48.6832,-5.28682  ,48.8533,-4.89875  ,49.0056,-4.48697   ,49.1412,-4.04934  ,49.2499,-3.66514  ,49.3603,-3.29116  ,49.5149,-2.92938  ,49.2213,4.89081   ,-1.21594   ,573,128858,57.5912,10.8265,133.397,0
2062,49.8066,-2.93272  ,49.7115,-3.36902   ,49.647 ,-3.7132  ,49.5582,-4.10395  ,49.4365,-4.51974  ,49.3172,-4.84821  ,49.1663,-5.21369   ,49.0076,-5.56758  ,48.84  ,-5.91546  ,48.6634,-6.28412    ,48.5155,-6.68845  ,48.4413,-7.01645  ,49.8066,-2.93272  ,50.0355,-3.40712   ,50.0276,-3.80256  ,49.9548,-4.23652  ,49.8312,-4.66352  ,49.7149,-4.99444   ,49.565 ,-5.35682   ,49.3989,-5.69606  ,49.2265,-6.03299   ,49.0266,-6.38307  ,48.824 ,-6.74816  ,48.4413,-7.01645  ,48.2413,-6.50989  ,48.3495,-6.07602  ,48.503 ,-5.69748   ,48.6622,-5.33877  ,48.8121,-4.96802  ,48.9612,-4.5955    ,49.0782,-4.2613   ,49.1939,-3.84585  ,49.2929,-3.48789  ,49.4136,-3.19452  ,49.1966,4.97801   ,-1.21243   ,557,126028,53.055 ,10.4904,127.74 ,0
2063,49.8799,-3.06502  ,49.7305,-3.44576   ,49.6247,-3.83585 ,49.5256,-4.21756  ,49.397 ,-4.63518  ,49.2702,-4.96624  ,49.111 ,-5.34802   ,48.935 ,-5.72466  ,48.7619,-6.08674  ,48.6034,-6.41922    ,48.4704,-6.78283  ,48.3983,-7.16115  ,49.8799,-3.06502  ,50.0472,-3.50069   ,49.9967,-3.9359   ,49.9091,-4.35054  ,49.7906,-4.78504  ,49.6681,-5.11577   ,49.5087,-5.49296   ,49.316 ,-5.8703   ,49.1329,-6.22012   ,48.9462,-6.52928  ,48.7545,-6.84623  ,48.3983,-7.16115  ,48.221 ,-6.59488  ,48.3138,-6.19439  ,48.4406,-5.8473    ,48.6047,-5.47524  ,48.7612,-5.09337  ,48.9155,-4.70789   ,49.0427,-4.37027  ,49.1761,-3.96034  ,49.2847,-3.60461  ,49.456 ,-3.26738  ,49.1683,5.0796    ,-1.203     ,537,120693,53.6172,10.4985,126.811,0
2064,49.898 ,-3.33854  ,49.6689,-3.73306   ,49.569 ,-4.05571 ,49.4698,-4.43334  ,49.3371,-4.83883  ,49.1869,-5.21911  ,49.0214,-5.57735   ,48.854 ,-5.93629  ,48.6946,-6.26431  ,48.5257,-6.61253    ,48.4165,-6.99114  ,48.3581,-7.36149  ,49.898 ,-3.33854  ,49.9999,-3.84305   ,49.9353,-4.19064  ,49.8444,-4.5937   ,49.7255,-5.01981  ,49.5825,-5.40271   ,49.4133,-5.7489    ,49.2415,-6.09157  ,49.0553,-6.39871   ,48.8308,-6.72129  ,48.6506,-7.03634  ,48.3581,-7.36149  ,48.2087,-6.81801  ,48.2713,-6.38265  ,48.391 ,-6.01864   ,48.5156,-5.67649  ,48.6759,-5.303    ,48.8381,-4.93194   ,48.9878,-4.54414  ,49.1301,-4.15214  ,49.2363,-3.78967  ,49.3897,-3.50178  ,49.1249,5.23845   ,-1.19958   ,524,117250,53.1587,10.8014,123.983,0
2065,49.9058,-3.43189  ,49.654 ,-3.7458    ,49.5265,-4.14921 ,49.4312,-4.50554  ,49.3304,-4.84949  ,49.1969,-5.22447  ,49.0376,-5.57534   ,48.8614,-5.9468   ,48.7162,-6.26524  ,48.5468,-6.64752    ,48.4435,-6.98245  ,48.3385,-7.34461  ,49.9058,-3.43189  ,49.9894,-3.89523   ,49.8845,-4.31319  ,49.8014,-4.68214  ,49.714 ,-5.03008  ,49.5879,-5.39306   ,49.4323,-5.72804   ,49.2557,-6.0759   ,49.103 ,-6.35593   ,48.8882,-6.7017   ,48.698 ,-7.02456  ,48.3385,-7.34461  ,48.2179,-6.83129  ,48.25  ,-6.48067  ,48.3786,-6.06948   ,48.5176,-5.71043  ,48.6905,-5.32063  ,48.8472,-4.95332   ,48.9814,-4.55637  ,49.0935,-4.21187  ,49.2   ,-3.86489  ,49.37  ,-3.49809  ,49.1167,5.27484   ,-1.20709   ,517,114467,52.089 ,10.6996,123.397,0
2066,49.9428,-3.54533  ,49.6686,-3.81296   ,49.4954,-4.16191 ,49.392 ,-4.49659  ,49.2812,-4.90356  ,49.183 ,-5.24694  ,49.0703,-5.5669    ,48.9073,-5.90149  ,48.7331,-6.25018  ,48.5582,-6.62153    ,48.4437,-6.94782  ,48.3505,-7.27631  ,49.9428,-3.54533  ,49.9858,-3.97577   ,49.8456,-4.3298   ,49.7507,-4.66873  ,49.657 ,-5.08563  ,49.5648,-5.42006   ,49.4567,-5.72679   ,49.3021,-6.05141  ,49.1088,-6.37626   ,48.8917,-6.71652  ,48.7124,-7.01294  ,48.3505,-7.27631  ,48.2045,-6.77576  ,48.2738,-6.4181   ,48.4069,-6.02118   ,48.5615,-5.65674  ,48.7252,-5.3058   ,48.835 ,-4.96116   ,48.9372,-4.60542  ,49.0654,-4.20911  ,49.1848,-3.8885   ,49.4188,-3.56326  ,49.1055,5.30507   ,-1.21019   ,506,113580,50.3434,10.6119,120.569,0
2067,49.9124,-3.47188  ,49.6861,-3.78765   ,49.5178,-4.15749 ,49.3828,-4.53907  ,49.2772,-4.88094  ,49.1766,-5.23072  ,49.0494,-5.62397   ,48.8938,-5.98922  ,48.7332,-6.29817  ,48.5352,-6.68282    ,48.4368,-6.99553  ,48.3644,-7.36647  ,49.9124,-3.47188  ,50.0078,-3.93528   ,49.8656,-4.3152   ,49.7394,-4.71548  ,49.6436,-5.07125  ,49.551 ,-5.43202   ,49.4184,-5.8148    ,49.2563,-6.14954  ,49.0981,-6.43888   ,48.8545,-6.80421  ,48.692 ,-7.06919  ,48.3644,-7.36647  ,48.2128,-6.7938   ,48.2664,-6.44359  ,48.425 ,-6.05393   ,48.5797,-5.72586  ,48.72  ,-5.32514  ,48.836 ,-4.91326   ,48.9447,-4.57459  ,49.0638,-4.25251  ,49.2106,-3.89098  ,49.4242,-3.54235  ,49.1017,5.33345   ,-1.20959   ,513,114913,51.7584,10.8342,122.569,0
2068,49.9125,-3.4745   ,49.6508,-3.82471   ,49.5136,-4.14285 ,49.3839,-4.53509  ,49.2724,-4.89004  ,49.1663,-5.24844  ,49.0611,-5.59043   ,48.9174,-5.96864  ,48.7446,-6.31841  ,48.5622,-6.68487    ,48.4208,-7.03235  ,48.3318,-7.34899  ,49.9125,-3.4745   ,49.9825,-3.96219   ,49.8588,-4.2768   ,49.7457,-4.6853   ,49.6539,-5.03413  ,49.5644,-5.38367   ,49.4614,-5.71258   ,49.3069,-6.0701   ,49.1236,-6.41691   ,48.9208,-6.7649   ,48.7165,-7.08443  ,48.3318,-7.34899  ,48.1651,-6.86404  ,48.2578,-6.49442  ,48.4154,-6.12097   ,48.5735,-5.76245  ,48.697 ,-5.35652  ,48.8028,-4.99565   ,48.9282,-4.62582  ,49.0592,-4.27067  ,49.207 ,-3.89854  ,49.3776,-3.59     ,49.095 ,5.35638   ,-1.21419   ,517,116523,51.6394,10.4833,123.983,0
2069,49.9326,-3.54017  ,49.6353,-3.8455    ,49.4919,-4.1898  ,49.3549,-4.60176  ,49.2465,-4.97012  ,49.1321,-5.32749  ,49.013 ,-5.67671   ,48.8645,-6.07177  ,48.7254,-6.39695  ,48.5431,-6.79135    ,48.4026,-7.15684  ,48.3028,-7.48655  ,49.9326,-3.54017  ,49.9413,-4.0037    ,49.8211,-4.35468  ,49.7013,-4.78684  ,49.6085,-5.17018  ,49.5013,-5.5276    ,49.3867,-5.87106   ,49.2408,-6.25318  ,49.0936,-6.55196   ,48.8822,-6.91144  ,48.6888,-7.23204  ,48.3028,-7.48655  ,48.1567,-6.96039  ,48.2569,-6.55333  ,48.406 ,-6.13464   ,48.5314,-5.77875  ,48.6798,-5.3671   ,48.8019,-5.00972   ,48.9211,-4.64811  ,49.0462,-4.29635  ,49.2023,-3.90673  ,49.3962,-3.58558  ,49.0661,5.43257   ,-1.22523   ,528,117998,52.8861,10.6724,127.397,0
2070,49.7423,-3.47787  ,49.6007,-3.89693   ,49.4724,-4.24153 ,49.3332,-4.65644  ,49.2274,-5.02787  ,49.1142,-5.3841   ,48.9673,-5.78829   ,48.826 ,-6.13284  ,48.67  ,-6.52546  ,48.5424,-6.87625    ,48.4178,-7.2543   ,48.3125,-7.63221  ,49.7423,-3.47787  ,49.9319,-3.97411   ,49.8239,-4.3439   ,49.6978,-4.7846   ,49.6061,-5.17726  ,49.4989,-5.53867   ,49.3562,-5.94564   ,49.2044,-6.29635  ,49.0309,-6.6775    ,48.8948,-7.00153  ,48.7303,-7.33069  ,48.3125,-7.63221  ,48.1441,-7.05137  ,48.2326,-6.62928  ,48.3526,-6.26199   ,48.494 ,-5.85446  ,48.6238,-5.51652  ,48.7681,-5.11243   ,48.8849,-4.75654  ,49.0048,-4.40502  ,49.1649,-4.02582  ,49.3081,-3.70168  ,49.0368,5.52369   ,-1.23079   ,544,121189,53.9229,10.4108,128.569,0
2071,49.8624,-3.60251  ,49.5819,-3.986     ,49.4349,-4.34287 ,49.3141,-4.72083  ,49.181 ,-5.17351  ,49.0571,-5.5456   ,48.8912,-5.95053   ,48.7604,-6.31248  ,48.6371,-6.68524  ,48.4868,-7.12878    ,48.3394,-7.52672  ,48.2158,-7.86144  ,49.8624,-3.60251  ,49.8938,-4.13133   ,49.7662,-4.51113  ,49.6603,-4.91298  ,49.5419,-5.38316  ,49.4229,-5.75755   ,49.2545,-6.1521    ,49.1184,-6.50126  ,48.9872,-6.85479   ,48.8223,-7.25594  ,48.6297,-7.59572  ,48.2158,-7.86144  ,48.0985,-7.32614  ,48.1966,-6.87143  ,48.3287,-6.39159   ,48.4437,-6.00006  ,48.576 ,-5.63402  ,48.7346,-5.21262   ,48.8592,-4.8361   ,49.0059,-4.39955  ,49.1473,-4.05293  ,49.3309,-3.72742  ,48.9996,5.65022   ,-1.2382    ,557,125670,56.2815,10.7674,132.811,0
2072,49.6222,-3.6878   ,49.5092,-4.10097   ,49.3816,-4.48749 ,49.2619,-4.87953  ,49.1447,-5.27211  ,49.0089,-5.66185  ,48.8653,-6.05025   ,48.7226,-6.43883  ,48.5884,-6.82858  ,48.4537,-7.21775    ,48.2936,-7.59539  ,48.0984,-7.93812  ,49.6222,-3.6878   ,49.8339,-4.10826   ,49.7617,-4.51046  ,49.6618,-4.91036  ,49.5551,-5.30935  ,49.4326,-5.70611   ,49.2857,-6.09894   ,49.1361,-6.49128  ,48.9799,-6.8825    ,48.8133,-7.27154  ,48.5918,-7.64326  ,48.0984,-7.93812  ,48.0675,-7.40074  ,48.1519,-7.00903  ,48.2512,-6.6189    ,48.3673,-6.23111  ,48.5023,-5.8462   ,48.6409,-5.46189   ,48.779 ,-5.07752  ,48.9076,-4.69149  ,49.0532,-4.30841  ,49.231 ,-3.94543  ,48.9445,5.793     ,-1.23699   ,570,127762,55.5018,10.1616,135.397,0
2073,49.6354,-3.71228  ,49.4832,-4.14307   ,49.3627,-4.54655 ,49.2537,-4.92949  ,49.1185,-5.35191  ,48.9722,-5.76005  ,48.8168,-6.15496   ,48.6665,-6.55753  ,48.5253,-6.96972  ,48.3978,-7.32437    ,48.1875,-7.73954  ,47.9529,-8.0177   ,49.6354,-3.71228  ,49.7968,-4.2279    ,49.7244,-4.68934  ,49.6183,-5.10715  ,49.4892,-5.55866  ,49.3394,-5.9736    ,49.1782,-6.37337   ,49.0178,-6.7748   ,48.8593,-7.17342   ,48.71  ,-7.49895  ,48.43  ,-7.87014  ,47.9529,-8.0177   ,48.0152,-7.4964   ,48.1317,-7.0301   ,48.2318,-6.64884   ,48.3562,-6.22284  ,48.5002,-5.82436  ,48.6482,-5.43174   ,48.7886,-5.02748  ,48.9253,-4.62703  ,49.0387,-4.27147  ,49.2138,-3.92532  ,48.9194,5.84263   ,-1.23697   ,564,127099,57.0466,10.7822,134.225,0
2074,49.6318,-3.71186  ,49.4813,-4.14402   ,49.3611,-4.54729 ,49.2481,-4.92697  ,49.1132,-5.35355  ,48.9663,-5.76287  ,48.8362,-6.10641   ,48.685 ,-6.50902  ,48.544 ,-6.92222  ,48.3898,-7.33442    ,48.2024,-7.69182  ,47.9441,-7.98431  ,49.6318,-3.71186  ,49.7968,-4.22183   ,49.7262,-4.68263  ,49.6208,-5.10047  ,49.489 ,-5.54691  ,49.3342,-5.95357   ,49.2044,-6.3057    ,49.0455,-6.70722  ,48.888 ,-7.10538   ,48.7135,-7.49077  ,48.4732,-7.81918  ,47.9441,-7.98431  ,48.0034,-7.44931  ,48.1161,-7.05888  ,48.2402,-6.62135   ,48.3659,-6.19334  ,48.5121,-5.79379  ,48.6405,-5.45562   ,48.7784,-5.04193  ,48.9132,-4.62937  ,49.0341,-4.2802   ,49.2096,-3.93289  ,48.9109,5.85445   ,-1.23439   ,568,128048,56.7491,10.6922,132.569,0
2075,49.5809,-3.76116  ,49.4523,-4.22578   ,49.3348,-4.60982 ,49.2163,-4.99736  ,49.0866,-5.38338  ,48.9536,-5.76885  ,48.8096,-6.15255   ,48.6699,-6.53684  ,48.5341,-6.92158  ,48.3951,-7.30504    ,48.219 ,-7.67188  ,48.0106,-7.9994   ,49.5809,-3.76116  ,49.8003,-4.24363   ,49.7199,-4.64348  ,49.6222,-5.04148  ,49.5013,-5.43646  ,49.3707,-5.82992   ,49.2268,-6.22118   ,49.0705,-6.61023  ,48.9097,-6.99839   ,48.7354,-7.38389  ,48.5037,-7.74758  ,48.0106,-7.9994   ,48.0139,-7.45635  ,48.1179,-7.07413  ,48.2124,-6.69067   ,48.3227,-6.30929  ,48.4476,-5.93005  ,48.5927,-5.55411   ,48.7255,-5.17615  ,48.8579,-4.79813  ,48.9969,-4.42119  ,49.1536,-4.06038  ,48.9032,5.85584   ,-1.23165   ,577,129906,55.6198,10.2018,135.983,0
2076,49.5873,-3.74215  ,49.477 ,-4.1454    ,49.3369,-4.6115  ,49.2232,-5.0034   ,49.0924,-5.39299  ,48.9536,-5.78131  ,48.805 ,-6.16794   ,48.6642,-6.55582  ,48.5287,-6.94435  ,48.388 ,-7.33134    ,48.22  ,-7.70421  ,48.0362,-8.04974  ,49.5873,-3.74215  ,49.8011,-4.15633   ,49.7211,-4.63802  ,49.6289,-5.03761  ,49.5147,-5.43434  ,49.3841,-5.82865   ,49.2274,-6.21853   ,49.0713,-6.6085   ,48.9101,-6.9975    ,48.7355,-7.38382  ,48.5142,-7.75079  ,48.0362,-8.04974  ,47.9973,-7.51382  ,48.1035,-7.12527  ,48.1985,-6.73529   ,48.3109,-6.34755  ,48.4363,-5.96171  ,48.5828,-5.57932   ,48.724 ,-5.19606  ,48.8594,-4.81187  ,48.9959,-4.42784  ,49.1935,-3.98583  ,48.9031,5.86061   ,-1.23201   ,583,130681,56.2659,10.2913,139.054,0
2077,49.587 ,-3.72976  ,49.4566,-4.20068   ,49.3354,-4.59009 ,49.2195,-4.98406  ,49.0932,-5.37681  ,48.9586,-5.76823  ,48.8084,-6.15703   ,48.6651,-6.54692  ,48.5271,-6.93748  ,48.383 ,-7.32643    ,48.2174,-7.70202  ,48.0362,-8.04974  ,49.587 ,-3.72976  ,49.8011,-4.23438   ,49.7217,-4.63544  ,49.6295,-5.0353   ,49.5154,-5.43232  ,49.3847,-5.82692   ,49.228 ,-6.21707   ,49.0718,-6.6073   ,48.9105,-6.99657   ,48.7358,-7.38315  ,48.5145,-7.75043  ,48.0362,-8.04974  ,47.9924,-7.50891  ,48.0938,-7.11524  ,48.1965,-6.72173   ,48.3166,-6.33067  ,48.4437,-5.94056  ,48.5928,-5.55402   ,48.7237,-5.16452  ,48.854 ,-4.77493  ,48.9971,-4.38743  ,49.1618,-4.01732  ,48.9007,5.85572   ,-1.23288   ,589,131327,56.3988,10.2734,139.054,0
2078,49.587 ,-3.69215  ,49.4735,-4.13972   ,49.3569,-4.51908 ,49.2382,-4.90798  ,49.114 ,-5.29635  ,48.9786,-5.68292  ,48.8337,-6.06794   ,48.6896,-6.45298  ,48.5504,-6.83875  ,48.4104,-7.2237     ,48.2452,-7.59478  ,48.0609,-7.92421  ,49.587 ,-3.69215  ,49.8131,-4.16464   ,49.7381,-4.56438  ,49.6403,-4.96184  ,49.5258,-5.35713  ,49.3956,-5.75011   ,49.2513,-6.14078   ,49.1008,-6.53042  ,48.9399,-6.91804   ,48.7663,-7.30311  ,48.5463,-7.66895  ,48.0609,-7.92421  ,48.0194,-7.37808  ,48.1181,-6.99173  ,48.2194,-6.60572   ,48.3369,-6.22181  ,48.4758,-5.84136  ,48.6159,-5.46112   ,48.7517,-5.08018  ,48.8839,-4.69865  ,49.018 ,-4.3175   ,49.1787,-3.97017  ,48.9134,5.80408   ,-1.23246   ,584,131261,55.3095,10.1986,137.054,0
2079,49.587 ,-3.61063  ,49.4804,-4.0801    ,49.3698,-4.46744 ,49.2516,-4.85805  ,49.1298,-5.24829  ,48.9958,-5.63674  ,48.8468,-6.0227    ,48.702 ,-6.40922  ,48.5593,-6.79607  ,48.4227,-7.18333    ,48.2622,-7.56126  ,48.0733,-7.90573  ,49.587 ,-3.61063  ,49.8194,-4.08445   ,49.7501,-4.48611  ,49.6583,-4.88572  ,49.5545,-5.28398  ,49.427 ,-5.67897   ,49.2785,-6.07055   ,49.116 ,-6.45947  ,48.9539,-6.84847   ,48.788 ,-7.23673  ,48.5644,-7.61097  ,48.0733,-7.90573  ,48.0273,-7.36518  ,48.115 ,-6.97578  ,48.2184,-6.58834   ,48.343 ,-6.20385  ,48.4773,-5.82095  ,48.6176,-5.43902   ,48.7585,-5.0572   ,48.8934,-4.67439  ,49.0276,-4.29146  ,49.1846,-3.92666  ,48.9272,5.75038   ,-1.23371   ,587,131720,56.0021,10.354 ,136.811,0
2080,49.5607,-3.58606  ,49.4837,-4.04598   ,49.3814,-4.42932 ,49.273 ,-4.81932  ,49.1532,-5.20815  ,49.0209,-5.5951   ,48.909 ,-5.9037    ,48.7561,-6.28717  ,48.615 ,-6.67259  ,48.4948,-7.06059    ,48.3793,-7.44451  ,48.2482,-7.79573  ,49.5607,-3.58606  ,49.8267,-4.03286   ,49.7673,-4.43317  ,49.688 ,-4.83199  ,49.5918,-5.22893  ,49.4645,-5.62167   ,49.3495,-5.93377   ,49.1931,-6.32163  ,49.0317,-6.70863   ,48.8706,-7.09569  ,48.6944,-7.47905  ,48.2482,-7.79573  ,48.1164,-7.26144  ,48.1643,-6.86999  ,48.2561,-6.48256   ,48.3819,-6.0996   ,48.5245,-5.71937  ,48.6334,-5.41427   ,48.7669,-5.03243  ,48.9011,-4.65072  ,49.0351,-4.26895  ,49.1753,-3.90965  ,48.9703,5.67801   ,-1.24958   ,576,129501,54.191 ,10.5055,131.74 ,0
2081,49.6542,-3.56927  ,49.5149,-3.98117   ,49.4195,-4.35728 ,49.3218,-4.72322  ,49.1972,-5.12421  ,49.0828,-5.45413  ,48.9448,-5.83285   ,48.7977,-6.19849  ,48.6624,-6.58679  ,48.5734,-6.96775    ,48.508 ,-7.37911  ,48.4401,-7.70865  ,49.6542,-3.56927  ,49.8587,-4.03763   ,49.793 ,-4.44964  ,49.7016,-4.84446  ,49.5866,-5.26366  ,49.4785,-5.59546   ,49.3415,-5.96725   ,49.1953,-6.32748  ,49.0523,-6.6883    ,48.9473,-7.02581  ,48.8321,-7.39732  ,48.4401,-7.70865  ,48.2045,-7.22751  ,48.2248,-6.77514  ,48.3081,-6.36843   ,48.4424,-5.96491  ,48.5897,-5.5932   ,48.725 ,-5.20251   ,48.8448,-4.87338  ,48.9759,-4.48294  ,49.0776,-4.13977  ,49.2049,-3.80336  ,49.0182,5.61023   ,-1.26783   ,551,125124,53.0337,10.4218,126.083,0
2082,49.7347,-3.48758  ,49.5447,-3.89402   ,49.4482,-4.23984 ,49.3417,-4.64382  ,49.2265,-5.03028  ,49.1015,-5.39966  ,48.953 ,-5.81369   ,48.8103,-6.15436  ,48.6889,-6.5833   ,48.6574,-6.998      ,48.6783,-7.35001  ,48.7663,-7.72884  ,49.7347,-3.48758  ,49.8721,-3.9576    ,49.8149,-4.31651  ,49.7255,-4.72918  ,49.6294,-5.11698  ,49.5199,-5.47303   ,49.3834,-5.86058   ,49.25  ,-6.18055  ,49.107 ,-6.56277   ,49.0402,-6.9277   ,48.9994,-7.26987  ,48.7663,-7.72884  ,48.3412,-7.29646  ,48.277 ,-6.92283  ,48.2911,-6.48148   ,48.4107,-6.03151  ,48.5622,-5.66673  ,48.7185,-5.22037   ,48.858 ,-4.83595  ,48.9892,-4.44469  ,49.1116,-4.04645  ,49.2553,-3.7207   ,49.0505,5.57523   ,-1.29157   ,547,123759,54.3997,10.4553,126.326,0
2083,49.6977,-3.47421  ,49.5482,-3.85345   ,49.44  ,-4.26558 ,49.3254,-4.6715   ,49.2247,-5.01493  ,49.0962,-5.39585  ,48.9628,-5.76687   ,48.8293,-6.14728  ,48.719 ,-6.55661  ,48.6888,-6.92222    ,48.7949,-7.31502  ,49.0503,-7.58164  ,49.6977,-3.47421  ,49.8804,-3.86441   ,49.8258,-4.28261  ,49.7272,-4.68138  ,49.6461,-5.02207  ,49.5436,-5.39833   ,49.4264,-5.74662   ,49.295 ,-6.07658  ,49.1581,-6.40721   ,49.0654,-6.71741  ,49.0674,-7.09945  ,49.0503,-7.58164  ,48.4687,-7.43061  ,48.3096,-7.00539  ,48.3059,-6.58652   ,48.4001,-6.10548  ,48.5385,-5.68208  ,48.686 ,-5.28594   ,48.8377,-4.89499  ,48.9568,-4.54618  ,49.0855,-4.13102  ,49.2493,-3.7291   ,49.067 ,5.56857   ,-1.30929   ,546,123796,53.8446,10.9822,127.74 ,0
2084,49.8307,-3.61488  ,49.561 ,-3.93351   ,49.4298,-4.30861 ,49.3247,-4.69755  ,49.2141,-5.07575  ,49.0945,-5.43751  ,48.9365,-5.82473   ,48.8141,-6.20381  ,48.7616,-6.59397  ,48.7835,-6.9978     ,48.8963,-7.34166  ,49.1167,-7.66772  ,49.8307,-3.61488  ,49.9006,-4.05889   ,49.7984,-4.4189   ,49.7067,-4.79539  ,49.6161,-5.15872  ,49.5131,-5.49513   ,49.3804,-5.8583    ,49.2508,-6.16361  ,49.167 ,-6.45381   ,49.154 ,-6.79432  ,49.2097,-7.15712  ,49.1167,-7.66772  ,48.5321,-7.42363  ,48.3938,-7.07162  ,48.3647,-6.59826   ,48.4061,-6.12505  ,48.5337,-5.69455  ,48.7116,-5.27896   ,48.8447,-4.8866   ,48.9732,-4.48949  ,49.0924,-4.0874   ,49.2731,-3.71158  ,49.092 ,5.59501   ,-1.33927   ,554,125228,53.647 ,10.5762,128.326,0
2085,49.6154,-3.57251  ,49.5124,-3.98503   ,49.391 ,-4.42068 ,49.2798,-4.78569  ,49.1656,-5.15043  ,49.0445,-5.51432  ,48.9018,-5.95136   ,48.8092,-6.31788  ,48.7724,-6.68748  ,48.8829,-7.11545    ,49.1153,-7.41295  ,49.3998,-7.6459   ,49.6154,-3.57251  ,49.8671,-3.93644   ,49.8094,-4.34658  ,49.7312,-4.68633  ,49.6468,-5.02543  ,49.5472,-5.36243   ,49.4065,-5.76366   ,49.28  ,-6.09638  ,49.1719,-6.43205   ,49.1526,-6.84313  ,49.2816,-7.17527  ,49.3998,-7.6459   ,48.8438,-7.54309  ,48.5445,-7.25283  ,48.3758,-6.7949    ,48.3722,-6.39266  ,48.4397,-5.99264  ,48.5905,-5.52063   ,48.7318,-5.12983  ,48.8737,-4.73914  ,49.0153,-4.34839  ,49.1957,-3.89581  ,49.1028,5.64463   ,-1.37768   ,571,128071,54.3556,12.185 ,133.983,0
2086,49.7967,-3.61841  ,49.5266,-3.97072   ,49.3937,-4.36951 ,49.2766,-4.78006  ,49.1542,-5.17813  ,49.0187,-5.55657  ,48.8835,-5.94513   ,48.7963,-6.37439  ,48.8144,-6.75538  ,48.9756,-7.14753    ,49.2637,-7.4951   ,49.5316,-7.75564  ,49.7967,-3.61841  ,49.8798,-4.06234   ,49.7704,-4.44372  ,49.6755,-4.84422  ,49.5744,-5.21957  ,49.4588,-5.56817   ,49.336 ,-5.91203   ,49.2252,-6.27501  ,49.1945,-6.61912   ,49.2894,-6.98337  ,49.4819,-7.3006   ,49.5316,-7.75564  ,48.9581,-7.59657  ,48.5958,-7.2073   ,48.4146,-6.76681   ,48.3806,-6.34759  ,48.4662,-5.86164  ,48.6194,-5.43875   ,48.7702,-5.02535  ,48.9112,-4.59921  ,49.0516,-4.17897  ,49.2216,-3.77256  ,49.1253,5.6606    ,-1.41709   ,569,128550,56.4789,10.686 ,132.225,0
2087,49.8442,-3.61796  ,49.5406,-3.96321   ,49.4024,-4.36721 ,49.2978,-4.71946  ,49.1762,-5.12971  ,49.0458,-5.52781  ,48.9203,-5.94246   ,48.8684,-6.34659  ,48.9105,-6.74376  ,49.1028,-7.16631    ,49.3435,-7.51071  ,49.5506,-7.8131   ,49.8442,-3.61796  ,49.8793,-4.09117   ,49.7635,-4.47256  ,49.6807,-4.82253  ,49.5842,-5.22101  ,49.4733,-5.5948    ,49.3533,-5.96348   ,49.2841,-6.31298  ,49.2946,-6.67258   ,49.4506,-7.05925  ,49.6162,-7.36575  ,49.5506,-7.8131   ,48.9998,-7.55861  ,48.6943,-7.17473  ,48.4986,-6.69156   ,48.4583,-6.24123  ,48.518 ,-5.79554  ,48.6572,-5.34823   ,48.8032,-4.92201  ,48.9499,-4.49912  ,49.0753,-4.14341  ,49.2567,-3.73001  ,49.1673,5.65605   ,-1.44791   ,571,128279,56.4914,10.456 ,132.811,0
2088,49.8449,-3.6183   ,49.5532,-3.97112   ,49.4283,-4.31785 ,49.3074,-4.7372   ,49.1778,-5.14142  ,49.0446,-5.54193  ,48.9241,-5.97252   ,48.8699,-6.36808  ,48.9217,-6.74646  ,49.0947,-7.13145    ,49.3305,-7.4908   ,49.5562,-7.79897  ,49.8449,-3.6183   ,49.897 ,-4.0832    ,49.7952,-4.41424  ,49.6969,-4.83313  ,49.5948,-5.2327   ,49.4729,-5.59917   ,49.35  ,-5.97259   ,49.2827,-6.3234   ,49.303 ,-6.67771   ,49.4364,-7.02948  ,49.6121,-7.3422   ,49.5562,-7.79897  ,48.9774,-7.5382   ,48.6932,-7.12872  ,48.5081,-6.69591   ,48.463 ,-6.27996  ,48.5282,-5.84393  ,48.6542,-5.36842   ,48.7984,-4.93587  ,48.9541,-4.52372  ,49.0968,-4.10185  ,49.2643,-3.75254  ,49.181 ,5.66084   ,-1.45277   ,572,128316,56.2126,10.4314,132.811,0
2089,49.6437,-3.59176  ,49.5184,-4.01338   ,49.4052,-4.38072 ,49.2639,-4.82893  ,49.1504,-5.20321  ,49.039 ,-5.5779   ,48.9428,-5.95456   ,48.901 ,-6.41144  ,48.9627,-6.79066  ,49.1159,-7.15735    ,49.3271,-7.50288  ,49.5453,-7.8116   ,49.6437,-3.59176  ,49.8639,-4.00375   ,49.8134,-4.3619   ,49.6995,-4.78652  ,49.6109,-5.14118  ,49.5027,-5.49328   ,49.4001,-5.84611   ,49.3046,-6.27251  ,49.3203,-6.63176   ,49.4134,-6.98537  ,49.5536,-7.33207  ,49.5453,-7.8116   ,49.011 ,-7.53956  ,48.7453,-7.18497  ,48.5632,-6.79967   ,48.4977,-6.39747  ,48.5233,-5.91231  ,48.6156,-5.51207   ,48.7408,-5.11631  ,48.8748,-4.72189  ,49.0497,-4.2509   ,49.2118,-3.87971  ,49.1821,5.68859   ,-1.46461   ,579,129971,55.1217,10.8822,136.225,0
2090,49.6437,-3.59176  ,49.5138,-4.0213    ,49.3734,-4.46853 ,49.2561,-4.84663  ,49.1457,-5.22592  ,49.0137,-5.68123  ,48.9257,-6.06298   ,48.9041,-6.44904  ,49.0085,-6.90645  ,49.1853,-7.27329    ,49.4052,-7.62446  ,49.633 ,-7.9497   ,49.6437,-3.59176  ,49.857 ,-4.01468   ,49.7786,-4.45074  ,49.6875,-4.8118   ,49.6013,-5.1735   ,49.4683,-5.6037    ,49.3647,-5.96313   ,49.306 ,-6.32721  ,49.3479,-6.7657    ,49.474 ,-7.12165  ,49.6266,-7.47282  ,49.633 ,-7.9497   ,49.0933,-7.64105  ,48.8126,-7.2812   ,48.6137,-6.89732   ,48.4992,-6.41611  ,48.5095,-6.00897  ,48.6007,-5.60667   ,48.7371,-5.12695  ,48.8715,-4.73026  ,49.0172,-4.33539  ,49.2103,-3.88288  ,49.194 ,5.73994   ,-1.49005   ,590,131430,57.0866,10.6411,140.468,0
2091,49.6356,-3.60627  ,49.5072,-4.06678   ,49.3849,-4.44578 ,49.2698,-4.82634  ,49.1592,-5.20787  ,49.0568,-5.59059  ,48.9686,-6.05299   ,48.9681,-6.4412   ,49.0537,-6.82509  ,49.1982,-7.20065    ,49.3946,-7.5633   ,49.6102,-7.89106  ,49.6356,-3.60627  ,49.8674,-4.0409    ,49.7976,-4.40583  ,49.7107,-4.76926  ,49.62  ,-5.13239  ,49.5224,-5.49458   ,49.408 ,-5.92955   ,49.3631,-6.29653  ,49.4019,-6.66338   ,49.5038,-7.02498  ,49.6366,-7.38179  ,49.6102,-7.89106  ,49.0687,-7.60353  ,48.8203,-7.22894  ,48.6588,-6.83459   ,48.56  ,-6.4306   ,48.5404,-6.02108  ,48.6296,-5.53314   ,48.7406,-5.13045  ,48.8771,-4.73144  ,49.022 ,-4.33392  ,49.189 ,-3.94521  ,49.2163,5.74016   ,-1.498     ,586,130869,55.5892,10.9603,135.397,0
2092,49.6625,-3.61063  ,49.5314,-4.03331   ,49.4119,-4.39837 ,49.2776,-4.84875  ,49.1753,-5.2258   ,49.0827,-5.60405  ,49.0227,-5.9852    ,49.0267,-6.44517  ,49.1026,-6.82505  ,49.234 ,-7.19731    ,49.4053,-7.56095  ,49.5763,-7.88743  ,49.6625,-3.61063  ,49.8689,-4.02696   ,49.8052,-4.38675  ,49.7045,-4.81845  ,49.6155,-5.1777   ,49.526 ,-5.53689   ,49.4447,-5.89689   ,49.4167,-6.33388  ,49.4635,-6.69692   ,49.5564,-7.05568  ,49.6671,-7.41194  ,49.5763,-7.88743  ,49.072 ,-7.56536  ,48.8536,-7.19092  ,48.7001,-6.80244   ,48.6207,-6.40341  ,48.617 ,-5.92042  ,48.6703,-5.51922   ,48.7749,-5.12294  ,48.8971,-4.72914  ,49.0708,-4.26059  ,49.2396,-3.90224  ,49.2452,5.74674   ,-1.507     ,577,129870,54.9286,10.496 ,135.397,0
2093,49.6625,-3.61063  ,49.5319,-4.03255   ,49.4124,-4.39697 ,49.2784,-4.84676  ,49.1761,-5.22329  ,49.083 ,-5.60096  ,49.014 ,-6.05788   ,49.0227,-6.44068  ,49.098 ,-6.82011  ,49.2576,-7.26609    ,49.4185,-7.62639  ,49.5632,-7.9498   ,49.6625,-3.61063  ,49.8688,-4.02758   ,49.8049,-4.38778  ,49.7042,-4.81996  ,49.615 ,-5.17962  ,49.5254,-5.53921   ,49.4282,-5.97172   ,49.4103,-6.33653  ,49.4579,-6.69992   ,49.5792,-7.12966  ,49.6913,-7.48617  ,49.5632,-7.9498   ,49.0885,-7.62367  ,48.877 ,-7.25487  ,48.6962,-6.7898    ,48.6189,-6.39199  ,48.6116,-5.99088  ,48.6722,-5.511     ,48.7765,-5.11613  ,48.8989,-4.72384  ,49.0722,-4.257    ,49.2407,-3.90039  ,49.2459,5.76784   ,-1.51047   ,582,130339,55.5785,10.4695,136.569,0
2094,49.6686,-3.64821  ,49.5263,-4.06416   ,49.4044,-4.42644 ,49.27  ,-4.87384  ,49.1699,-5.2487   ,49.078 ,-5.62453  ,49.0122,-6.07937   ,49.0185,-6.46035  ,49.0936,-6.83774  ,49.2529,-7.28139    ,49.4203,-7.64342  ,49.5763,-7.96896  ,49.6686,-3.64821  ,49.8573,-4.0862    ,49.7875,-4.44302  ,49.6929,-4.8705   ,49.6043,-5.22565  ,49.5157,-5.5808    ,49.4255,-6.00842   ,49.4051,-6.36864  ,49.4513,-6.72759   ,49.5737,-7.15169  ,49.6823,-7.50405  ,49.5763,-7.96896  ,49.0913,-7.63805  ,48.875 ,-7.26394  ,48.6924,-6.79839   ,48.6173,-6.39986  ,48.611 ,-5.99798  ,48.6708,-5.51725   ,48.7752,-5.12174  ,48.8972,-4.72874  ,49.0706,-4.26109  ,49.2389,-3.90329  ,49.2427,5.7904    ,-1.51561   ,581,130887,55.5014,10.3921,136.811,0
2095,49.65  ,-3.67329  ,49.5119,-4.11902   ,49.3878,-4.49262 ,49.2477,-4.94525  ,49.1473,-5.32496  ,49.064 ,-5.70664  ,49.0096,-6.16778   ,49.0311,-6.55315  ,49.1526,-7.00813  ,49.2978,-7.38018    ,49.4723,-7.74219  ,49.6644,-8.07522  ,49.65  ,-3.67329  ,49.8632,-4.09639   ,49.7952,-4.45996  ,49.6872,-4.89354  ,49.5978,-5.25497  ,49.5075,-5.61626   ,49.4222,-6.05181   ,49.4089,-6.41827  ,49.488 ,-6.85436   ,49.5929,-7.21374  ,49.6921,-7.57387  ,49.6644,-8.07522  ,49.1787,-7.76979  ,48.9358,-7.3997   ,48.7649,-7.0118    ,48.6349,-6.53414  ,48.6017,-6.12935  ,48.6495,-5.64388   ,48.7386,-5.24328  ,48.858 ,-4.84643  ,49.033 ,-4.37518  ,49.2046,-3.99486  ,49.2472,5.82656   ,-1.52331   ,584,130559,56.7628,10.5388,139.397,0
2096,49.6154,-3.84401  ,49.4857,-4.28755   ,49.3696,-4.65916 ,49.2662,-5.03649  ,49.167 ,-5.41467  ,49.075 ,-5.79384  ,49.0235,-6.25344   ,49.074 ,-6.63586  ,49.1779,-7.01333  ,49.316 ,-7.38532    ,49.4685,-7.75252  ,49.63  ,-8.0949   ,49.6154,-3.84401  ,49.8195,-4.2865    ,49.754 ,-4.64867  ,49.6776,-5.0102   ,49.601 ,-5.3717   ,49.5107,-5.73179   ,49.4303,-6.16673   ,49.4463,-6.53138  ,49.521 ,-6.89306   ,49.6247,-7.25129  ,49.7085,-7.61207  ,49.63  ,-8.0949   ,49.1638,-7.74809  ,48.9524,-7.37072  ,48.79  ,-6.98303   ,48.6695,-6.58818  ,48.6226,-6.18634  ,48.671 ,-5.70368   ,48.7748,-5.3066   ,48.8884,-4.9108   ,49.0331,-4.5198   ,49.1934,-4.14563  ,49.2554,5.92602   ,-1.53896   ,551,123558,54.4653,10.3039,132.326,0
2097,49.5937,-4.06365  ,49.4298,-4.43286   ,49.3279,-4.81838 ,49.2258,-5.20713  ,49.1145,-5.58322  ,49.0398,-6.00387  ,49.0353,-6.39944   ,49.0927,-6.76513  ,49.2161,-7.14401  ,49.3845,-7.56369    ,49.5308,-7.92854  ,49.6488,-8.25567  ,49.5937,-4.06365  ,49.7738,-4.47596   ,49.7067,-4.85958  ,49.6192,-5.25422  ,49.5221,-5.62372  ,49.4515,-6.01233   ,49.4407,-6.37565   ,49.4834,-6.71927  ,49.5823,-7.07119   ,49.6997,-7.4774   ,49.7767,-7.84638  ,49.6488,-8.25567  ,49.2446,-7.90696  ,49.0262,-7.54579  ,48.81  ,-7.11123   ,48.6751,-6.69627  ,48.6228,-6.29221  ,48.6413,-5.86738   ,48.7369,-5.43249  ,48.8636,-5.05198  ,48.9765,-4.66384  ,49.1192,-4.28748  ,49.2369,6.0746    ,1.56588    ,523,116710,53.7905,10.0943,126.083,0
2098,49.4527,-4.19976  ,49.3506,-4.58368   ,49.2682,-4.98139 ,49.1906,-5.32609  ,49.0986,-5.72644  ,49.0436,-6.08548  ,49.0465,-6.51596   ,49.1135,-6.84795  ,49.2486,-7.24006  ,49.389 ,-7.58091    ,49.5541,-7.93922  ,49.6974,-8.25565  ,49.4527,-4.19976  ,49.6938,-4.57811   ,49.6681,-4.98021  ,49.6035,-5.3329   ,49.5181,-5.72676  ,49.4605,-6.0577    ,49.4498,-6.44109   ,49.5038,-6.74885  ,49.6148,-7.1426    ,49.7165,-7.49463  ,49.8037,-7.85384  ,49.6974,-8.25565  ,49.2568,-7.92284  ,49.0178,-7.567    ,48.8457,-7.2424    ,48.6946,-6.84253  ,48.6317,-6.4713   ,48.6392,-5.99057   ,48.7036,-5.61035  ,48.8043,-5.20511  ,48.8927,-4.86689  ,49.0302,-4.48229  ,49.2227,6.18227   ,1.53189    ,510,113831,51.8576,10.1062,122.083,0
2099,49.406 ,-4.27361  ,49.2879,-4.6275    ,49.2192,-5.0366  ,49.1743,-5.36684  ,49.1246,-5.76079  ,49.0913,-6.10113  ,49.0813,-6.49177   ,49.1192,-6.85515  ,49.2215,-7.22495  ,49.3436,-7.52963    ,49.4974,-7.87168  ,49.6646,-8.1949   ,49.406 ,-4.27361  ,49.6028,-4.61965   ,49.6077,-5.01252  ,49.5866,-5.33893  ,49.5563,-5.73431  ,49.5362,-6.07456   ,49.5311,-6.46342   ,49.5537,-6.82307  ,49.6207,-7.17932   ,49.699 ,-7.46439  ,49.7699,-7.79188  ,49.6646,-8.1949   ,49.186 ,-7.86775  ,48.9512,-7.5084   ,48.7912,-7.18194   ,48.6676,-6.7883   ,48.6289,-6.41068  ,48.6553,-6.0144    ,48.7063,-5.67413  ,48.7768,-5.28331  ,48.8463,-4.95313  ,48.9928,-4.54308  ,49.215 ,6.23944   ,1.5177     ,507,112917,49.9483,11.0837,117.598,0
2100,49.3231,-4.27512  ,49.2438,-4.68354   ,49.1934,-5.05015 ,49.1508,-5.43914  ,49.1253,-5.82261  ,49.1149,-6.15467  ,49.1194,-6.5748    ,49.1603,-6.96625  ,49.2461,-7.29291  ,49.3884,-7.64075    ,49.5677,-7.97872  ,49.7899,-8.26163  ,49.3231,-4.27512  ,49.6114,-4.68907   ,49.5976,-5.05234  ,49.5632,-5.40751  ,49.5447,-5.70836  ,49.5347,-5.9551    ,49.5224,-6.31407   ,49.5333,-6.71003  ,49.5797,-7.07832   ,49.671 ,-7.45858  ,49.781 ,-7.80926  ,49.7899,-8.26163  ,49.2994,-8.05676  ,49.0601,-7.72363  ,48.8786,-7.40568   ,48.7675,-7.10062  ,48.7105,-6.69607  ,48.6981,-6.21754   ,48.7127,-5.80884  ,48.75  ,-5.34158  ,48.8057,-4.92009  ,48.8932,-4.56758  ,49.2158,6.24443   ,1.50542    ,507,113290,51.1027,11.0044,121.841,0
2101,49.3978,-4.21141  ,49.2351,-4.59787   ,49.1745,-4.96262 ,49.1388,-5.32248  ,49.1168,-5.71499  ,49.1111,-6.12486  ,49.1241,-6.5253    ,49.158 ,-6.88902  ,49.2278,-7.24522  ,49.3633,-7.61578    ,49.528 ,-7.98111  ,49.6937,-8.27522  ,49.3978,-4.21141  ,49.574 ,-4.61214   ,49.5597,-4.95256  ,49.5395,-5.30101  ,49.5264,-5.68592  ,49.5219,-6.08261   ,49.5282,-6.46941   ,49.5504,-6.82126  ,49.6018,-7.16675   ,49.7056,-7.53105  ,49.798 ,-7.88491  ,49.6937,-8.27522  ,49.219 ,-7.99697  ,48.9876,-7.62094  ,48.8293,-7.23162   ,48.7514,-6.84211  ,48.7129,-6.45173  ,48.6998,-6.03008   ,48.7126,-5.60978  ,48.748 ,-5.21883  ,48.8039,-4.86038  ,48.9187,-4.49255  ,49.2073,6.25026   ,1.49559    ,502,114205,51.8025,10.1036,120.426,0
2102,49.364 ,-4.24853  ,49.2166,-4.62622   ,49.1664,-4.99488 ,49.1336,-5.40585  ,49.1203,-5.78271  ,49.1248,-6.16571  ,49.1488,-6.53149   ,49.1991,-6.92098  ,49.2796,-7.31724  ,49.3838,-7.66835    ,49.5338,-8.03252  ,49.7163,-8.32666  ,49.364 ,-4.24853  ,49.5429,-4.65279   ,49.5479,-5.0025   ,49.5402,-5.39337  ,49.5367,-5.7454   ,49.5407,-6.09725   ,49.5546,-6.43927   ,49.5831,-6.81949  ,49.6362,-7.21519   ,49.7103,-7.56506  ,49.799 ,-7.92201  ,49.7163,-8.32666  ,49.2321,-8.0649   ,49.0281,-7.68802  ,48.9007,-7.32524   ,48.7982,-6.91632  ,48.7324,-6.50562  ,48.7047,-6.10781   ,48.7061,-5.69222  ,48.7344,-5.29667  ,48.7968,-4.87589  ,48.9095,-4.50512  ,49.2179,6.27114   ,1.48658    ,508,114955,51.8918,10.2534,120.184,0
2103,49.377 ,-4.26929  ,49.2197,-4.6778    ,49.1626,-5.06684 ,49.1322,-5.44328  ,49.1181,-5.84726  ,49.1241,-6.25453  ,49.1524,-6.63288   ,49.2134,-7.01729  ,49.3141,-7.38775  ,49.4368,-7.72582    ,49.6181,-8.1057   ,49.8336,-8.39534  ,49.377 ,-4.26929  ,49.5468,-4.69672   ,49.5437,-5.08771  ,49.5364,-5.46268  ,49.5342,-5.84925  ,49.5422,-6.2229    ,49.5653,-6.56402   ,49.612 ,-6.91523  ,49.6873,-7.27018   ,49.7786,-7.60296  ,49.8815,-7.9753   ,49.8336,-8.39534  ,49.3085,-8.15389  ,49.0615,-7.76457  ,48.9131,-7.4181    ,48.7936,-7.01748  ,48.727 ,-6.58152  ,48.7009,-6.15298   ,48.7042,-5.70836  ,48.7361,-5.29393  ,48.7946,-4.92727  ,48.9148,-4.56023  ,49.2374,6.37139   ,1.46518    ,525,118137,53.0145,10.3533,122.426,0
2104,49.3658,-4.368    ,49.2303,-4.74906   ,49.1642,-5.15579 ,49.1327,-5.54777  ,49.1217,-5.95805  ,49.1371,-6.35832  ,49.191 ,-6.77618   ,49.2784,-7.13207  ,49.4016,-7.49326  ,49.5546,-7.90176    ,49.6941,-8.22965  ,49.8963,-8.56438  ,49.3658,-4.368    ,49.5461,-4.73721   ,49.5476,-5.14899  ,49.5404,-5.54316  ,49.5406,-5.94276  ,49.5573,-6.31639   ,49.6044,-6.69543   ,49.6776,-7.02119  ,49.7752,-7.3689    ,49.8927,-7.76466  ,49.9746,-8.08739  ,49.8963,-8.56438  ,49.3712,-8.27975  ,49.1803,-7.94521  ,48.9955,-7.5294    ,48.8512,-7.1477   ,48.7578,-6.74521  ,48.7078,-6.27116   ,48.7031,-5.83603  ,48.7327,-5.41799  ,48.7953,-5.0384   ,48.94  ,-4.6575   ,49.2799,6.49816   ,1.43458    ,539,121260,53.7138,10.4328,125.255,0
2105,49.3344,-4.50752  ,49.2196,-4.9118    ,49.1613,-5.33871 ,49.1323,-5.72798  ,49.1412,-6.16804  ,49.1728,-6.53312  ,49.2432,-6.94099   ,49.3611,-7.36026  ,49.5066,-7.73675  ,49.6647,-8.12991    ,49.8193,-8.48684  ,49.9819,-8.83214  ,49.3344,-4.50752  ,49.55  ,-4.91286   ,49.5456,-5.34917  ,49.5412,-5.74823  ,49.5614,-6.20286  ,49.6012,-6.56816   ,49.6701,-6.95227   ,49.7747,-7.33594  ,49.9022,-7.68181   ,50.0198,-8.0538   ,50.1002,-8.39612  ,49.9819,-8.83214  ,49.4928,-8.47614  ,49.2677,-8.10508  ,49.0733,-7.69804   ,48.9149,-7.28523  ,48.7915,-6.81737  ,48.7304,-6.37834   ,48.7135,-6.00918  ,48.7293,-5.57883  ,48.7914,-5.20052  ,48.9084,-4.79839  ,49.3315,6.65474   ,1.40398    ,547,123720,55.2083,10.9301,128.669,0
2106,49.2509,-4.58116  ,49.2132,-5.01176   ,49.1967,-5.42782 ,49.1928,-5.81812  ,49.2016,-6.21636  ,49.2336,-6.65786  ,49.2906,-7.0359    ,49.4023,-7.45758  ,49.554 ,-7.80821  ,49.7392,-8.21268    ,49.9045,-8.5581   ,50.0617,-8.90954  ,49.2509,-4.58116  ,49.5306,-4.95953   ,49.5807,-5.40331  ,49.6025,-5.80444  ,49.6214,-6.1978   ,49.6538,-6.62089   ,49.7044,-6.9775    ,49.8034,-7.37602  ,49.937 ,-7.71898   ,50.0894,-8.11441  ,50.1837,-8.4469   ,50.0617,-8.90954  ,49.5785,-8.56918  ,49.3441,-8.21626  ,49.1317,-7.81193   ,48.9679,-7.44366  ,48.8545,-6.97651  ,48.7992,-6.55626   ,48.7759,-6.07783  ,48.7829,-5.67223  ,48.8165,-5.30366  ,48.904 ,-4.94252  ,49.3796,6.76269   ,1.38317    ,550,122774,55.1302,10.5113,126.669,0
2107,49.2705,-4.76437  ,49.2067,-5.20126   ,49.1894,-5.6011  ,49.1906,-5.96629  ,49.2134,-6.40272  ,49.2499,-6.73902  ,49.3288,-7.15146   ,49.4423,-7.50608  ,49.5995,-7.88083  ,49.7744,-8.24763    ,49.9477,-8.57789  ,50.166 ,-8.88034  ,49.2705,-4.76437  ,49.5258,-5.14137   ,49.5763,-5.53825  ,49.6019,-5.89728  ,49.6326,-6.31797  ,49.6652,-6.6409    ,49.731 ,-7.03667   ,49.8235,-7.37178  ,49.9476,-7.72295   ,50.0834,-8.07343  ,50.1935,-8.40486  ,50.166 ,-8.88034  ,49.6485,-8.65818  ,49.42  ,-8.32877  ,49.2106,-7.94693   ,49.0246,-7.54356  ,48.8999,-7.15683  ,48.8175,-6.70783   ,48.7834,-6.3457   ,48.7765,-5.88731  ,48.8054,-5.52293  ,48.8979,-5.14161  ,49.3997,6.86675   ,1.3609     ,532,119280,53.1822,10.4282,123.497,0
2108,49.1167,-4.92483  ,49.1474,-5.36875   ,49.1618,-5.72773 ,49.1825,-6.11796  ,49.2162,-6.49914  ,49.2767,-6.91203  ,49.3606,-7.26779   ,49.4856,-7.62675  ,49.6339,-7.96669  ,49.8053,-8.33074    ,49.9822,-8.71001  ,50.119 ,-9.01273  ,49.1167,-4.92483  ,49.4748,-5.27543   ,49.5399,-5.59965  ,49.5805,-5.96022  ,49.6168,-6.32692  ,49.6718,-6.73755   ,49.7472,-7.10105   ,49.86  ,-7.47416  ,49.9856,-7.82646   ,50.1205,-8.18205  ,50.2364,-8.56949  ,50.119 ,-9.01273  ,49.6791,-8.7454   ,49.4396,-8.37108  ,49.2368,-8.00814   ,49.0724,-7.68166  ,48.9429,-7.32323  ,48.858 ,-6.95686   ,48.7996,-6.52352  ,48.7748,-6.11842  ,48.7772,-5.70492  ,48.8141,-5.33204  ,49.4043,6.96705   ,1.33242    ,522,116045,52.3102,10.337 ,122.083,0
2109,49.1081,-5.05975  ,49.1173,-5.48254   ,49.1461,-5.88313 ,49.1812,-6.23711  ,49.2257,-6.58269  ,49.2911,-6.96764  ,49.3904,-7.35841   ,49.5163,-7.70433  ,49.6632,-8.04145  ,49.8226,-8.38286    ,49.9881,-8.73956  ,50.1345,-9.04963  ,49.1081,-5.05975  ,49.4288,-5.39637   ,49.5141,-5.7255   ,49.5688,-6.02958  ,49.6179,-6.35014  ,49.6771,-6.73743   ,49.7634,-7.15228   ,49.8741,-7.51597  ,49.9982,-7.85844   ,50.1292,-8.20664  ,50.2337,-8.58824  ,50.1345,-9.04963  ,49.6954,-8.7905   ,49.4696,-8.45849  ,49.2841,-8.12877   ,49.12  ,-7.79578  ,48.9857,-7.46015  ,48.8808,-7.07575   ,48.8142,-6.6799   ,48.7781,-6.30291  ,48.7664,-5.90135  ,48.7994,-5.44739  ,49.4123,7.06522   ,1.31157    ,509,113888,51.1633,10.6533,119.255,0
2110,49.1245,-5.21804  ,49.1311,-5.618     ,49.1651,-5.98173 ,49.2132,-6.36052  ,49.2677,-6.75807  ,49.3257,-7.07022  ,49.4335,-7.45076   ,49.5677,-7.79472  ,49.7134,-8.13771  ,49.8599,-8.49118    ,50.0012,-8.80315  ,50.1588,-9.1289   ,49.1245,-5.21804  ,49.4312,-5.5111    ,49.5338,-5.81452  ,49.6073,-6.16423  ,49.6664,-6.55111  ,49.7198,-6.86697   ,49.8173,-7.25829   ,49.935 ,-7.6089   ,50.0554,-7.95941   ,50.1664,-8.3329   ,50.2358,-8.66709  ,50.1588,-9.1289   ,49.7188,-8.8368   ,49.5091,-8.54586  ,49.3303,-8.21782   ,49.1601,-7.88261  ,49.015 ,-7.54159  ,48.9061,-7.15386   ,48.8492,-6.8334   ,48.8019,-6.4271   ,48.7825,-6.02583  ,48.8242,-5.60936  ,49.432 ,7.13409   ,1.30362    ,501,111903,50.1743,10.6036,119.154,0
2111,49.0892,-5.24468  ,49.1289,-5.61123   ,49.1809,-6.00505 ,49.2344,-6.35944  ,49.2924,-6.72049  ,49.3534,-7.07968  ,49.429 ,-7.41401   ,49.544 ,-7.75861  ,49.6777,-8.07425  ,49.8207,-8.39403    ,49.9735,-8.72265  ,50.1244,-9.04405  ,49.0892,-5.24468  ,49.4153,-5.51792   ,49.546 ,-5.85537  ,49.6233,-6.16534  ,49.6876,-6.49921  ,49.7454,-6.85387   ,49.8112,-7.19488   ,49.9112,-7.54452  ,50.0248,-7.87113   ,50.1366,-8.21229  ,50.2252,-8.5754   ,50.1244,-9.04405  ,49.6775,-8.77762  ,49.4631,-8.48239  ,49.2906,-8.18805   ,49.1413,-7.87929  ,49.0187,-7.52671  ,48.94  ,-7.18776   ,48.8776,-6.82094  ,48.8266,-6.43423  ,48.7991,-6.03906  ,48.8308,-5.59845  ,49.4401,7.13582   ,1.3101     ,496,110798,48.7069,10.6931,116.912,0
2112,48.9635,-5.29655  ,49.0492,-5.66333   ,49.1475,-6.06439 ,49.2306,-6.40931  ,49.305 ,-6.7705   ,49.3708,-7.14774  ,49.4471,-7.5016    ,49.5668,-7.85934  ,49.7164,-8.19802  ,49.8614,-8.50793    ,50.0079,-8.83473  ,50.1402,-9.17033  ,48.9635,-5.29655  ,49.3672,-5.54579   ,49.5179,-5.93055  ,49.6048,-6.25806  ,49.6861,-6.59227  ,49.7564,-6.95604   ,49.8342,-7.30724   ,49.9444,-7.67814  ,50.0752,-8.02048   ,50.1821,-8.33553  ,50.2597,-8.68703  ,50.1402,-9.17033  ,49.7089,-8.87443  ,49.4911,-8.5736   ,49.3116,-8.27665   ,49.1507,-7.94408  ,49.0316,-7.58399  ,48.9628,-7.21498   ,48.9009,-6.82462  ,48.8293,-6.4446   ,48.7487,-6.08338  ,48.7044,-5.67044  ,49.4445,7.19392   ,1.29096    ,507,112410,49.8818,10.4124,118.083,0
2113,49.035 ,-5.25507  ,49.0574,-5.68635   ,49.115 ,-6.06247 ,49.1803,-6.37065  ,49.2871,-6.77418  ,49.3788,-7.11238  ,49.4631,-7.46004   ,49.5702,-7.84841  ,49.7111,-8.20376  ,49.8594,-8.51767    ,50.0474,-8.89496  ,50.1948,-9.17852  ,49.035 ,-5.25507  ,49.3952,-5.59575   ,49.4849,-5.95033  ,49.5545,-6.23601  ,49.6624,-6.61653  ,49.7586,-6.94049   ,49.8419,-7.28786   ,49.9419,-7.68712  ,50.0691,-8.04419   ,50.1865,-8.35035  ,50.2972,-8.74725  ,50.1948,-9.17852  ,49.7423,-8.93704  ,49.4806,-8.57787  ,49.3082,-8.26226   ,49.1647,-7.90368  ,49.0563,-7.5165   ,48.9696,-7.17014   ,48.8801,-6.81966  ,48.7781,-6.38454  ,48.7221,-6.04879  ,48.7071,-5.65637  ,49.4483,7.22384   ,1.28206    ,507,113622,50.6184,10.0782,120.326,0
2114,49.0382,-5.25252  ,49.0509,-5.65338   ,49.1041,-6.05259 ,49.1812,-6.44675  ,49.2576,-6.7538   ,49.386 ,-7.14011  ,49.5071,-7.52845   ,49.6102,-7.86853  ,49.7301,-8.20226  ,49.8901,-8.57986    ,50.0458,-8.9057   ,50.2147,-9.23231  ,49.0382,-5.25252  ,49.3783,-5.56705   ,49.4681,-5.9475   ,49.5499,-6.311    ,49.6286,-6.5922   ,49.7622,-6.95314   ,49.8863,-7.32972   ,49.9768,-7.67634  ,50.0733,-8.01377   ,50.2041,-8.39081  ,50.3115,-8.72883  ,50.2147,-9.23231  ,49.7274,-8.9747   ,49.5267,-8.66111  ,49.3447,-8.28122   ,49.2078,-7.94745  ,49.0945,-7.61434  ,48.9728,-7.21879   ,48.8538,-6.79712  ,48.7843,-6.4543   ,48.718 ,-6.02323  ,48.7128,-5.61445  ,49.4655,7.26548   ,1.27251    ,517,115412,51.3328,10.3185,122.912,0
2115,48.9336,-5.26798  ,49.03  ,-5.6862    ,49.1062,-6.10203 ,49.1708,-6.43994  ,49.262 ,-6.80471  ,49.3865,-7.18945  ,49.518 ,-7.56315   ,49.6565,-7.92935  ,49.8055,-8.2777   ,49.9549,-8.64063    ,50.1413,-9.02697  ,50.3204,-9.30493  ,48.9336,-5.26798  ,49.3343,-5.54416   ,49.4575,-5.93579  ,49.5288,-6.25009  ,49.621 ,-6.5861   ,49.744 ,-6.95397   ,49.874 ,-7.31662   ,50.0024,-7.68466  ,50.1345,-8.04645   ,50.2644,-8.42121  ,50.379 ,-8.83601  ,50.3204,-9.30493  ,49.8446,-9.10984  ,49.6002,-8.75214  ,49.4344,-8.40935   ,49.2693,-8.07181  ,49.1236,-7.70361  ,48.9924,-7.31725   ,48.8699,-6.90779  ,48.7855,-6.4993   ,48.7301,-6.12822  ,48.6994,-5.69752  ,49.4874,7.30604   ,1.2597     ,530,118085,52.6877,10.3552,124.569,0
2116,49.0849,-5.249    ,49.0548,-5.66141   ,49.1022,-6.0883  ,49.1874,-6.50711  ,49.2909,-6.88991  ,49.405 ,-7.24381  ,49.5415,-7.64898   ,49.6938,-8.03298  ,49.8587,-8.39779  ,50.0358,-8.78609    ,50.2122,-9.14457  ,50.3995,-9.47421  ,49.0849,-5.249    ,49.3833,-5.61905   ,49.4655,-6.03964  ,49.5621,-6.41253  ,49.6759,-6.7503   ,49.79  ,-7.08839   ,49.9217,-7.48547   ,50.0632,-7.86916  ,50.214 ,-8.23959   ,50.3579,-8.63019  ,50.4635,-9.0026   ,50.3995,-9.47421  ,49.8983,-9.16791  ,49.6597,-8.82524  ,49.4557,-8.45153   ,49.2777,-8.0916   ,49.1217,-7.69757  ,48.9816,-7.28299   ,48.8695,-6.90688  ,48.7808,-6.46718  ,48.7161,-5.9927   ,48.7231,-5.57174  ,49.5195,7.38017   ,1.24469    ,540,121759,55.0323,10.1983,128.569,0
2117,49.0858,-5.33017  ,49.0711,-5.77564   ,49.1295,-6.22431 ,49.2014,-6.58667  ,49.3118,-6.9684   ,49.4503,-7.37814  ,49.59  ,-7.78399   ,49.7438,-8.1731   ,49.9258,-8.5487   ,50.0929,-8.88032    ,50.2744,-9.23964  ,50.4377,-9.61547  ,49.0858,-5.33017  ,49.4246,-5.72995   ,49.5022,-6.15409  ,49.5759,-6.48093  ,49.6945,-6.82919  ,49.8363,-7.22773   ,49.9732,-7.63305   ,50.1233,-8.02046  ,50.2847,-8.3922    ,50.4213,-8.72011  ,50.5399,-9.08032  ,50.4377,-9.61547  ,49.9487,-9.27792  ,49.7068,-8.92558  ,49.5116,-8.59924   ,49.3189,-8.21518  ,49.1658,-7.82058  ,49.0248,-7.41202   ,48.8897,-6.98737  ,48.7951,-6.55343  ,48.7332,-6.1431   ,48.7069,-5.68093  ,49.5538,7.46534   ,1.23666    ,556,125100,55.7801,10.2062,131.397,0
2118,49.0401,-5.33567  ,49.088 ,-5.77419   ,49.147 ,-6.22187 ,49.2277,-6.63401  ,49.3311,-6.99768  ,49.4592,-7.3997   ,49.5967,-7.786     ,49.7428,-8.16356  ,49.9432,-8.57639  ,50.1354,-8.93929    ,50.3091,-9.27958  ,50.4889,-9.65239  ,49.0401,-5.33567  ,49.3753,-5.68064   ,49.4973,-6.08358  ,49.5928,-6.45999  ,49.6966,-6.81232  ,49.8295,-7.20993   ,49.9708,-7.59736   ,50.1142,-7.98173  ,50.2912,-8.40242   ,50.4598,-8.76025  ,50.576 ,-9.11203  ,50.4889,-9.65239  ,49.9836,-9.3319   ,49.755 ,-9.00967  ,49.5414,-8.65025   ,49.3285,-8.2375   ,49.1815,-7.86669  ,49.0517,-7.47597   ,48.9292,-7.0664   ,48.8324,-6.6778   ,48.7743,-6.21361  ,48.7843,-5.72202  ,49.5853,7.53194   ,1.23122    ,561,127386,56.3406,10.2282,132.811,0
2119,49.1163,-5.38931  ,49.1202,-5.84207   ,49.1565,-6.21565 ,49.2327,-6.63266  ,49.3604,-7.05366  ,49.488 ,-7.46099  ,49.6263,-7.85082   ,49.7832,-8.2207   ,49.9632,-8.58231  ,50.1549,-8.95342    ,50.3551,-9.27857  ,50.6053,-9.59852  ,49.1163,-5.38931  ,49.4205,-5.7664    ,49.5109,-6.09639  ,49.6022,-6.46982  ,49.7351,-6.85833  ,49.8649,-7.25476   ,49.9985,-7.64866   ,50.1526,-8.01148  ,50.3092,-8.36889   ,50.4636,-8.73428  ,50.5977,-9.06149  ,50.6053,-9.59852  ,50.0406,-9.38886  ,49.787 ,-9.06471  ,49.5651,-8.69255   ,49.3668,-8.32455  ,49.2111,-7.94623  ,49.0748,-7.55116   ,48.948 ,-7.13284  ,48.8324,-6.6643   ,48.7838,-6.18684  ,48.8108,-5.77119  ,49.6059,7.55972   ,1.22529    ,572,128140,55.7488,10.3734,131.64 ,0
2120,49.1013,-5.44043  ,49.125 ,-5.91301   ,49.1674,-6.28642 ,49.2529,-6.69539  ,49.3828,-7.11842  ,49.514 ,-7.52746  ,49.6591,-7.91518   ,49.8229,-8.29013  ,50.0041,-8.66251  ,50.2016,-9.03609    ,50.4454,-9.40122  ,50.7137,-9.69552  ,49.1013,-5.44043  ,49.4348,-5.80258   ,49.5238,-6.13842  ,49.6166,-6.51743  ,49.7544,-6.91252  ,49.891 ,-7.31109   ,50.0306,-7.7061    ,50.1828,-8.08404  ,50.3432,-8.45029   ,50.5012,-8.82072  ,50.6721,-9.1915   ,50.7137,-9.69552  ,50.1419,-9.51165  ,49.8411,-9.14494  ,49.6129,-8.76833   ,49.414 ,-8.38852  ,49.243 ,-8.01714  ,49.0988,-7.62874   ,48.9738,-7.20578  ,48.8554,-6.74507  ,48.79  ,-6.2879   ,48.8037,-5.87484  ,49.6346,7.60869   ,1.21253    ,583,130366,56.8722,10.4669,134.225,0
2121,49.0533,-5.48565  ,49.1175,-5.97674   ,49.189 ,-6.37248 ,49.2885,-6.76581  ,49.3998,-7.15771  ,49.5262,-7.54746  ,49.6658,-7.93518   ,49.8395,-8.31649  ,50.0274,-8.69448  ,50.2338,-9.06608    ,50.4617,-9.42002  ,50.693 ,-9.74352  ,49.0533,-5.48565  ,49.4324,-5.8422    ,49.5383,-6.22329  ,49.6559,-6.60367  ,49.779 ,-6.98314  ,49.9031,-7.36246   ,50.0422,-7.73933   ,50.2015,-8.11247  ,50.3612,-8.4855    ,50.5228,-8.85817  ,50.6792,-9.23185  ,50.693 ,-9.74352  ,50.1509,-9.47182  ,49.8601,-9.1285   ,49.6108,-8.75404   ,49.4035,-8.36895  ,49.2303,-7.97646  ,49.0898,-7.578     ,48.9727,-7.17592  ,48.879 ,-6.77083  ,48.8034,-6.36402  ,48.7773,-5.95432  ,49.6531,7.64425   ,1.20596    ,592,131274,56.652 ,10.3733,138.468,0
2122,49.1887,-5.5627   ,49.1971,-6.01201   ,49.2501,-6.46    ,49.3408,-6.8623   ,49.4646,-7.276    ,49.5923,-7.66827  ,49.7379,-8.03704   ,49.9327,-8.44063  ,50.1151,-8.79713  ,50.3475,-9.1841     ,50.5843,-9.50033  ,50.8365,-9.79437  ,49.1887,-5.5627   ,49.5024,-5.91078   ,49.6142,-6.31483  ,49.7239,-6.68796  ,49.8503,-7.09081  ,49.978 ,-7.48493   ,50.1222,-7.85672   ,50.3004,-8.26114  ,50.4676,-8.61871   ,50.6448,-9.00457  ,50.7972,-9.31309  ,50.8365,-9.79437  ,50.2902,-9.58786  ,49.9775,-9.25269  ,49.7068,-8.86896   ,49.5135,-8.5216   ,49.3105,-8.11283  ,49.1681,-7.74282   ,49.0438,-7.34582  ,48.9235,-6.91137  ,48.8619,-6.45939  ,48.8835,-5.96694  ,49.7112,7.71174   ,1.19484    ,573,128239,56.8754,10.4395,132.225,0
2123,49.1211,-5.75681  ,49.198 ,-6.19288   ,49.2808,-6.57292 ,49.4007,-6.99335  ,49.5059,-7.34649  ,49.6334,-7.74633  ,49.7728,-8.12585   ,49.9437,-8.47574  ,50.1334,-8.82242  ,50.3587,-9.19731    ,50.597 ,-9.50801  ,50.8421,-9.79435  ,49.1211,-5.75681  ,49.5115,-6.09084   ,49.6381,-6.43856  ,49.7714,-6.82636  ,49.8839,-7.16846  ,50.0161,-7.56875   ,50.159 ,-7.95054   ,50.3213,-8.30391  ,50.4927,-8.64444   ,50.6502,-9.00534  ,50.7941,-9.31246  ,50.8421,-9.79435  ,50.3185,-9.60655  ,49.9951,-9.2798   ,49.7183,-8.89887   ,49.513 ,-8.54972  ,49.3444,-8.19576  ,49.2131,-7.81177   ,49.092 ,-7.40844  ,48.995 ,-7.04158  ,48.8931,-6.58275  ,48.8609,-6.16845  ,49.7474,7.81463   ,1.1843     ,542,120148,54.6122,10.4337,127.882,0
2124,49.1037,-6.02012  ,49.2209,-6.42756   ,49.3277,-6.75128 ,49.4533,-7.13266  ,49.5756,-7.51205  ,49.7028,-7.88308  ,49.8291,-8.18933   ,50.0028,-8.5411   ,50.187 ,-8.89109  ,50.3719,-9.19842    ,50.6328,-9.54184  ,50.8341,-9.7917   ,49.1037,-6.02012  ,49.5358,-6.28377   ,49.6665,-6.5816   ,49.8063,-6.93731  ,49.9428,-7.30158  ,50.0792,-7.66489   ,50.2007,-7.97072   ,50.3652,-8.33186  ,50.5394,-8.69359   ,50.666 ,-8.99917  ,50.8318,-9.35915  ,50.8341,-9.7917   ,50.3555,-9.63219  ,50.0113,-9.29522  ,49.7794,-8.98662   ,49.589 ,-8.65108  ,49.4123,-8.30644  ,49.2876,-7.99787   ,49.1738,-7.6144   ,49.0645,-7.21951  ,48.9523,-6.81252  ,48.873 ,-6.46496  ,49.7965,7.92893   ,1.16303    ,514,114115,51.3625,10.5322,121.054,0
2125,49.1123,-6.17008  ,49.2292,-6.54137   ,49.3497,-6.87974 ,49.4874,-7.21511  ,49.6097,-7.56978  ,49.7322,-7.92045  ,49.8612,-8.26253   ,50.0221,-8.59368  ,50.1814,-8.89062  ,50.4044,-9.24225    ,50.6278,-9.52655  ,50.8341,-9.77006  ,49.1123,-6.17008  ,49.5381,-6.411     ,49.7021,-6.7241   ,49.8498,-7.04728  ,49.9868,-7.38847  ,50.1223,-7.73204   ,50.2593,-8.07356   ,50.4092,-8.39738  ,50.5345,-8.6778    ,50.6755,-9.01831  ,50.8122,-9.31947  ,50.8341,-9.77006  ,50.3669,-9.64359  ,50.0637,-9.36681  ,49.7721,-9.00254   ,49.5853,-8.69436  ,49.4239,-8.35537  ,49.3064,-8.01002   ,49.1978,-7.64971  ,49.0878,-7.28427  ,48.9581,-6.94025  ,48.8922,-6.57683  ,49.8272,8.02034   ,1.14829    ,497,111028,49.3807,10.8126,117.054,0
2126,49.1468,-6.23361  ,49.2179,-6.59278   ,49.343 ,-6.95415 ,49.493 ,-7.28774  ,49.6348,-7.62886  ,49.7695,-7.97959  ,49.886 ,-8.27837   ,50.0594,-8.64328  ,50.2037,-8.92989  ,50.3986,-9.25307    ,50.6369,-9.55744  ,50.8594,-9.78322  ,49.1468,-6.23361  ,49.5452,-6.47339   ,49.708 ,-6.81824  ,49.8621,-7.13776  ,50.0163,-7.46199  ,50.154 ,-7.80875   ,50.272 ,-8.10598   ,50.4495,-8.47519  ,50.5806,-8.75419   ,50.6947,-9.05888  ,50.8232,-9.35771  ,50.8594,-9.78322  ,50.369 ,-9.66443  ,50.0298,-9.33793  ,49.7729,-9.00422   ,49.6258,-8.72132  ,49.459 ,-8.35431  ,49.3471,-8.04935   ,49.2134,-7.69718  ,49.0819,-7.34185  ,48.9365,-6.99219  ,48.8647,-6.60579  ,49.8276,8.03563   ,1.13855    ,493,110018,48.9005,10.543 ,115.054,0
2127,49.2094,-6.25145  ,49.2325,-6.68099   ,49.3295,-7.02404 ,49.4652,-7.32914  ,49.6245,-7.6765   ,49.7905,-8.0143   ,49.9448,-8.36643   ,50.0743,-8.66856  ,50.2609,-9.02503  ,50.4584,-9.34757    ,50.6647,-9.63247  ,50.9002,-9.88343  ,49.2094,-6.25145  ,49.5712,-6.56335   ,49.6918,-6.87222  ,49.8299,-7.15895  ,49.9967,-7.48887  ,50.1628,-7.81989   ,50.3149,-8.16976   ,50.4463,-8.46844  ,50.6043,-8.81018   ,50.7283,-9.11996  ,50.8601,-9.42978  ,50.9002,-9.88343  ,50.3973,-9.74853  ,50.1213,-9.47035  ,49.8574,-9.13274   ,49.6565,-8.77054  ,49.5334,-8.45956  ,49.3707,-8.11222   ,49.2063,-7.7657   ,49.0542,-7.40017  ,48.9259,-7.06834  ,48.8768,-6.67743  ,49.8359,8.07429   ,1.12301    ,502,110900,49.9274,10.3716,118.468,0
2128,49.214 ,-6.23998  ,49.2205,-6.65748   ,49.3088,-7.00656 ,49.4328,-7.33128  ,49.6035,-7.6884   ,49.7859,-8.03656  ,49.9389,-8.34498   ,50.1124,-8.6994   ,50.2625,-8.99208  ,50.4613,-9.35551    ,50.6786,-9.66637  ,50.8685,-9.91718  ,49.214 ,-6.23998  ,49.5389,-6.55943   ,49.6539,-6.87303  ,49.7881,-7.16068  ,49.9779,-7.49352  ,50.1819,-7.83931   ,50.3332,-8.15851   ,50.4769,-8.52348  ,50.613 ,-8.80956   ,50.7639,-9.16037  ,50.8976,-9.46914  ,50.8685,-9.91718  ,50.3859,-9.76484  ,50.0942,-9.44461  ,49.8601,-9.07537   ,49.6992,-8.77752  ,49.4943,-8.42744  ,49.3375,-8.13364   ,49.1777,-7.78237  ,49.0333,-7.39673  ,48.926 ,-7.02843  ,48.8881,-6.63493  ,49.8472,8.11078   ,1.11441    ,507,112385,50.1877,10.9674,119.296,0
2129,49.2155,-6.24058  ,49.2218,-6.67056   ,49.3073,-7.03087 ,49.4323,-7.36707  ,49.6108,-7.7332   ,49.7994,-8.08297  ,49.9788,-8.42572   ,50.1399,-8.72167  ,50.3336,-9.07965  ,50.5403,-9.41179    ,50.7803,-9.73942  ,51.0031,-9.96907  ,49.2155,-6.24058  ,49.5427,-6.5665    ,49.6563,-6.88786  ,49.7817,-7.20273  ,49.9804,-7.55605  ,50.1911,-7.90153   ,50.3735,-8.23937   ,50.5143,-8.52366  ,50.6792,-8.86653   ,50.838 ,-9.18363  ,50.9892,-9.50536  ,51.0031,-9.96907  ,50.4911,-9.8707   ,50.1668,-9.52752  ,49.9287,-9.18619   ,49.712 ,-8.82077  ,49.5326,-8.51402  ,49.3542,-8.1658    ,49.1889,-7.80781  ,49.0367,-7.42295  ,48.9217,-7.0581   ,48.8868,-6.65097  ,49.8824,8.1685    ,1.0993     ,524,115213,51.695 ,10.8489,122.125,0
2130,49.0714,-6.32931  ,49.2206,-6.73814   ,49.3513,-7.11368 ,49.4969,-7.48928  ,49.6731,-7.84423  ,49.863 ,-8.1928   ,50.0414,-8.53086   ,50.2277,-8.86386  ,50.4309,-9.20649  ,50.6712,-9.57079    ,50.8928,-9.90585  ,51.0733,-10.2097  ,49.0714,-6.32931  ,49.5324,-6.60669   ,49.6946,-6.96455  ,49.8617,-7.32929  ,50.0643,-7.69436  ,50.2712,-8.04337   ,50.4431,-8.38234   ,50.6366,-8.72824  ,50.8308,-9.07281   ,51.0035,-9.41024  ,51.1358,-9.73952  ,51.0733,-10.2097  ,50.5778,-9.96039  ,50.2657,-9.62364  ,49.9697,-9.24004   ,49.7637,-8.9038   ,49.5876,-8.58405  ,49.4039,-8.24327   ,49.2279,-7.89442  ,49.0861,-7.54439  ,48.9701,-7.15492  ,48.8732,-6.76226  ,49.9556,8.27821   ,1.08256    ,541,119637,53.7866,10.9194,125.539,0
2131,49.201 ,-6.42013  ,49.2838,-6.82418   ,49.4044,-7.23912 ,49.5682,-7.59771  ,49.7778,-7.9991   ,49.9555,-8.3543   ,50.138 ,-8.70009   ,50.3477,-9.05009  ,50.5836,-9.41144  ,50.7946,-9.74126    ,50.9792,-10.1005  ,51.1204,-10.475   ,49.201 ,-6.42013  ,49.5885,-6.68958   ,49.7539,-7.07837  ,49.9264,-7.42873  ,50.1655,-7.83755  ,50.3461,-8.18804   ,50.5241,-8.53793   ,50.7388,-8.89838  ,50.9582,-9.25623   ,51.1194,-9.56491  ,51.2318,-9.9309   ,51.1204,-10.475   ,50.6715,-10.1501  ,50.4006,-9.80303  ,50.1385,-9.46132   ,49.8951,-9.10115  ,49.6971,-8.76356  ,49.5135,-8.42004   ,49.3386,-8.05976  ,49.1607,-7.66605  ,49.0133,-7.29042  ,48.9536,-6.83197  ,50.0362,8.40577   ,1.0819     ,559,123894,55.3936,10.6418,129.539,0
2132,49.1512,-6.48971  ,49.3104,-6.9102    ,49.4468,-7.28027 ,49.631 ,-7.68795  ,49.7892,-8.00991  ,49.9867,-8.38644  ,50.1869,-8.76154   ,50.3987,-9.13083  ,50.6066,-9.45693  ,50.8068,-9.79029    ,51.0228,-10.1468  ,51.2397,-10.4874  ,49.1512,-6.48971  ,49.6095,-6.7643    ,49.7753,-7.10097  ,49.9906,-7.50433  ,50.1671,-7.82771  ,50.3802,-8.21671   ,50.5945,-8.60964   ,50.7854,-8.97278  ,50.9729,-9.28827   ,51.1365,-9.60077  ,51.2759,-9.94751  ,51.2397,-10.4874  ,50.6949,-10.2262  ,50.4096,-9.86542  ,50.1719,-9.51652   ,49.9473,-9.18203  ,49.7221,-8.8082   ,49.5361,-8.44685   ,49.3577,-8.087    ,49.2178,-7.75944  ,49.0693,-7.33762  ,48.9686,-6.93281  ,50.0995,8.51357   ,1.08023    ,566,126430,55.4687,10.9727,130.368,0
2133,49.224 ,-6.57672  ,49.3615,-6.99719   ,49.4992,-7.36357 ,49.67  ,-7.75139  ,49.8641,-8.12912  ,50.0459,-8.48536  ,50.231 ,-8.83748   ,50.4291,-9.19372  ,50.6563,-9.56268  ,50.8821,-9.95217    ,51.0708,-10.3021  ,51.216 ,-10.6367  ,49.224 ,-6.57672  ,49.6534,-6.83856   ,49.8444,-7.19337  ,50.0357,-7.5686   ,50.2412,-7.9328   ,50.4428,-8.29723   ,50.6195,-8.65447   ,50.7995,-9.01176  ,51.0109,-9.3813    ,51.1921,-9.76843  ,51.317 ,-10.1221  ,51.216 ,-10.6367  ,50.7655,-10.3639  ,50.5073,-10.0228  ,50.2354,-9.63618   ,49.9996,-9.27315  ,49.7868,-8.91906  ,49.5989,-8.5736    ,49.4308,-8.21922  ,49.2536,-7.82571  ,49.1058,-7.41617  ,49.0277,-7.03185  ,50.141 ,8.59861   ,1.08509    ,561,125227,55.6089,10.8902,130.368,0
2134,49.3505,-6.73065  ,49.4367,-7.12411   ,49.5812,-7.53112 ,49.7462,-7.88998  ,49.8992,-8.19372  ,50.082 ,-8.54476  ,50.2777,-8.90768   ,50.4887,-9.27535  ,50.676 ,-9.58333  ,50.8972,-9.94588    ,51.0825,-10.2659  ,51.2547,-10.5825  ,49.3505,-6.73065  ,49.7316,-7.00196   ,49.9353,-7.36561  ,50.112 ,-7.71173  ,50.2882,-8.01192  ,50.4708,-8.35514   ,50.6505,-8.7029    ,50.86  ,-9.08332  ,51.0306,-9.39453   ,51.2047,-9.73614  ,51.3418,-10.0573  ,51.2547,-10.5825  ,50.7635,-10.3697  ,50.5264,-10.0498  ,50.2592,-9.6703    ,50.055 ,-9.36286  ,49.8463,-9.0078   ,49.6398,-8.63278   ,49.4587,-8.27497  ,49.3309,-7.96767  ,49.1824,-7.58778  ,49.109 ,-7.12405  ,50.1845,8.66594   ,1.07685    ,546,121850,52.9576,10.7454,125.539,0
2135,49.4033,-6.81127  ,49.4665,-7.25085   ,49.6175,-7.62849 ,49.8099,-7.98698  ,49.9959,-8.38129  ,50.1903,-8.73403  ,50.3833,-9.09778   ,50.5813,-9.4526   ,50.8053,-9.81159  ,51.0196,-10.1442    ,51.2532,-10.4868  ,51.468 ,-10.7984  ,49.4033,-6.81127  ,49.7965,-7.17707   ,49.9942,-7.53647  ,50.234 ,-7.90226  ,50.4417,-8.29631  ,50.6352,-8.6442    ,50.8309,-8.99278   ,51.0008,-9.33308  ,51.1707,-9.6737    ,51.3055,-9.98387  ,51.4313,-10.3173  ,51.468 ,-10.7984  ,50.9989,-10.5439  ,50.6583,-10.1905  ,50.373 ,-9.84413   ,50.1016,-9.47144  ,49.8825,-9.09961  ,49.687 ,-8.72006   ,49.5017,-8.36882  ,49.335 ,-7.97131  ,49.1874,-7.61599  ,49.1083,-7.21225  ,50.2414,8.7757    ,1.06198    ,546,120789,55.5423,11.7054,128.61 ,0
2136,49.413 ,-6.97218  ,49.5203,-7.39465   ,49.6536,-7.7286  ,49.8514,-8.07618  ,50.0302,-8.41871  ,50.2162,-8.77339  ,50.4024,-9.11514   ,50.6046,-9.46269  ,50.8242,-9.83654  ,51.0257,-10.1665    ,51.2366,-10.4815  ,51.4546,-10.7655  ,49.413 ,-6.97218  ,49.8057,-7.23131   ,49.989 ,-7.53154  ,50.2131,-7.89023  ,50.4114,-8.23675  ,50.5955,-8.5789    ,50.7968,-8.9251    ,50.9971,-9.27359  ,51.1665,-9.63934   ,51.2908,-9.95735  ,51.4129,-10.2933  ,51.4546,-10.7655  ,50.9882,-10.5696  ,50.6921,-10.2655  ,50.4178,-9.92494   ,50.1499,-9.54921  ,49.9568,-9.20885  ,49.7803,-8.86717   ,49.6004,-8.50091  ,49.4331,-8.16516  ,49.2668,-7.81993  ,49.1993,-7.44193  ,50.2833,8.85276   ,1.05876    ,525,116487,53.1289,10.9259,123.539,0
2137,49.4074,-7.03419  ,49.5248,-7.45936   ,49.6621,-7.77462 ,49.8638,-8.11203  ,50.0611,-8.44708  ,50.2556,-8.82224  ,50.4214,-9.14809   ,50.6106,-9.48797  ,50.8245,-9.85594  ,51.0362,-10.1944    ,51.2185,-10.4813  ,51.4265,-10.811   ,49.4074,-7.03419  ,49.8315,-7.30486   ,50.0005,-7.60405  ,50.2345,-7.96176  ,50.4711,-8.31654  ,50.6869,-8.70494   ,50.8589,-9.03838   ,51.0576,-9.38818  ,51.2126,-9.75113   ,51.3316,-10.0703  ,51.4146,-10.3515  ,51.4265,-10.811   ,50.9515,-10.4986  ,50.6675,-10.2031  ,50.3699,-9.85257   ,50.1075,-9.48736  ,49.9339,-9.16391  ,49.7784,-8.84668   ,49.5967,-8.48225  ,49.4351,-8.16664  ,49.2695,-7.84512  ,49.1857,-7.50376  ,50.2877,8.86478   ,1.05518    ,512,113401,52.7324,11.7162,122.368,0
2138,49.4655,-7.12887  ,49.5689,-7.54049   ,49.7185,-7.88518 ,49.9055,-8.21847  ,50.0776,-8.50106  ,50.268 ,-8.82325  ,50.4698,-9.19409   ,50.6475,-9.52531  ,50.817 ,-9.81415  ,51.0205,-10.1376    ,51.2458,-10.4691  ,51.4317,-10.7632  ,49.4655,-7.12887  ,49.9006,-7.3962    ,50.0799,-7.73052  ,50.2749,-8.06318  ,50.4685,-8.3531   ,50.6738,-8.68447   ,50.8815,-9.06711   ,51.0779,-9.42297  ,51.2301,-9.70723   ,51.3553,-10.0035  ,51.4643,-10.3251  ,51.4317,-10.7632  ,50.9532,-10.5069  ,50.6133,-10.159   ,50.3436,-9.82146   ,50.164 ,-9.53339  ,50.0084,-9.22681  ,49.8094,-8.87043   ,49.6304,-8.55599  ,49.4784,-8.27807  ,49.3097,-7.94549  ,49.2027,-7.57997  ,50.3148,8.9053    ,1.04407    ,510,112624,50.9264,11.2898,118.953,0
2139,49.4708,-7.12516  ,49.5629,-7.53598   ,49.7181,-7.87472 ,49.8952,-8.19356  ,50.1046,-8.54808  ,50.285 ,-8.8477   ,50.4929,-9.19713   ,50.6847,-9.54162  ,50.8571,-9.84159  ,51.0411,-10.1581    ,51.279 ,-10.5231  ,51.4817,-10.772   ,49.4708,-7.12516  ,49.8852,-7.38113   ,50.0775,-7.71523  ,50.2714,-8.04032  ,50.4944,-8.3934   ,50.6819,-8.69237   ,50.8884,-9.03848   ,51.0633,-9.37458  ,51.2056,-9.65937   ,51.3418,-9.9582   ,51.4879,-10.3358  ,51.4817,-10.772   ,50.9984,-10.6135  ,50.6773,-10.2499  ,50.4496,-9.9222    ,50.251 ,-9.61019  ,50.0395,-9.25646  ,49.8278,-8.90301   ,49.6554,-8.60295  ,49.4596,-8.2425   ,49.3002,-7.92528  ,49.2022,-7.57373  ,50.3362,8.93171   ,1.04197    ,517,113835,51.4021,10.7887,120.953,0
2140,49.4291,-7.11969  ,49.5511,-7.52304   ,49.6952,-7.84828 ,49.8995,-8.22259  ,50.0797,-8.52358  ,50.2761,-8.86332  ,50.4953,-9.21161   ,50.6781,-9.50885  ,50.9006,-9.86179  ,51.0797,-10.1753    ,51.2761,-10.4946  ,51.48  ,-10.8213  ,49.4291,-7.11969  ,49.8688,-7.37873   ,50.0222,-7.6739   ,50.2351,-8.02621  ,50.4429,-8.33481  ,50.6681,-8.68793   ,50.8864,-9.0373    ,51.0493,-9.32883  ,51.2487,-9.67305   ,51.3868,-9.9769   ,51.5186,-10.293   ,51.48  ,-10.8213  ,50.9668,-10.5901  ,50.7112,-10.2674  ,50.4919,-9.94895   ,50.244 ,-9.58925  ,50.0418,-9.28632  ,49.8253,-8.94069   ,49.6598,-8.61467  ,49.5024,-8.31468  ,49.3133,-7.91409  ,49.1958,-7.56012  ,50.3644,8.97269   ,1.03481    ,521,115843,52.0756,10.7994,122.368,0
2141,49.4775,-7.13964  ,49.5631,-7.52847   ,49.7295,-7.91555 ,49.9059,-8.25044  ,50.0972,-8.57924  ,50.2906,-8.8936   ,50.4825,-9.20657   ,50.7089,-9.57437  ,50.9167,-9.87965  ,51.1239,-10.1803    ,51.3255,-10.5051  ,51.5326,-10.8161  ,49.4775,-7.13964  ,49.8692,-7.37937   ,50.0587,-7.73784  ,50.251 ,-8.05065  ,50.4657,-8.36972  ,50.6647,-8.68227   ,50.8604,-8.99276   ,51.0565,-9.3453   ,51.2407,-9.65049   ,51.4274,-9.95929  ,51.5807,-10.2882  ,51.5326,-10.8161  ,51.0033,-10.6157  ,50.7518,-10.2957  ,50.5243,-10.011    ,50.2922,-9.69784  ,50.0425,-9.31615  ,49.8521,-9.00075   ,49.6649,-8.68198  ,49.4984,-8.33829  ,49.3461,-7.98228  ,49.222 ,-7.56817  ,50.3895,9.00785   ,1.02793    ,528,118102,51.9778,10.7868,123.196,0
2142,49.5284,-7.14568  ,49.6001,-7.53882   ,49.7468,-7.93677 ,49.9432,-8.29917  ,50.1456,-8.65339  ,50.3305,-8.95495  ,50.5546,-9.30222   ,50.7697,-9.64678  ,50.9593,-9.95104  ,51.1829,-10.2768    ,51.4104,-10.6085  ,51.6214,-10.9352  ,49.5284,-7.14568  ,49.8992,-7.42812   ,50.1018,-7.79405  ,50.3178,-8.14546  ,50.5344,-8.49178  ,50.7356,-8.7943    ,50.968 ,-9.14667   ,51.1775,-9.49127  ,51.347 ,-9.78159   ,51.5132,-10.0767  ,51.6699,-10.4023  ,51.6214,-10.9352  ,51.0781,-10.7068  ,50.7746,-10.3658  ,50.5047,-10.0162   ,50.3007,-9.70345  ,50.0775,-9.35899  ,49.8628,-9.01593   ,49.6973,-8.71322  ,49.5112,-8.35221  ,49.3409,-7.97066  ,49.2728,-7.53239  ,50.4482,9.08968   ,1.0229     ,549,121902,53.5125,11.2275,126.024,0
2143,49.4646,-7.22058  ,49.6373,-7.63556   ,49.8072,-8.03201 ,50.004 ,-8.39293  ,50.2157,-8.75238  ,50.4406,-9.11718  ,50.6424,-9.4323    ,50.8572,-9.79308  ,51.1004,-10.1725  ,51.3543,-10.5248    ,51.578 ,-10.8168  ,51.8286,-11.1264  ,49.4646,-7.22058  ,49.9336,-7.45867   ,50.1401,-7.84383  ,50.3623,-8.2143   ,50.6151,-8.59322  ,50.8522,-8.96602   ,51.0528,-9.2838    ,51.2713,-9.64929  ,51.4723,-10.0083   ,51.6519,-10.3272  ,51.7855,-10.6106  ,51.8286,-11.1264  ,51.2799,-10.91    ,50.9696,-10.6028  ,50.6495,-10.2236   ,50.3826,-9.83334  ,50.169 ,-9.47729  ,49.9595,-9.1624    ,49.7567,-8.80882  ,49.5872,-8.46985  ,49.4227,-8.11198  ,49.2962,-7.69627  ,50.5219,9.19306   ,1.01866    ,565,125089,56.2354,11.2107,130.024,0
2144,49.4913,-7.23698  ,49.6368,-7.63013   ,49.815 ,-8.04119 ,50.0261,-8.4175   ,50.2166,-8.73556  ,50.4459,-9.11046  ,50.674 ,-9.48494   ,50.8727,-9.80752  ,51.1335,-10.1994  ,51.354 ,-10.4915    ,51.6378,-10.8333  ,51.8616,-11.1291  ,49.4913,-7.23698  ,49.9372,-7.4737    ,50.1579,-7.8704   ,50.4004,-8.25272  ,50.6113,-8.57744  ,50.8432,-8.95291   ,51.0798,-9.32994   ,51.272 ,-9.64979  ,51.495 ,-10.022    ,51.6582,-10.2855  ,51.8592,-10.6096  ,51.8616,-11.1291  ,51.3252,-10.9473  ,50.9561,-10.5799  ,50.6912,-10.2621   ,50.4056,-9.85679  ,50.2049,-9.53353  ,49.9818,-9.16044   ,49.7576,-8.78715  ,49.5896,-8.47668  ,49.4171,-8.09926  ,49.2898,-7.66737  ,50.5507,9.22028   ,1.01215    ,570,127174,56.1577,11.0163,131.095,0
2145,49.4919,-7.24029  ,49.6582,-7.66025   ,49.8288,-8.06017 ,50.0414,-8.43735  ,50.2326,-8.7539   ,50.4593,-9.12583  ,50.6892,-9.49846   ,50.922 ,-9.87334  ,51.1482,-10.2105  ,51.4265,-10.5718    ,51.6756,-10.8686  ,51.9207,-11.1624  ,49.4919,-7.24029  ,49.9664,-7.49528   ,50.1615,-7.87074  ,50.4153,-8.25761  ,50.6227,-8.58257  ,50.857 ,-8.95888   ,51.0954,-9.33662   ,51.3239,-9.7113   ,51.5156,-10.0297   ,51.7263,-10.3564  ,51.9047,-10.6477  ,51.9207,-11.1624  ,51.3488,-10.9758  ,51.0277,-10.6648  ,50.6991,-10.2756   ,50.4511,-9.92686  ,50.217 ,-9.55387  ,49.9975,-9.18658   ,49.776 ,-8.81879  ,49.6069,-8.51231  ,49.4401,-8.13649  ,49.3063,-7.71267  ,50.5722,9.24242   ,1.01079    ,582,128813,56.8692,11.0972,132.51 ,0
2146,49.5296,-7.22405  ,49.654 ,-7.65522   ,49.8306,-8.06529 ,50.011 ,-8.39187  ,50.2403,-8.76546  ,50.468 ,-9.1403   ,50.6904,-9.51315   ,50.8894,-9.83598  ,51.1634,-10.2373  ,51.4063,-10.548     ,51.6669,-10.8549  ,51.9433,-11.1475  ,49.5296,-7.22405  ,49.9637,-7.51551   ,50.1758,-7.9057   ,50.3859,-8.2317   ,50.6421,-8.6131   ,50.8749,-8.98803   ,51.0967,-9.35925   ,51.287 ,-9.6775   ,51.5203,-10.0507   ,51.706 ,-10.3248  ,51.888 ,-10.6133  ,51.9433,-11.1475  ,51.3426,-10.9786  ,51.0044,-10.6452  ,50.7187,-10.304    ,50.4237,-9.88565  ,50.2212,-9.56066  ,49.997 ,-9.18578   ,49.7709,-8.81019  ,49.5735,-8.44573  ,49.4308,-8.11046  ,49.2986,-7.67784  ,50.5761,9.25637   ,1.00993    ,579,129546,56.9804,11.0366,133.338,0
2147,49.518 ,-7.2174   ,49.6581,-7.67409   ,49.8202,-8.03561 ,50.0589,-8.47112  ,50.252 ,-8.79576  ,50.4892,-9.17947  ,50.7202,-9.56091   ,50.9701,-9.94972  ,51.2159,-10.3033  ,51.4626,-10.6203    ,51.7725,-10.9849  ,52.0453,-11.2629  ,49.518 ,-7.2174   ,49.9719,-7.5239    ,50.173 ,-7.87231  ,50.443 ,-8.31387  ,50.6642,-8.64801  ,50.9005,-9.03164   ,51.1287,-9.41275   ,51.3741,-9.79856  ,51.5754,-10.1265   ,51.7532,-10.41    ,51.9606,-10.7661  ,52.0453,-11.2629  ,51.4832,-11.0919  ,51.0689,-10.7023  ,50.7664,-10.3579   ,50.4915,-9.98781  ,50.2451,-9.59995  ,50.0097,-9.21755   ,49.7737,-8.83456  ,49.6123,-8.52107  ,49.4112,-8.08337  ,49.2963,-7.70001  ,50.5885,9.27282   ,1.00591    ,593,131074,58.9888,11.1595,136.51 ,0
2148,49.5177,-7.21768  ,49.6577,-7.67928   ,49.8434,-8.098   ,50.0706,-8.48426  ,50.2788,-8.81561  ,50.5023,-9.19778  ,50.7325,-9.58155   ,50.9863,-9.97445  ,51.2378,-10.332   ,51.5398,-10.7163    ,51.7967,-11.0202  ,52.0648,-11.326   ,49.5177,-7.21768  ,49.9718,-7.52902   ,50.1921,-7.93269  ,50.4505,-8.32727  ,50.6764,-8.66592  ,50.9133,-9.05311   ,51.1444,-9.43852   ,51.3931,-9.82859  ,51.5965,-10.1602   ,51.8122,-10.5079  ,51.985 ,-10.8102  ,52.0648,-11.326   ,51.5086,-11.1159  ,51.1635,-10.7957  ,50.7869,-10.38     ,50.504 ,-10.0061  ,50.2525,-9.61434  ,50.0258,-9.23288   ,49.8141,-8.85535  ,49.6221,-8.53127  ,49.4358,-8.14918  ,49.2973,-7.70481  ,50.602 ,9.29002   ,1.00409    ,594,131989,59.7308,11.1495,137.924,0
2149,49.5178,-7.21722  ,49.6541,-7.66806   ,49.836 ,-8.08193 ,50.0542,-8.46162  ,50.2879,-8.84072  ,50.5154,-9.21925  ,50.742 ,-9.59714   ,50.9588,-9.9293   ,51.2065,-10.2802  ,51.4876,-10.6477    ,51.7895,-10.9943  ,52.0528,-11.2741  ,49.5178,-7.21722  ,49.9688,-7.52376   ,50.1866,-7.92399  ,50.4422,-8.31488  ,50.7028,-8.70623  ,50.9348,-9.08923   ,51.1635,-9.47103   ,51.3819,-9.80544  ,51.6077,-10.1424   ,51.8123,-10.4713  ,52.0033,-10.7931  ,52.0528,-11.2741  ,51.4741,-11.0873  ,51.0663,-10.7021  ,50.7176,-10.2977   ,50.4599,-9.94061  ,50.2532,-9.61458  ,50.0304,-9.24118   ,49.805 ,-8.86635  ,49.6019,-8.5011   ,49.4278,-8.12686  ,49.2942,-7.68956  ,50.6041,9.29018   ,1.00133    ,597,132664,59.1591,11.4284,136.51 ,0
2150,49.4623,-7.22228  ,49.6522,-7.66037   ,49.8335,-8.07615 ,50.0573,-8.46087  ,50.269 ,-8.83352  ,50.5116,-9.21611  ,50.7157,-9.54267   ,50.9504,-9.92579  ,51.2122,-10.2834  ,51.5156,-10.6556    ,51.8079,-10.9896  ,52.0666,-11.2557  ,49.4623,-7.22228  ,49.9451,-7.48034   ,50.1633,-7.88309  ,50.4325,-8.28253  ,50.6719,-8.6698   ,50.9086,-9.05471   ,51.1291,-9.39004   ,51.3638,-9.7746   ,51.5921,-10.1137   ,51.8338,-10.4583  ,52.0229,-10.7813  ,52.0666,-11.2557  ,51.4979,-11.0954  ,51.096 ,-10.7312  ,50.7372,-10.33     ,50.4628,-9.96399  ,50.2367,-9.58726  ,50.0427,-9.26745   ,49.8049,-8.89041  ,49.6167,-8.53138  ,49.4469,-8.15437  ,49.3102,-7.72045  ,50.6086,9.29266   ,0.999616   ,602,133300,59.2725,11.2908,136.51 ,0
2151,49.4624,-7.22146  ,49.6508,-7.66806   ,49.8134,-8.0267  ,50.0499,-8.4586   ,50.2758,-8.83583  ,50.4804,-9.16352  ,50.7177,-9.54498   ,50.9599,-9.92974  ,51.2143,-10.2831  ,51.5136,-10.6535    ,51.8057,-10.9883  ,52.0643,-11.257   ,49.4624,-7.22146  ,49.9485,-7.48226   ,50.1504,-7.83346  ,50.4197,-8.2783   ,50.6781,-8.66993  ,50.8828,-9.00104   ,51.1282,-9.38904   ,51.3634,-9.77432  ,51.5925,-10.1141   ,51.8344,-10.4592  ,52.0238,-10.7829  ,52.0643,-11.257   ,51.4926,-11.0909  ,51.092 ,-10.7262  ,50.7436,-10.3303   ,50.4819,-9.97269  ,50.2406,-9.59229  ,50.0092,-9.21659   ,49.8064,-8.89295  ,49.618 ,-8.53238  ,49.4201,-8.10526  ,49.3037,-7.73107  ,50.6064,9.28753   ,0.999097   ,603,133342,59.2578,11.1675,136.51 ,0
2152,49.5076,-7.19842  ,49.662 ,-7.6809    ,49.8234,-8.0418  ,50.062 ,-8.47511  ,50.2861,-8.8521   ,50.5171,-9.23237  ,50.7564,-9.61471   ,50.9643,-9.94632  ,51.2308,-10.3065  ,51.5358,-10.6849    ,51.8221,-11.0418  ,52.0741,-11.3379  ,49.5076,-7.19842  ,49.9783,-7.53216   ,50.1792,-7.88223  ,50.4508,-8.32601  ,50.7087,-8.71728  ,50.9458,-9.10297   ,51.1908,-9.49071   ,51.3938,-9.82113  ,51.6272,-10.1615   ,51.8644,-10.5049  ,52.0352,-10.8434  ,52.0741,-11.3379  ,51.5178,-11.1277  ,51.1064,-10.7398  ,50.7374,-10.3274   ,50.4592,-9.9579   ,50.2552,-9.62992  ,50.021 ,-9.25276   ,49.7983,-8.87855  ,49.6107,-8.51735  ,49.4115,-8.08648  ,49.2978,-7.70439  ,50.609 ,9.29698   ,1.00049    ,609,134037,60.1408,11.602 ,137.924,0
2153,49.564 ,-7.19633  ,49.6537,-7.66757   ,49.8256,-8.05418 ,50.0564,-8.46189  ,50.2619,-8.82249  ,50.4901,-9.19047  ,50.7217,-9.55869   ,50.9511,-9.92877  ,51.2029,-10.2745  ,51.5004,-10.6476    ,51.7408,-10.9638  ,51.9854,-11.3178  ,49.564 ,-7.19633  ,49.9854,-7.56547   ,50.1955,-7.93779  ,50.4613,-8.34081  ,50.6953,-8.71731  ,50.9362,-9.09532   ,51.1812,-9.47392   ,51.4116,-9.84818  ,51.6404,-10.1774   ,51.8723,-10.5095  ,52.0104,-10.797   ,51.9854,-11.3178  ,51.3794,-11.005   ,51.0283,-10.6594  ,50.672 ,-10.2516   ,50.4203,-9.90085  ,50.1978,-9.53883  ,49.9773,-9.18005   ,49.7686,-8.82413  ,49.5923,-8.48024  ,49.4014,-8.06854  ,49.2835,-7.64858  ,50.6018,9.2951    ,1.00284    ,605,133883,59.1708,12.1747,137.095,0
2154,49.6109,-7.2784   ,49.7112,-7.74943   ,49.8757,-8.12179 ,50.0862,-8.49983  ,50.2769,-8.82036  ,50.5166,-9.20219  ,50.7497,-9.58185   ,50.9581,-9.91104  ,51.196 ,-10.2543  ,51.4651,-10.6106    ,51.7158,-10.9557  ,51.9452,-11.2695  ,49.6109,-7.2784   ,50.0138,-7.60532   ,50.2432,-7.94599  ,50.4788,-8.3282   ,50.6695,-8.64639  ,50.9167,-9.02544   ,51.156 ,-9.40253   ,51.3454,-9.7204   ,51.5467,-10.0401   ,51.7821,-10.3726  ,51.9701,-10.7255  ,51.9452,-11.2695  ,51.3802,-11.0728  ,51.0589,-10.7303  ,50.7601,-10.3515   ,50.4989,-9.9906   ,50.2773,-9.65292  ,50.0475,-9.26964   ,49.8172,-8.88608  ,49.633 ,-8.56614  ,49.4485,-8.18052  ,49.3652,-7.76428  ,50.6276,9.32689   ,1.0051     ,595,132759,57.1775,11.2058,133.681,0
2155,49.459 ,-7.50618  ,49.7088,-7.86747   ,49.9261,-8.23545 ,50.1343,-8.58284  ,50.3534,-8.9261   ,50.5618,-9.26574  ,50.7945,-9.65094   ,51.0039,-9.99628  ,51.2405,-10.3196  ,51.4973,-10.6507    ,51.7612,-10.9748  ,51.9908,-11.2581  ,49.459 ,-7.50618  ,49.9625,-7.67535   ,50.2749,-8.04599  ,50.5154,-8.41505  ,50.7646,-8.77958  ,50.9985,-9.137     ,51.2514,-9.53824   ,51.4524,-9.88445  ,51.6537,-10.1905   ,51.8276,-10.4845  ,51.9748,-10.7872  ,51.9908,-11.2581  ,51.4616,-11.0574  ,51.0795,-10.7069  ,50.744 ,-10.3386   ,50.4875,-10.0052  ,50.2812,-9.66769  ,50.0654,-9.29763   ,49.8808,-8.97487  ,49.6911,-8.65245  ,49.5191,-8.32228  ,49.3882,-7.95457  ,50.6545,9.38094   ,0.994008   ,568,125933,55.6093,12.0046,127.681,0
2156,49.6962,-7.73546  ,49.8675,-8.11231   ,50.0544,-8.46959 ,50.2284,-8.75678  ,50.4399,-9.0794   ,50.6698,-9.44157  ,50.86  ,-9.75571   ,51.0742,-10.0839  ,51.288 ,-10.3846  ,51.5099,-10.6991    ,51.7152,-11.022   ,51.8714,-11.3376  ,49.6962,-7.73546  ,50.1591,-7.96494   ,50.4293,-8.31528  ,50.6345,-8.61855  ,50.8731,-8.96201  ,51.1277,-9.34159   ,51.3318,-9.66747   ,51.5366,-9.99285  ,51.7105,-10.2682   ,51.8577,-10.5401  ,51.9669,-10.8452  ,51.8714,-11.3376  ,51.4015,-11.0927  ,51.0881,-10.7514  ,50.7927,-10.3988   ,50.5448,-10.0779  ,50.3334,-9.75369  ,50.1565,-9.45165   ,49.9475,-9.1056   ,49.7618,-8.80107  ,49.6246,-8.5248   ,49.5263,-8.15583  ,50.7184,9.49334   ,0.989448   ,533,118237,51.7081,12.2912,121.196,0
2157,49.7593,-7.86049  ,49.9224,-8.24013   ,50.0998,-8.58589 ,50.3059,-8.91353  ,50.5237,-9.22883  ,50.7246,-9.53343  ,50.9423,-9.87939   ,51.1638,-10.2009  ,51.3632,-10.4886  ,51.5709,-10.7891    ,51.7994,-11.1441  ,51.967 ,-11.4406  ,49.7593,-7.86049  ,50.2057,-8.07758   ,50.4541,-8.40612  ,50.6875,-8.74506  ,50.934 ,-9.08296  ,51.171 ,-9.41383   ,51.4088,-9.77934   ,51.6183,-10.099   ,51.7636,-10.3593   ,51.89  ,-10.6238  ,52.0128,-10.9748  ,51.967 ,-11.4406  ,51.5259,-11.2152  ,51.1823,-10.8524  ,50.895 ,-10.5202   ,50.6439,-10.209   ,50.4181,-9.891    ,50.2237,-9.56715   ,50.0519,-9.28588  ,49.8629,-8.99012  ,49.6901,-8.66914  ,49.596 ,-8.3039   ,50.7878,9.61475   ,0.980705   ,516,114769,51.6969,12.2272,119.196,0
2158,49.8424,-7.93262  ,49.9554,-8.32712   ,50.1307,-8.66567 ,50.3153,-8.9449   ,50.5379,-9.26959  ,50.7268,-9.54651  ,50.9342,-9.86599   ,51.1601,-10.1967  ,51.3637,-10.4922  ,51.5738,-10.8081    ,51.7603,-11.1342  ,51.8991,-11.4245  ,49.8424,-7.93262  ,50.2758,-8.18896   ,50.5042,-8.52493  ,50.7336,-8.83015  ,50.9926,-9.17705  ,51.197 ,-9.46444   ,51.4168,-9.7932    ,51.6312,-10.1177  ,51.7762,-10.3798   ,51.9011,-10.657   ,51.9868,-10.9835  ,51.8991,-11.4245  ,51.4774,-11.1789  ,51.1778,-10.8505  ,50.8818,-10.5038   ,50.6224,-10.1794  ,50.3916,-9.84688  ,50.1951,-9.53674   ,50.0197,-9.26949  ,49.834 ,-8.96681  ,49.6994,-8.71213  ,49.5997,-8.36701  ,50.7928,9.6397    ,0.976572   ,503,111384,49.9574,12.5913,115.782,0
2159,49.9521,-7.95602  ,49.998 ,-8.35511   ,50.1535,-8.70091 ,50.3333,-8.97904  ,50.5625,-9.30794  ,50.7604,-9.59113  ,50.9444,-9.86872   ,51.1581,-10.1929  ,51.3519,-10.4807  ,51.544 ,-10.7892    ,51.7082,-11.1149  ,51.8311,-11.4532  ,49.9521,-7.95602  ,50.3402,-8.25744   ,50.5582,-8.59505  ,50.7694,-8.89101  ,51.0297,-9.2371   ,51.2462,-9.52955   ,51.4352,-9.81044   ,51.6267,-10.125   ,51.7795,-10.3895   ,51.9069,-10.67    ,51.981 ,-10.9923  ,51.8311,-11.4532  ,51.3868,-11.1302  ,51.1195,-10.8018  ,50.8592,-10.4739   ,50.6261,-10.1669  ,50.3941,-9.83517  ,50.2102,-9.55895   ,50.0284,-9.28407  ,49.8348,-8.97446  ,49.694 ,-8.71222  ,49.6296,-8.35018  ,50.798 ,9.65303   ,0.983317   ,505,111429,49.275 ,12.7711,117.439,0
2160,49.9171,-7.94676  ,49.9823,-8.32011   ,50.1315,-8.66969 ,50.3397,-9.00566  ,50.5448,-9.29287  ,50.7525,-9.57952  ,50.9776,-9.90712   ,51.1647,-10.1849  ,51.3778,-10.5127  ,51.5615,-10.8143    ,51.7435,-11.1355  ,51.9119,-11.4624  ,49.9171,-7.94676  ,50.3192,-8.19348   ,50.5001,-8.51363  ,50.7274,-8.85055  ,50.9573,-9.15089  ,51.1812,-9.44788   ,51.4001,-9.77602   ,51.5749,-10.049   ,51.7629,-10.3599   ,51.8955,-10.6373  ,51.9949,-10.9595  ,51.9119,-11.4624  ,51.4341,-11.2056  ,51.1655,-10.8863  ,50.9329,-10.5702   ,50.6921,-10.228   ,50.4928,-9.94552  ,50.2556,-9.61607   ,50.0625,-9.33892  ,49.8878,-9.06535  ,49.7101,-8.72809  ,49.6195,-8.34568  ,50.81  ,9.66866   ,0.987263   ,514,113145,49.9935,11.5377,119.196,0
2161,49.8667,-7.95279  ,49.9739,-8.36583   ,50.1302,-8.68071 ,50.3605,-9.03789  ,50.5856,-9.34422  ,50.7972,-9.64266  ,50.9982,-9.93602   ,51.2241,-10.2758  ,51.4265,-10.5716  ,51.6368,-10.9296    ,51.7931,-11.2545  ,51.9408,-11.5761  ,49.8667,-7.95279  ,50.2901,-8.20216   ,50.4764,-8.49819  ,50.7243,-8.86021  ,50.9797,-9.18376  ,51.2236,-9.49879   ,51.4242,-9.7934    ,51.6067,-10.1164  ,51.7708,-10.3931   ,51.9356,-10.7359  ,52.0357,-11.0783  ,51.9408,-11.5761  ,51.5008,-11.323   ,51.2827,-11.0176  ,51.0156,-10.6508   ,50.7753,-10.3376  ,50.507 ,-9.98143  ,50.3017,-9.68792   ,50.1179,-9.40354  ,49.9242,-9.11327  ,49.7253,-8.75997  ,49.6199,-8.423    ,50.8338,9.71203   ,0.986849   ,519,115281,51.5378,11.5418,121.196,0
2162,49.8768,-7.9494   ,49.9683,-8.33721   ,50.1519,-8.70877 ,50.3496,-9.03054  ,50.5867,-9.35817  ,50.8304,-9.6857   ,51.0451,-10.0007   ,51.2435,-10.3086  ,51.4756,-10.6693  ,51.6688,-10.9914    ,51.8391,-11.3377  ,51.9949,-11.6497  ,49.8768,-7.9494   ,50.2772,-8.18779   ,50.491 ,-8.5463   ,50.7215,-8.8714   ,50.9908,-9.21086  ,51.2541,-9.54673   ,51.4668,-9.85977   ,51.6446,-10.1578  ,51.8305,-10.4949   ,51.9734,-10.7916  ,52.0871,-11.1455  ,51.9949,-11.6497  ,51.5391,-11.4142  ,51.302 ,-11.0798  ,51.0548,-10.7402   ,50.7756,-10.3566  ,50.5565,-10.0385  ,50.3278,-9.71663   ,50.1009,-9.39583  ,49.9047,-9.08141  ,49.7541,-8.7658   ,49.6213,-8.37762  ,50.8646,9.76296   ,0.989454   ,531,117899,52.6397,11.5497,125.439,0
2163,49.9177,-7.96077  ,49.993 ,-8.39257   ,50.1858,-8.7478  ,50.3864,-9.05331  ,50.6493,-9.42375  ,50.8805,-9.74536  ,51.0946,-10.066    ,51.2997,-10.3786  ,51.5286,-10.73    ,51.7147,-11.0485    ,51.8699,-11.468   ,51.9212,-11.8082  ,49.9177,-7.96077  ,50.3154,-8.25283   ,50.5331,-8.60826  ,50.7752,-8.93208  ,51.0888,-9.32177  ,51.3359,-9.65049   ,51.5584,-9.98217   ,51.7597,-10.3016  ,51.9456,-10.6319   ,52.0809,-10.9276  ,52.148 ,-11.3678  ,51.9212,-11.8082  ,51.5598,-11.4461  ,51.2908,-11.0574  ,51.0468,-10.7278   ,50.7729,-10.3534  ,50.5614,-10.0433  ,50.3502,-9.73315   ,50.1314,-9.41872  ,49.9274,-9.07086  ,49.7762,-8.78751  ,49.6321,-8.42654  ,50.9242,9.83867   ,0.989131   ,549,121511,53.9889,12.2507,127.439,0
2164,49.8981,-7.94173  ,49.9813,-8.37023   ,50.1826,-8.73722 ,50.3889,-9.06259  ,50.6606,-9.44859  ,50.8997,-9.77894  ,51.1233,-10.1097   ,51.3368,-10.4315  ,51.5716,-10.7906  ,51.7752,-11.1757    ,51.8823,-11.5536  ,51.9162,-11.9223  ,49.8981,-7.94173  ,50.2975,-8.22927   ,50.5309,-8.59479  ,50.7797,-8.92575  ,51.0885,-9.31773  ,51.3373,-9.65244   ,51.5651,-9.99352   ,51.771 ,-10.3209  ,51.9594,-10.6569   ,52.111 ,-11.0299  ,52.1519,-11.4522  ,51.9162,-11.9223  ,51.5875,-11.5266  ,51.3899,-11.2033  ,51.118 ,-10.822    ,50.8328,-10.437   ,50.6094,-10.1161  ,50.3836,-9.79496   ,50.1531,-9.46978  ,49.9255,-9.08878  ,49.7696,-8.77488  ,49.6246,-8.40364  ,50.9452,9.88421   ,0.996996   ,564,124929,55.658 ,11.8262,129.439,0
2165,49.8956,-7.93573  ,49.9787,-8.36486   ,50.2063,-8.76484 ,50.461 ,-9.15342  ,50.7011,-9.4935   ,50.9371,-9.82961  ,51.1837,-10.2099   ,51.3914,-10.5344  ,51.6295,-10.9132  ,51.8375,-11.3073    ,51.9747,-11.7547  ,52.0159,-12.1202  ,49.8956,-7.93573  ,50.2919,-8.23198   ,50.5692,-8.64619  ,50.8861,-9.06067  ,51.1582,-9.40975  ,51.3973,-9.74252   ,51.6339,-10.1138   ,51.8211,-10.4259  ,52.0132,-10.7807   ,52.1733,-11.1654  ,52.2482,-11.6579  ,52.0159,-12.1202  ,51.6726,-11.7202  ,51.4481,-11.3314  ,51.1804,-10.9373   ,50.892 ,-10.5346  ,50.6654,-10.1982  ,50.4021,-9.8063    ,50.1611,-9.46335  ,49.9608,-9.1342   ,49.772 ,-8.77277  ,49.6187,-8.37755  ,50.9918,9.96788   ,1.00494    ,585,128395,58.3965,12.2468,134.267,0
2166,49.7836,-8.01571  ,50.0163,-8.45349   ,50.2318,-8.81096 ,50.4648,-9.16638  ,50.723 ,-9.52786  ,50.9624,-9.88063  ,51.1843,-10.2258   ,51.4129,-10.6176  ,51.615 ,-10.9568  ,51.8151,-11.3674    ,51.9711,-11.7495  ,52.0386,-12.1463  ,49.7836,-8.01571  ,50.3013,-8.25659   ,50.5644,-8.63644  ,50.8566,-9.02207  ,51.1524,-9.40147  ,51.4042,-9.75913   ,51.6086,-10.0989   ,51.8233,-10.4865  ,51.9857,-10.8119   ,52.1565,-11.2287  ,52.2735,-11.6379  ,52.0386,-12.1463  ,51.6221,-11.731   ,51.4201,-11.3851  ,51.1778,-10.9876   ,50.9375,-10.6369  ,50.6883,-10.2388  ,50.4438,-9.88572   ,50.2071,-9.53416  ,49.9913,-9.19118  ,49.8249,-8.86752  ,49.6645,-8.53045  ,51.002 ,10.012    ,1.01676    ,588,130631,58.1683,11.8807,137.095,0
2167,49.7472,-8.05934  ,49.9935,-8.42602   ,50.241 ,-8.85346 ,50.4466,-9.16075  ,50.7044,-9.52203  ,50.9492,-9.87647  ,51.2097,-10.2812   ,51.416 ,-10.6216  ,51.6441,-11.0162  ,51.813 ,-11.3688    ,52.0079,-11.8147  ,52.1043,-12.1658  ,49.7472,-8.05934  ,50.2607,-8.19669   ,50.5691,-8.63951  ,50.8108,-8.96454  ,51.1007,-9.34476  ,51.3618,-9.70931   ,51.6203,-10.1175   ,51.807 ,-10.4541  ,51.9983,-10.8393   ,52.1453,-11.2004  ,52.2909,-11.6693  ,52.1043,-12.1658  ,51.6708,-11.8304  ,51.4277,-11.4165  ,51.227 ,-11.0793   ,50.9582,-10.6765  ,50.7265,-10.3301  ,50.4571,-9.92624   ,50.2245,-9.58035  ,49.9956,-9.23466  ,49.8385,-8.94353  ,49.6577,-8.5397   ,51.0024,10.0251   ,1.01422    ,597,131584,58.3664,11.4102,136.267,0
2168,49.8023,-8.04318  ,50.014 ,-8.44681   ,50.2622,-8.88323 ,50.4705,-9.19212  ,50.7276,-9.55446  ,51.0102,-9.96934  ,51.232 ,-10.3175   ,51.471 ,-10.7165  ,51.6662,-11.058   ,51.8695,-11.4758    ,52.0473,-11.8683  ,52.2453,-12.2488  ,49.8023,-8.04318  ,50.3002,-8.24911   ,50.6114,-8.6972   ,50.8549,-9.02124  ,51.1394,-9.39778  ,51.4357,-9.81921   ,51.6489,-10.165    ,51.8574,-10.5539  ,52.0195,-10.8847   ,52.1902,-11.3065  ,52.3021,-11.7226  ,52.2453,-12.2488  ,51.7307,-11.8829  ,51.491 ,-11.5206  ,51.25  ,-11.1164   ,51.0181,-10.7657  ,50.7428,-10.3545  ,50.5082,-10.0022   ,50.2321,-9.59159  ,49.9988,-9.24024  ,49.8373,-8.94447  ,49.663 ,-8.52215  ,51.027 ,10.0632   ,1.01658    ,604,133229,59.7631,11.5948,139.095,0
2169,49.7997,-8.04353  ,50.0244,-8.46658   ,50.2434,-8.85303 ,50.5015,-9.23559  ,50.7654,-9.60851  ,51.0141,-9.97533  ,51.2792,-10.3939   ,51.4888,-10.7465  ,51.7183,-11.1601  ,51.9208,-11.5945    ,52.1138,-11.9997  ,52.2949,-12.3634  ,49.7997,-8.04353  ,50.3111,-8.26441   ,50.5855,-8.66197  ,50.8876,-9.06336  ,51.1773,-9.44979  ,51.4379,-9.82244   ,51.6913,-10.2379   ,51.8707,-10.5805  ,52.063 ,-10.9846   ,52.2331,-11.4286  ,52.3517,-11.8528  ,52.2949,-12.3634  ,51.8113,-12.0131  ,51.5478,-11.6292  ,51.3131,-11.2159   ,51.038 ,-10.7953  ,50.7942,-10.4314  ,50.5115,-10.0073   ,50.2675,-9.64398  ,50.025 ,-9.28138  ,49.8243,-8.91502  ,49.6697,-8.54199  ,51.0488,10.1009   ,1.01827    ,615,134547,61.3019,11.5852,142.51 ,0
2170,49.9113,-8.0084   ,50.0547,-8.49839   ,50.2611,-8.88178 ,50.5109,-9.24743  ,50.7585,-9.60257  ,50.993 ,-9.95241  ,51.2537,-10.3565   ,51.4503,-10.6947  ,51.6752,-11.0932  ,51.8758,-11.5065    ,52.0653,-11.8919  ,52.2601,-12.2659  ,49.9113,-8.0084   ,50.3612,-8.3372    ,50.6286,-8.72071  ,50.919 ,-9.10343  ,51.1852,-9.46734  ,51.4192,-9.81555   ,51.6779,-10.2165   ,51.8538,-10.5453  ,52.038 ,-10.9284   ,52.2059,-11.3443  ,52.3386,-11.7386  ,52.2601,-12.2659  ,51.7236,-11.9149  ,51.4888,-11.5466  ,51.2525,-11.1432   ,50.9811,-10.7312  ,50.7596,-10.3825  ,50.4892,-9.97282   ,50.252 ,-9.62067  ,50.0166,-9.27086  ,49.8182,-8.91845  ,49.6919,-8.52642  ,51.0524,10.1086   ,1.01857    ,612,134790,59.9152,11.5985,138.853,0
2171,49.8811,-8.07068  ,50.0668,-8.53108   ,50.2799,-8.90441 ,50.5232,-9.26291  ,50.7649,-9.61185  ,51.0291,-10.0104  ,51.233 ,-10.3495   ,51.4717,-10.7638  ,51.6679,-11.1122  ,51.8801,-11.5064    ,52.088 ,-11.9391  ,52.225 ,-12.2964  ,49.8811,-8.07068  ,50.358 ,-8.3359    ,50.6184,-8.70179  ,50.8992,-9.07644  ,51.1641,-9.43639  ,51.4293,-9.8326    ,51.631 ,-10.1692   ,51.8534,-10.5942  ,52.0193,-10.9525   ,52.2019,-11.3376  ,52.3544,-11.7748  ,52.225 ,-12.2964  ,51.7627,-11.9779  ,51.5001,-11.5585  ,51.2527,-11.1592   ,51.0218,-10.8139  ,50.7685,-10.4154  ,50.5564,-10.0752   ,50.287 ,-9.67218  ,50.0648,-9.33132  ,49.8638,-8.98458  ,49.7147,-8.60038  ,51.0581,10.1249   ,1.02306    ,606,133797,59.4507,11.1385,137.924,0
2172,49.8832,-8.07057  ,50.0684,-8.53178   ,50.2821,-8.9061  ,50.524 ,-9.26456  ,50.7576,-9.61139  ,50.9896,-9.95645  ,51.2509,-10.3605   ,51.4471,-10.7137  ,51.6697,-11.1214  ,51.8907,-11.5408    ,52.0794,-11.93    ,52.2476,-12.2667  ,49.8832,-8.07057  ,50.3619,-8.3411    ,50.6242,-8.70942  ,50.9065,-9.08608  ,51.1709,-9.4472   ,51.4039,-9.79019   ,51.6595,-10.1893   ,51.838 ,-10.5511  ,52.0274,-10.9695   ,52.2102,-11.3601  ,52.3349,-11.7523  ,52.2476,-12.2667  ,51.7619,-11.9796  ,51.5078,-11.5951  ,51.2486,-11.1586   ,50.9919,-10.758   ,50.7706,-10.4152  ,50.4984,-10.0078   ,50.2682,-9.66088  ,50.0606,-9.32539  ,49.8619,-8.98005  ,49.7141,-8.59628  ,51.0498,10.1133   ,1.02361    ,605,133262,59.2125,11.4214,137.095,0
2173,49.8303,-8.13942  ,50.0657,-8.53582   ,50.2814,-8.90351 ,50.5626,-9.3213   ,50.7949,-9.66738  ,51.0243,-10.011   ,51.2735,-10.4103   ,51.4769,-10.7602  ,51.6979,-11.1676  ,51.8827,-11.5312    ,52.1145,-11.9779  ,52.2916,-12.3097  ,49.8303,-8.13942  ,50.3466,-8.32693   ,50.6115,-8.68841  ,50.9427,-9.13261  ,51.2036,-9.49448  ,51.4365,-9.83981   ,51.69  ,-10.2437   ,51.8726,-10.6041  ,52.0612,-11.019    ,52.2096,-11.3666  ,52.3576,-11.8152  ,52.2916,-12.3097  ,51.8037,-12.017   ,51.493 ,-11.5697  ,51.2738,-11.1994   ,51.0133,-10.7998  ,50.7884,-10.4617  ,50.5377,-10.0683   ,50.3097,-9.72551  ,50.1019,-9.39264  ,49.8739,-8.99624  ,49.7193,-8.62536  ,51.0659,10.1391   ,1.02165    ,606,133540,59.4553,11.3765,138.51 ,0
2174,49.9332,-8.26226  ,50.1362,-8.70626   ,50.3499,-9.0427  ,50.6375,-9.43493  ,50.8611,-9.77357  ,51.1208,-10.1681  ,51.3262,-10.5002   ,51.5486,-10.8863  ,51.7532,-11.2776  ,51.9618,-11.6899    ,52.1608,-12.0778  ,52.3397,-12.4277  ,49.9332,-8.26226  ,50.4299,-8.50228   ,50.6824,-8.82104  ,51.0061,-9.21723  ,51.2552,-9.56915  ,51.5219,-9.97049   ,51.7298,-10.3057   ,51.9195,-10.6839  ,52.0879,-11.0818   ,52.2538,-11.4949  ,52.3719,-11.8999  ,52.3397,-12.4277  ,51.8826,-12.1285  ,51.6088,-11.7589  ,51.359 ,-11.3621   ,51.1177,-10.9779  ,50.8575,-10.5849  ,50.6465,-10.2534   ,50.3927,-9.86515  ,50.1904,-9.53925  ,49.938 ,-9.15631  ,49.7817,-8.78994  ,51.1164,10.2367   ,1.01913    ,598,130577,59.1249,11.2829,136.853,0
2175,49.941 ,-8.49135  ,50.2004,-8.84179   ,50.4515,-9.187   ,50.6949,-9.52614  ,50.9232,-9.85535  ,51.1568,-10.2217  ,51.3629,-10.577    ,51.5655,-10.9325  ,51.7652,-11.3025  ,51.9318,-11.6393    ,52.0995,-11.994   ,52.2674,-12.3684  ,49.941 ,-8.49135  ,50.44  ,-8.66104   ,50.8088,-9.01309  ,51.128 ,-9.38845  ,51.3867,-9.73924  ,51.6148,-10.1062   ,51.8077,-10.4556   ,51.9791,-10.8     ,52.1364,-11.1656   ,52.2592,-11.507   ,52.3556,-11.877   ,52.2674,-12.3684  ,51.7875,-11.9936  ,51.5495,-11.6553  ,51.3378,-11.3316   ,51.0933,-10.9624  ,50.8618,-10.5978  ,50.6349,-10.2339   ,50.3874,-9.86395  ,50.1818,-9.55154  ,50.0113,-9.24673  ,49.8786,-8.90964  ,51.1628,10.3111   ,1.01818    ,562,122318,55.6128,12.3508,129.681,0
2176,50.1111,-8.79801  ,50.3775,-9.13606   ,50.6151,-9.43569 ,50.8397,-9.73484  ,51.0433,-10.0281  ,51.26  ,-10.3617  ,51.4433,-10.6897   ,51.6191,-11.0174  ,51.7968,-11.357   ,51.9769,-11.7195    ,52.1205,-12.0478  ,52.2326,-12.3908  ,50.1111,-8.79801  ,50.6173,-8.93101   ,50.9539,-9.23453  ,51.242 ,-9.56132  ,51.4784,-9.87483  ,51.6921,-10.2112   ,51.8657,-10.5429   ,52.0322,-10.8797  ,52.1813,-11.2269   ,52.3038,-11.5954  ,52.376 ,-11.9417  ,52.2326,-12.3908  ,51.8201,-12.045   ,51.5994,-11.7363  ,51.3609,-11.3878   ,51.1551,-11.0604  ,50.9722,-10.7434  ,50.7694,-10.4177   ,50.5421,-10.0846  ,50.366 ,-9.8093   ,50.1979,-9.53655  ,50.0601,-9.24358  ,51.255 ,10.4491   ,1.02101    ,529,115618,51.479 ,11.7682,121.196,0
2177,50.3362,-8.83375  ,50.4962,-9.20908   ,50.6959,-9.54827 ,50.9135,-9.84446  ,51.1366,-10.153   ,51.3302,-10.4523  ,51.5098,-10.7845   ,51.689 ,-11.1171  ,51.8634,-11.473   ,52.031 ,-11.8132    ,52.1814,-12.0999  ,52.3621,-12.4288  ,50.3362,-8.83375  ,50.7748,-9.01854   ,51.024 ,-9.32726  ,51.273 ,-9.62601  ,51.5233,-9.94731  ,51.7362,-10.2563   ,51.9176,-10.5902   ,52.0789,-10.9175  ,52.2218,-11.2763   ,52.3261,-11.6232  ,52.4036,-11.9296  ,52.3621,-12.4288  ,51.8997,-12.16    ,51.6764,-11.886   ,51.4543,-11.5632   ,51.2491,-11.2205  ,51.0512,-10.8845  ,50.8665,-10.551    ,50.6779,-10.2562  ,50.4783,-9.96104  ,50.3025,-9.67572  ,50.1705,-9.29548  ,51.334 ,10.5582   ,1.0321     ,515,112273,50.7413,11.2628,118.711,0
2178,50.321 ,-8.87672  ,50.5132,-9.23763   ,50.6915,-9.53389 ,50.9311,-9.88194  ,51.1464,-10.1835  ,51.3527,-10.4801  ,51.5338,-10.7712   ,51.7057,-11.1068  ,51.8587,-11.4418  ,52.0309,-11.8144    ,52.2   ,-12.1441  ,52.3574,-12.4206  ,50.321 ,-8.87672  ,50.791 ,-9.01294   ,51.0061,-9.29282  ,51.2733,-9.6579   ,51.519 ,-9.97381  ,51.7417,-10.2758   ,51.9167,-10.5653   ,52.0811,-10.9088  ,52.2189,-11.2503   ,52.3415,-11.6348  ,52.429 ,-11.9958  ,52.3574,-12.4206  ,51.9117,-12.1874  ,51.669 ,-11.8821  ,51.4525,-11.5346   ,51.2862,-11.2105  ,51.0937,-10.88    ,50.8985,-10.5867   ,50.7023,-10.2929  ,50.5187,-10.0059  ,50.3123,-9.67617  ,50.1831,-9.36473  ,51.3517,10.5789   ,1.03127    ,507,111191,50.2469,11.0207,117.539,0
2179,50.4139,-8.86806  ,50.5373,-9.22491   ,50.732 ,-9.58058 ,50.9245,-9.87406  ,51.1329,-10.1713  ,51.3457,-10.4704  ,51.5318,-10.759    ,51.7126,-11.0806  ,51.8843,-11.4491  ,52.0208,-11.7588    ,52.1948,-12.0874  ,52.3741,-12.3748  ,50.4139,-8.86806  ,50.8344,-9.04284   ,51.066 ,-9.37402  ,51.2835,-9.68002  ,51.5195,-9.98985  ,51.7456,-10.2934   ,51.9097,-10.5717   ,52.0619,-10.8792  ,52.232 ,-11.2436   ,52.3417,-11.5614  ,52.4359,-11.9145  ,52.3741,-12.3748  ,51.8917,-12.1524  ,51.6493,-11.8484  ,51.4954,-11.5583   ,51.3161,-11.1917  ,51.0965,-10.8519  ,50.8777,-10.5487   ,50.6746,-10.2528  ,50.4998,-9.97049  ,50.3356,-9.68765  ,50.1963,-9.30518  ,51.3626,10.5846   ,1.03216    ,503,111825,49.4685,11.0953,116.953,0
2180,50.4589,-8.85471  ,50.5425,-9.21672   ,50.7371,-9.58314 ,50.9386,-9.8823   ,51.1454,-10.1784  ,51.3718,-10.5171  ,51.546 ,-10.803    ,51.744 ,-11.1418  ,51.9225,-11.4784  ,52.0532,-11.7976    ,52.1825,-12.1377  ,52.3099,-12.4786  ,50.4589,-8.85471  ,50.8511,-9.07294   ,51.0961,-9.41721  ,51.3299,-9.73063  ,51.5696,-10.041   ,51.8056,-10.3805   ,51.9581,-10.6568   ,52.1265,-10.9923  ,52.28  ,-11.3184   ,52.3927,-11.6333  ,52.4676,-11.9986  ,52.3099,-12.4786  ,51.8545,-12.1651  ,51.6707,-11.8505  ,51.5182,-11.5396   ,51.3068,-11.1952  ,51.076 ,-10.8531  ,50.8777,-10.5585   ,50.6522,-10.2173  ,50.4792,-9.93518  ,50.313 ,-9.64685  ,50.1963,-9.2558   ,51.3816,10.6152   ,1.03211    ,514,113564,50.2702,11.5882,118.953,0
2181,50.3425,-8.89711  ,50.5586,-9.28384   ,50.7377,-9.58322 ,50.9703,-9.93952  ,51.1864,-10.2477  ,51.3891,-10.5478  ,51.6011,-10.8924   ,51.7727,-11.1967  ,51.9574,-11.5568  ,52.1287,-11.9182    ,52.3073,-12.2357  ,52.5594,-12.5153  ,50.3425,-8.89711  ,50.8294,-9.05115   ,51.0403,-9.34471  ,51.3151,-9.71491  ,51.5532,-10.0279  ,51.7555,-10.3208   ,51.9547,-10.6519   ,52.1188,-10.9563  ,52.2884,-11.3264   ,52.4243,-11.6887  ,52.5299,-12.0247  ,52.5594,-12.5153  ,52.0186,-12.3442  ,51.7816,-12.0427  ,51.5762,-11.6846   ,51.3699,-11.3343  ,51.1897,-11.0337  ,50.9574,-10.6759   ,50.7488,-10.3659  ,50.5546,-10.0611  ,50.3729,-9.72139  ,50.2317,-9.41854  ,51.4213,10.6756   ,1.03088    ,526,116448,52.2151,10.7135,124.024,0
2182,50.4973,-8.92419  ,50.6115,-9.31728   ,50.8142,-9.69516 ,51.0207,-10.0042  ,51.2362,-10.3127  ,51.4663,-10.6636  ,51.6405,-10.958    ,51.8172,-11.308   ,52.0021,-11.665   ,52.2035,-12.0281    ,52.4023,-12.3588  ,52.6051,-12.6456  ,50.4973,-8.92419  ,50.9102,-9.16108   ,51.178 ,-9.52552  ,51.4222,-9.85137  ,51.6481,-10.1625  ,51.8685,-10.5019   ,52.0379,-10.7884   ,52.218 ,-11.1446  ,52.3852,-11.5099   ,52.5413,-11.8584  ,52.6529,-12.1958  ,52.6051,-12.6456  ,52.0816,-12.4131  ,51.8053,-12.09    ,51.5644,-11.7184   ,51.3666,-11.3699  ,51.1878,-11.0292  ,51.0037,-10.7268   ,50.753 ,-10.3605  ,50.5479,-10.0541  ,50.3856,-9.76038  ,50.2685,-9.36295  ,51.4852,10.7758   ,1.03024    ,543,119755,52.6927,11.2433,124.61 ,0
2183,50.5448,-8.98958  ,50.6747,-9.41191   ,50.8709,-9.75203 ,51.1121,-10.1218  ,51.3124,-10.4324  ,51.5392,-10.7948  ,51.7366,-11.1611   ,51.9166,-11.5229  ,52.1082,-11.8794  ,52.2882,-12.1953    ,52.4986,-12.5405  ,52.7164,-12.8782  ,50.5448,-8.98958  ,50.9565,-9.25008   ,51.221 ,-9.58687  ,51.5238,-9.98475  ,51.7417,-10.2987  ,51.9515,-10.6495   ,52.1403,-11.0198   ,52.3269,-11.3946  ,52.4954,-11.7484   ,52.637 ,-12.042   ,52.7636,-12.3771  ,52.7164,-12.8782  ,52.1592,-12.5871  ,51.8766,-12.2388  ,51.664 ,-11.909    ,51.4549,-11.5479  ,51.2812,-11.1986  ,51.064 ,-10.8357   ,50.816 ,-10.4627  ,50.6339,-10.1547  ,50.4507,-9.80823  ,50.3403,-9.45566  ,51.5841,10.9445   ,1.03816    ,559,123368,54.8224,11.5289,127.196,0
2184,50.6175,-9.15399  ,50.7571,-9.58662   ,50.9625,-9.93816 ,51.202 ,-10.2794  ,51.4263,-10.6112  ,51.6194,-10.9323  ,51.8206,-11.3164   ,51.9839,-11.6494  ,52.1854,-12.0212  ,52.408 ,-12.3983    ,52.5969,-12.73    ,52.7495,-13.0747  ,50.6175,-9.15399  ,51.04  ,-9.40215   ,51.2911,-9.71242  ,51.5662,-10.0694  ,51.8131,-10.4139  ,52.0071,-10.7336   ,52.2095,-11.1267   ,52.3687,-11.4807  ,52.5451,-11.8523   ,52.724 ,-12.2146  ,52.8583,-12.5672  ,52.7495,-13.0747  ,52.2762,-12.7802  ,52.0263,-12.472   ,51.7667,-12.0849   ,51.5433,-11.7084  ,51.378 ,-11.3948  ,51.1677,-11.0236   ,50.9704,-10.7001  ,50.7572,-10.3763  ,50.5569,-10.0482  ,50.421 ,-9.65499  ,51.6602,11.0835   ,1.03744    ,562,124679,54.9496,10.9159,128.953,0
2185,50.5769,-9.28766  ,50.7796,-9.66764   ,51.0115,-10.0077 ,51.2064,-10.2802  ,51.4452,-10.6414  ,51.6217,-10.9498  ,51.822 ,-11.3255   ,51.972 ,-11.6341  ,52.1561,-11.9774  ,52.3583,-12.3328    ,52.5318,-12.6665  ,52.6935,-13.0169  ,50.5769,-9.28766  ,51.0533,-9.48168   ,51.3642,-9.81888  ,51.6027,-10.1129  ,51.8635,-10.4906  ,52.0374,-10.7971   ,52.2352,-11.1712   ,52.376 ,-11.4863  ,52.5336,-11.8283   ,52.7034,-12.1652  ,52.8295,-12.4973  ,52.6935,-13.0169  ,52.177 ,-12.7226  ,51.9553,-12.3944  ,51.7223,-12.0287   ,51.52  ,-11.6816  ,51.3536,-11.3735  ,51.1474,-10.997    ,50.9648,-10.6913  ,50.7344,-10.3403  ,50.5789,-10.0848  ,50.4366,-9.74101  ,51.6781,11.1322   ,1.04143    ,550,121057,52.6864,11.2928,125.439,0
2186,50.7103,-9.41619  ,50.8863,-9.80166   ,51.112 ,-10.1367 ,51.3395,-10.4599  ,51.5211,-10.7604  ,51.7157,-11.1023  ,51.8864,-11.4443   ,52.06  ,-11.7975  ,52.2637,-12.1604  ,52.4351,-12.4782    ,52.6145,-12.8072  ,52.7921,-13.1345  ,50.7103,-9.41619  ,51.1879,-9.61968   ,51.4778,-9.95362  ,51.7382,-10.299   ,51.9243,-10.6035  ,52.1116,-10.937    ,52.2915,-11.2788   ,52.45  ,-11.6388  ,52.6278,-12.004    ,52.7601,-12.3141  ,52.8782,-12.6397  ,52.7921,-13.1345  ,52.2905,-12.8661  ,52.0526,-12.5341  ,51.8419,-12.2128   ,51.6144,-11.854   ,51.4357,-11.511   ,51.2657,-11.17     ,51.0615,-10.8192  ,50.8707,-10.5164  ,50.666 ,-10.2085  ,50.5217,-9.87369  ,51.7384,11.2199   ,1.04568    ,537,118591,52.361 ,10.9678,123.196,0
2187,50.7575,-9.4921   ,50.9416,-9.87778   ,51.162 ,-10.2276 ,51.3948,-10.5618  ,51.6034,-10.8819  ,51.7901,-11.2361  ,51.9628,-11.5856   ,52.1568,-11.9419  ,52.3286,-12.2672  ,52.5399,-12.6698    ,52.731 ,-13.0062  ,52.9047,-13.303   ,50.7575,-9.4921   ,51.2352,-9.68043   ,51.505 ,-10.023   ,51.7673,-10.3774  ,52.0045,-10.713   ,52.1979,-11.0709   ,52.3704,-11.4211   ,52.5472,-11.772   ,52.6824,-12.0951   ,52.8215,-12.5016  ,52.9336,-12.8507  ,52.9047,-13.303   ,52.467 ,-13.0555  ,52.1942,-12.7214  ,51.9182,-12.3276   ,51.7081,-12.008   ,51.5045,-11.6501  ,51.3332,-11.3016   ,51.1385,-10.9461  ,50.9475,-10.637   ,50.7406,-10.3172  ,50.5868,-9.96044  ,51.7959,11.3084   ,1.04743    ,535,116184,53.7193,10.9996,125.196,0
2188,50.8472,-9.48541  ,50.981 ,-9.87471   ,51.1352,-10.2101 ,51.3727,-10.5718  ,51.5801,-10.8686  ,51.7971,-11.2107  ,51.9703,-11.5492   ,52.1259,-11.8716  ,52.2965,-12.2022  ,52.5019,-12.5779    ,52.7181,-12.9162  ,52.8864,-13.1903  ,50.8472,-9.48541  ,51.259 ,-9.72244   ,51.468 ,-10.0184  ,51.7442,-10.3927  ,51.9805,-10.7083  ,52.1962,-11.0541   ,52.3734,-11.4079   ,52.5323,-11.742   ,52.6897,-12.0683   ,52.8265,-12.4388  ,52.9369,-12.7828  ,52.8864,-13.1903  ,52.4257,-12.9393  ,52.1118,-12.6044  ,51.8514,-12.2368   ,51.6743,-11.9102  ,51.5223,-11.5954  ,51.3411,-11.2696   ,51.113 ,-10.9307  ,50.9295,-10.6505  ,50.7421,-10.2928  ,50.6628,-9.91548  ,51.8148,11.3277   ,1.04257    ,520,114201,52.0444,10.9828,120.953,0
2189,50.9037,-9.50124  ,51.0008,-9.905     ,51.1707,-10.2755 ,51.3519,-10.5642  ,51.5786,-10.9035  ,51.797 ,-11.243   ,51.9658,-11.5345   ,52.1666,-11.9181  ,52.3366,-12.2472  ,52.5155,-12.562     ,52.7307,-12.8904  ,52.9526,-13.1801  ,50.9037,-9.50124  ,51.2975,-9.76027   ,51.5292,-10.1126  ,51.7413,-10.4199  ,51.9973,-10.7755  ,52.2163,-11.1159   ,52.3582,-11.3927   ,52.5395,-11.7577  ,52.7003,-12.078    ,52.824 ,-12.3819  ,52.9365,-12.7181  ,52.9526,-13.1801  ,52.4496,-12.9564  ,52.1425,-12.6324  ,51.9207,-12.3189   ,51.7459,-11.9851  ,51.5198,-11.5789  ,51.3173,-11.2733   ,51.0953,-10.9342  ,50.9004,-10.6129  ,50.7547,-10.3387  ,50.6705,-9.93836  ,51.8143,11.3274   ,1.03792    ,519,114192,51.9624,11.2314,121.782,0
2190,50.904 ,-9.50147  ,51.0091,-9.92955   ,51.1703,-10.2703 ,51.3616,-10.5859  ,51.5596,-10.8896  ,51.7833,-11.2407  ,51.9784,-11.5823   ,52.1544,-11.8799  ,52.3529,-12.2383  ,52.5164,-12.5562    ,52.7357,-12.9385  ,52.9183,-13.2081  ,50.904 ,-9.50147  ,51.3084,-9.775     ,51.5124,-10.0865  ,51.7244,-10.401   ,51.9381,-10.7102  ,52.1838,-11.0689   ,52.3647,-11.4047   ,52.5132,-11.6928  ,52.6968,-12.0546   ,52.8294,-12.3713  ,52.9663,-12.7665  ,52.9183,-13.2081  ,52.4396,-13.0066  ,52.1464,-12.6319  ,51.956 ,-12.319    ,51.7355,-11.9662  ,51.5359,-11.6623  ,51.3232,-11.3135   ,51.115 ,-10.9681  ,50.9343,-10.6683  ,50.766 ,-10.3444  ,50.6713,-9.96683  ,51.8229,11.3418   ,1.0367     ,523,115222,51.9993,10.9724,123.196,0
2191,50.9066,-9.50059  ,51.0145,-9.94261   ,51.179 ,-10.2894 ,51.3702,-10.6101  ,51.5742,-10.9213  ,51.8011,-11.2792  ,52.0183,-11.6345   ,52.1979,-11.936   ,52.3913,-12.2878  ,52.5928,-12.6686    ,52.778 ,-13.0091  ,52.9418,-13.3241  ,50.9066,-9.50059  ,51.3182,-9.78908   ,51.5228,-10.1081  ,51.7285,-10.4274  ,51.9512,-10.7464  ,52.1963,-11.1105   ,52.4112,-11.4644   ,52.5823,-11.7622  ,52.752 ,-12.1044   ,52.9012,-12.4792  ,53.0157,-12.8311  ,52.9418,-13.3241  ,52.4793,-13.0745  ,52.2244,-12.7456  ,51.9748,-12.368    ,51.7571,-12.0105  ,51.5621,-11.7029  ,51.3433,-11.3463   ,51.1302,-10.9932  ,50.9457,-10.6879  ,50.7729,-10.3594  ,50.6711,-9.97602  ,51.8526,11.3888   ,1.03356    ,538,117826,53.3697,10.8537,124.368,0
2192,50.8947,-9.59231  ,51.0336,-10.004    ,51.2176,-10.3411 ,51.4141,-10.6557  ,51.6287,-11.0032  ,51.8436,-11.35    ,52.0218,-11.6459   ,52.2168,-11.9871  ,52.4085,-12.3296  ,52.6252,-12.6903    ,52.8368,-13.0139  ,53.0448,-13.2872  ,50.8947,-9.59231  ,51.3404,-9.82636   ,51.5623,-10.1507  ,51.7722,-10.4698  ,52.0098,-10.827   ,52.2389,-11.1791   ,52.4183,-11.4763   ,52.6098,-11.8173  ,52.7768,-12.1486   ,52.9433,-12.4879  ,53.0707,-12.8196  ,53.0448,-13.2872  ,52.5293,-13.1022  ,52.242 ,-12.7863  ,51.9824,-12.4112   ,51.7699,-12.0599  ,51.5662,-11.717   ,51.3887,-11.4221   ,51.1864,-11.0805  ,50.9922,-10.74    ,50.8071,-10.4221  ,50.6779,-10.0664  ,51.8826,11.4365   ,1.03065    ,543,119804,52.597 ,10.8594,124.61 ,0
2193,50.9336,-9.56862  ,51.0424,-10.0017   ,51.2377,-10.3408 ,51.4303,-10.6623  ,51.6517,-11.0368  ,51.85  ,-11.3604  ,52.0735,-11.7353   ,52.2403,-12.0492  ,52.4451,-12.4192  ,52.646 ,-12.7468    ,52.8494,-13.0816  ,53.0108,-13.4408  ,50.9336,-9.56862  ,51.3601,-9.86584   ,51.5968,-10.2107  ,51.8221,-10.5457  ,52.0763,-10.9262  ,52.2812,-11.2484   ,52.5029,-11.6185   ,52.6656,-11.9278  ,52.8422,-12.284    ,52.999 ,-12.5873  ,53.1544,-12.9081  ,53.0108,-13.4408  ,52.4813,-13.1436  ,52.2233,-12.7957  ,51.9871,-12.4474   ,51.7598,-12.0661  ,51.5837,-11.7458  ,51.3545,-11.3649   ,51.1621,-11.0397  ,50.976 ,-10.6723  ,50.8114,-10.3619  ,50.6718,-10.0184  ,51.9307,11.5154   ,1.03139    ,558,122669,54.1645,11.4556,128.024,0
2194,50.9453,-9.63484  ,51.0663,-10.0413   ,51.2942,-10.4525 ,51.4965,-10.7788  ,51.701 ,-11.1055  ,51.9224,-11.4815  ,52.1454,-11.8577   ,52.3439,-12.2266  ,52.5319,-12.5519  ,52.7591,-12.8882    ,53.0369,-13.2374  ,53.2736,-13.5364  ,50.9453,-9.63484  ,51.3394,-9.87645   ,51.6303,-10.2754  ,51.8685,-10.6154  ,52.0864,-10.9406  ,52.3193,-11.312    ,52.5365,-11.6785   ,52.7173,-12.034   ,52.8712,-12.3387   ,53.0553,-12.651   ,53.2721,-13.0119  ,53.2736,-13.5364  ,52.7187,-13.3724  ,52.386 ,-13.0151  ,52.1223,-12.6538   ,51.9161,-12.3142  ,51.6934,-11.9302  ,51.462 ,-11.5436   ,51.2485,-11.1617  ,51.0578,-10.8338  ,50.8884,-10.5188  ,50.7419,-10.0805  ,52.0109,11.6315   ,1.01869    ,567,125888,56.0362,10.892 ,130.853,0
2195,50.9542,-9.6418   ,51.0942,-10.1073   ,51.3061,-10.4624 ,51.5539,-10.8541  ,51.7501,-11.1826  ,51.981 ,-11.5657  ,52.1947,-11.9436   ,52.4012,-12.3204  ,52.6595,-12.7196  ,52.8974,-13.0545    ,53.2155,-13.3835  ,53.5   ,-13.6275  ,50.9542,-9.6418   ,51.3764,-9.92617   ,51.6415,-10.2786  ,51.9391,-10.686   ,52.1364,-11.0055  ,52.3738,-11.3782   ,52.5708,-11.7391   ,52.7557,-12.0964  ,52.9684,-12.4619   ,53.1438,-12.7723  ,53.3924,-13.1466  ,53.5   ,-13.6275  ,52.9405,-13.5331  ,52.5694,-13.2307  ,52.2746,-12.862    ,51.9822,-12.4345  ,51.7598,-12.0409  ,51.5213,-11.6435   ,51.2998,-11.2506  ,51.1009,-10.9118  ,50.8959,-10.532   ,50.7537,-10.1632  ,52.0631,11.6945   ,1.00834    ,588,128776,58.6181,10.9503,135.095,0
2196,50.837 ,-9.79151  ,51.0908,-10.1471   ,51.3453,-10.5204 ,51.5826,-10.8964  ,51.8013,-11.2332  ,52.0288,-11.6169  ,52.2481,-11.9973   ,52.4448,-12.3291  ,52.6765,-12.673   ,52.9391,-13.0085    ,53.2305,-13.3165  ,53.5204,-13.6214  ,50.837 ,-9.79151  ,51.3222,-9.93263   ,51.6658,-10.2917  ,51.9264,-10.6571  ,52.1483,-10.9928  ,52.392 ,-11.3792   ,52.6153,-11.7577   ,52.7925,-12.0783  ,52.9866,-12.4036   ,53.2012,-12.7335  ,53.4356,-13.071   ,53.5204,-13.6214  ,52.928 ,-13.4641  ,52.5838,-13.175   ,52.2861,-12.8277   ,52.0241,-12.4667  ,51.8217,-12.129   ,51.6023,-11.7457   ,51.3832,-11.3618  ,51.1668,-11.0244  ,50.958 ,-10.647   ,50.7807,-10.249   ,52.1072,11.7206   ,0.991226   ,586,128485,57.5458,10.7453,133.095,0
2197,50.9949,-9.94418  ,51.2236,-10.3355   ,51.4471,-10.6603 ,51.6527,-10.9765  ,51.867 ,-11.3334  ,52.0777,-11.6868  ,52.2856,-12.0395   ,52.5128,-12.4027  ,52.7652,-12.7367  ,53.0003,-13.0177    ,53.2796,-13.3327  ,53.5084,-13.642   ,50.9949,-9.94418  ,51.511 ,-10.1361   ,51.7912,-10.4535  ,52.0316,-10.7886  ,52.2561,-11.1515  ,52.463 ,-11.5007   ,52.6717,-11.8507   ,52.8869,-12.2035  ,53.0937,-12.5127   ,53.2664,-12.7696  ,53.4767,-13.0987  ,53.5084,-13.642   ,52.9949,-13.4676  ,52.6382,-13.1547  ,52.3464,-12.8475   ,52.0661,-12.4948  ,51.8397,-12.1273  ,51.6316,-11.7718   ,51.4171,-11.414   ,51.2101,-11.0607  ,51.0284,-10.7592  ,50.8662,-10.4283  ,52.1616,11.7816   ,0.978783   ,563,124304,54.9756,10.7814,128.51 ,0
2198,51.0712,-10.0957  ,51.2852,-10.4487   ,51.5006,-10.7659 ,51.7138,-11.0778  ,51.9435,-11.4289  ,52.1461,-11.7681  ,52.3343,-12.1022   ,52.5474,-12.4499  ,52.7951,-12.7717  ,53.022 ,-13.0384    ,53.2906,-13.331   ,53.5383,-13.6067  ,51.0712,-10.0957  ,51.5481,-10.2365   ,51.815 ,-10.5312  ,52.0619,-10.8601  ,52.3175,-11.2252  ,52.5389,-11.5685   ,52.7281,-11.8987   ,52.9034,-12.2256  ,53.0964,-12.5186   ,53.2623,-12.7641  ,53.4641,-13.0768  ,53.5383,-13.6067  ,53.0315,-13.4939  ,52.6897,-13.2082  ,52.4055,-12.9161   ,52.1203,-12.5707  ,51.8876,-12.21    ,51.6987,-11.8721   ,51.5054,-11.5335  ,51.2968,-11.1933  ,51.1126,-10.8945  ,50.9563,-10.5591  ,52.2135,11.858    ,0.974264   ,538,118845,52.7967,10.992 ,123.681,0
2199,51.0956,-10.2849  ,51.346 ,-10.6074   ,51.6083,-10.9508 ,51.8446,-11.2626  ,52.055 ,-11.57    ,52.2448,-11.9083  ,52.4292,-12.2462   ,52.6489,-12.5604  ,52.9017,-12.8842  ,53.1252,-13.139     ,53.4457,-13.4353  ,53.716 ,-13.6362  ,51.0956,-10.2849  ,51.5896,-10.3764   ,51.895 ,-10.6817  ,52.1575,-10.9974  ,52.3934,-11.3168  ,52.61  ,-11.6637   ,52.7961,-11.9982   ,52.9825,-12.2931  ,53.1602,-12.5853   ,53.3137,-12.8294  ,53.5741,-13.1894  ,53.716 ,-13.6362  ,53.2242,-13.6057  ,52.847 ,-13.3516  ,52.5559,-13.0761   ,52.2359,-12.7204  ,52.0006,-12.3941  ,51.8313,-12.0584   ,51.6526,-11.7229  ,51.4547,-11.4231  ,51.2439,-11.1189  ,51.0307,-10.743   ,52.2968,11.9652   ,0.961042   ,529,115874,52.5459,10.898 ,122.024,0
2200,51.2879,-10.2112  ,51.4002,-10.6122   ,51.601 ,-10.9464 ,51.8452,-11.2656  ,52.0667,-11.5653  ,52.2774,-11.8945  ,52.4582,-12.2522   ,52.668 ,-12.5864  ,52.9037,-12.8912  ,53.1612,-13.1782    ,53.4232,-13.4137  ,53.7362,-13.62    ,51.2879,-10.2112  ,51.6941,-10.4392   ,51.9472,-10.7443  ,52.2175,-11.0735  ,52.4558,-11.3814  ,52.6702,-11.703    ,52.847 ,-12.044    ,53.0185,-12.3479  ,53.1744,-12.6111   ,53.3452,-12.8779  ,53.5503,-13.1584  ,53.7362,-13.62    ,53.2072,-13.5979  ,52.8912,-13.3893  ,52.5496,-13.0698   ,52.2473,-12.7253  ,52.0232,-12.3702  ,51.8324,-11.9947   ,51.6084,-11.6516  ,51.3931,-11.3541  ,51.1761,-11.0384  ,51.0598,-10.6751  ,52.3186,11.9836   ,0.961866   ,522,113669,52.3634,10.9081,120.61 ,0
2201,51.2938,-10.3433  ,51.4509,-10.7409   ,51.6447,-11.0437 ,51.8711,-11.3443  ,52.0992,-11.6418  ,52.3043,-11.9259  ,52.4923,-12.2359   ,52.6903,-12.5872  ,52.8862,-12.8665  ,53.1223,-13.1472    ,53.3821,-13.4069  ,53.6563,-13.6452  ,51.2938,-10.3433  ,51.7559,-10.5512   ,52.0005,-10.8426  ,52.2593,-11.1618  ,52.5029,-11.4724  ,52.7098,-11.7562   ,52.8923,-12.0562   ,53.0608,-12.3838  ,53.2063,-12.6339   ,53.3685,-12.892   ,53.5581,-13.1767  ,53.6563,-13.6452  ,53.1185,-13.556   ,52.7931,-13.3105  ,52.4943,-13.0046   ,52.2645,-12.7005  ,52.0448,-12.3291  ,51.8356,-12.0034   ,51.6214,-11.7133  ,51.4058,-11.4264  ,51.2174,-11.1444  ,51.0941,-10.8299  ,52.3328,12.0071   ,0.949888   ,517,113855,50.2239,11.2081,118.61 ,0
2202,51.269 ,-10.3146  ,51.4241,-10.7116   ,51.6044,-11.0119 ,51.8133,-11.3058  ,52.0713,-11.6511  ,52.2863,-11.9425  ,52.4895,-12.2277   ,52.7127,-12.5558  ,52.9302,-12.8788  ,53.1386,-13.1477    ,53.4147,-13.4375  ,53.6617,-13.678   ,51.269 ,-10.3146  ,51.7209,-10.5277   ,51.9366,-10.8066  ,52.1734,-11.1141  ,52.4666,-11.4775  ,52.6899,-11.7693   ,52.8761,-12.0391   ,53.0675,-12.3417  ,53.2448,-12.6386   ,53.3996,-12.8941  ,53.5969,-13.217   ,53.6617,-13.678   ,53.1516,-13.5799  ,52.804 ,-13.3137  ,52.5514,-13.0274   ,52.2961,-12.6767  ,52.0366,-12.3218  ,51.8125,-12.0196   ,51.6024,-11.7261  ,51.3813,-11.3994  ,51.2059,-11.1183  ,51.0782,-10.7947  ,52.3372,12.0135   ,0.940088   ,515,114213,50.9417,11.1893,120.024,0
2203,51.2127,-10.3296  ,51.3896,-10.6892   ,51.589 ,-10.9935 ,51.8389,-11.3448  ,52.052 ,-11.6412  ,52.2706,-11.9378  ,52.496 ,-12.2377   ,52.7212,-12.5396  ,52.9519,-12.8435  ,53.201 ,-13.148     ,53.4571,-13.4379  ,53.6777,-13.6981  ,51.2127,-10.3296  ,51.6902,-10.4956   ,51.9211,-10.7865  ,52.2059,-11.16    ,52.4589,-11.48    ,52.6973,-11.7864   ,52.9165,-12.0797   ,53.1138,-12.3614  ,53.2932,-12.6334   ,53.4746,-12.9061  ,53.6673,-13.2033  ,53.6777,-13.6981  ,53.1648,-13.581   ,52.8414,-13.289   ,52.5318,-12.9519   ,52.2534,-12.617   ,52     ,-12.2954  ,51.7699,-11.99     ,51.5743,-11.7039  ,51.4004,-11.4302  ,51.186 ,-11.0987  ,51.0321,-10.7842  ,52.3567,12.0267   ,0.921377   ,529,115738,51.3257,11.6443,121.095,0
2204,51.3185,-10.321   ,51.4431,-10.7325   ,51.6217,-11.0416 ,51.8674,-11.388   ,52.087 ,-11.6846  ,52.3075,-11.9815  ,52.5561,-12.3254   ,52.7856,-12.6292  ,53.0518,-12.9477  ,53.2867,-13.2106    ,53.5447,-13.4957  ,53.7672,-13.782   ,51.3185,-10.321   ,51.7453,-10.5602   ,51.9688,-10.8582  ,52.2478,-11.2253  ,52.4935,-11.5373  ,52.733 ,-11.8418   ,52.989 ,-12.183    ,53.1948,-12.4676  ,53.4111,-12.7543   ,53.5943,-12.9946  ,53.7866,-13.2862  ,53.7672,-13.782   ,53.2245,-13.6171  ,52.886 ,-13.3237  ,52.5999,-13.0341   ,52.2949,-12.6873  ,52.052 ,-12.3691  ,51.8094,-12.0226   ,51.6069,-11.7327  ,51.4148,-11.4521  ,51.2078,-11.1241  ,51.096 ,-10.8002  ,52.4054,12.0803   ,0.915852   ,536,118223,52.3983,11.716 ,122.51 ,0
2205,51.297 ,-10.323   ,51.4232,-10.7157   ,51.6274,-11.0608 ,51.8743,-11.3997  ,52.0884,-11.6905  ,52.3411,-12.0305  ,52.5568,-12.3225   ,52.7976,-12.6281  ,53.0746,-12.9486  ,53.3143,-13.2079    ,53.6176,-13.5135  ,53.8789,-13.7272  ,51.297 ,-10.323   ,51.7126,-10.5302   ,51.9696,-10.857   ,52.244 ,-11.2107  ,52.4822,-11.5113  ,52.7401,-11.8462   ,52.9514,-12.1256   ,53.1691,-12.4079  ,53.4021,-12.6975   ,53.5975,-12.9383  ,53.8273,-13.2568  ,53.8789,-13.7272  ,53.328 ,-13.6939  ,52.9367,-13.3776  ,52.651 ,-13.0925   ,52.3406,-12.7439  ,52.0885,-12.4209  ,51.8708,-12.1181   ,51.6231,-11.7726  ,51.4329,-11.492   ,51.2186,-11.1673  ,51.09  ,-10.8017  ,52.4321,12.1069   ,0.906812   ,550,120651,52.9493,11.1844,123.095,0
2206,51.2782,-10.2969  ,51.4341,-10.7339   ,51.6329,-11.0647 ,51.8688,-11.3838  ,52.1393,-11.7452  ,52.3613,-12.0485  ,52.6241,-12.4051   ,52.8795,-12.7281  ,53.1709,-13.0726  ,53.4132,-13.3658    ,53.6486,-13.7123  ,53.7917,-14.0611  ,51.2782,-10.2969  ,51.738 ,-10.5936   ,52.0145,-10.9323  ,52.2997,-11.2851  ,52.6126,-11.6784  ,52.8546,-11.9944   ,53.1375,-12.3596   ,53.3865,-12.6725  ,53.6263,-12.9788   ,53.8017,-13.2346  ,53.9288,-13.5647  ,53.7917,-14.0611  ,53.3028,-13.7475  ,52.9319,-13.3798  ,52.6158,-13.0496   ,52.2818,-12.6728  ,52.0326,-12.347   ,51.7942,-12.0016   ,51.5909,-11.7102  ,51.358 ,-11.3773  ,51.1776,-11.0888  ,51.077 ,-10.7629  ,52.4868,12.1892   ,0.911747   ,568,124907,55.9172,13.5524,127.924,0
2207,51.3016,-10.3154  ,51.4521,-10.7806   ,51.6643,-11.1209 ,51.9146,-11.453   ,52.2023,-11.8335  ,52.4393,-12.154   ,52.7081,-12.524    ,52.9575,-12.8484  ,53.2242,-13.18    ,53.495 ,-13.5293    ,53.734 ,-13.9021  ,53.8966,-14.2584  ,51.3016,-10.3154  ,51.7633,-10.6369   ,52.044 ,-10.9876  ,52.3418,-11.3529  ,52.671 ,-11.7619  ,52.927 ,-12.093    ,53.2164,-12.472    ,53.4704,-12.7975  ,53.7058,-13.1102   ,53.9022,-13.4189  ,54.0213,-13.7713  ,53.8966,-14.2584  ,53.3756,-13.9085  ,52.9993,-13.5192  ,52.6525,-13.1382   ,52.358 ,-12.7898  ,52.1217,-12.4699  ,51.8739,-12.1089   ,51.6528,-11.7972  ,51.4033,-11.4432  ,51.2052,-11.1424  ,51.0854,-10.8092  ,52.5432,12.2734   ,0.91484    ,586,129587,58.2954,13.643 ,133.581,0
2208,51.3509,-10.3193  ,51.4597,-10.7973   ,51.6796,-11.1444 ,51.9365,-11.4834  ,52.226 ,-11.8694  ,52.4595,-12.1911  ,52.7315,-12.566    ,52.9695,-12.8837  ,53.2438,-13.2292  ,53.528 ,-13.6095    ,53.7667,-13.9594  ,54.0003,-14.293   ,51.3509,-10.3193  ,51.7789,-10.6684   ,52.067 ,-11.0227  ,52.3806,-11.3936  ,52.7044,-11.7953  ,52.939 ,-12.11     ,53.1915,-12.4654   ,53.4202,-12.7753  ,53.6825,-13.1329   ,53.8913,-13.4741  ,54.0191,-13.7867  ,54.0003,-14.293   ,53.4384,-14.0175  ,53.0824,-13.6298  ,52.7258,-13.2269   ,52.4397,-12.8883  ,52.1926,-12.5592  ,51.9028,-12.1653   ,51.6677,-11.8351  ,51.4074,-11.461   ,51.209 ,-11.152   ,51.087 ,-10.8084  ,52.5545,12.3114   ,0.925065   ,594,131024,59.111 ,12.7261,134.995,0
2209,51.294 ,-10.4142  ,51.4699,-10.8262   ,51.7047,-11.1727 ,51.9645,-11.5182  ,52.2556,-11.9098  ,52.4891,-12.2327  ,52.7553,-12.6054   ,52.9964,-12.9335  ,53.2555,-13.2759  ,53.5189,-13.6289    ,53.7644,-13.985   ,53.9959,-14.3176  ,51.294 ,-10.4142  ,51.7752,-10.6567   ,52.0829,-11.0193  ,52.4008,-11.4062  ,52.7289,-11.8258  ,52.9688,-12.1523   ,53.2193,-12.5154   ,53.4405,-12.8286  ,53.6653,-13.1415   ,53.8679,-13.451   ,54.0187,-13.7798  ,53.9959,-14.3176  ,53.4322,-14.074   ,53.0837,-13.688   ,52.7574,-13.2945   ,52.469 ,-12.9271  ,52.2143,-12.5884  ,51.9329,-12.2065   ,51.7022,-11.8842  ,51.4422,-11.5157  ,51.2412,-11.2106  ,51.1014,-10.8812  ,52.5629,12.3359   ,0.931539   ,599,132304,58.3736,12.7218,134.995,0
2210,51.2947,-10.4135  ,51.5001,-10.8749   ,51.7324,-11.216  ,51.9862,-11.5551  ,52.2659,-11.9357  ,52.5359,-12.307   ,52.7675,-12.6253   ,53.0475,-13.0039  ,53.3013,-13.3407  ,53.5575,-13.6894    ,53.8392,-14.1022  ,54.0331,-14.4215  ,51.2947,-10.4135  ,51.8279,-10.7157   ,52.1385,-11.0878  ,52.4466,-11.4706  ,52.7494,-11.8753  ,53.0257,-12.253    ,53.2558,-12.5717   ,53.5238,-12.9426  ,53.742 ,-13.2547   ,53.9273,-13.5665  ,54.0772,-13.9575  ,54.0331,-14.4215  ,53.5251,-14.1322  ,53.1039,-13.6942  ,52.7745,-13.3127   ,52.4891,-12.9554  ,52.2017,-12.5725  ,51.9686,-12.255    ,51.7049,-11.8893  ,51.4423,-11.5279  ,51.243 ,-11.2307  ,51.1071,-10.9204  ,52.5772,12.3587   ,0.930723   ,605,133915,59.6846,12.9649,136.409,0
2211,51.2949,-10.4139  ,51.5003,-10.8729   ,51.7316,-11.2133 ,52.0245,-11.6061  ,52.2621,-11.9301  ,52.5283,-12.2988  ,52.7919,-12.6666   ,53.0756,-13.0483  ,53.3333,-13.389   ,53.5929,-13.7397    ,53.8975,-14.1445  ,54.1348,-14.4537  ,51.2949,-10.4139  ,51.8283,-10.7163   ,52.1415,-11.0892  ,52.5042,-11.5368  ,52.7664,-11.8839  ,53.0317,-12.2571   ,53.2949,-12.6265   ,53.5624,-12.9975  ,53.7752,-13.3097   ,53.9504,-13.6209  ,54.1123,-13.9953  ,54.1348,-14.4537  ,53.5968,-14.1824  ,53.1493,-13.7405  ,52.8044,-13.3531   ,52.5052,-12.9878  ,52.2125,-12.6008  ,51.9492,-12.2354   ,51.6805,-11.8698  ,51.4628,-11.565   ,51.2389,-11.2242  ,51.1072,-10.916   ,52.6   ,12.391    ,0.930848   ,618,135639,60.7109,13.3185,140.066,0
2212,51.2961,-10.4085  ,51.48  ,-10.8402   ,51.7625,-11.2556 ,52.0237,-11.6064  ,52.266 ,-11.9423  ,52.5471,-12.3296  ,52.8306,-12.7181   ,53.0902,-13.0608  ,53.3577,-13.4145  ,53.6128,-13.7783    ,53.8887,-14.1957  ,54.0816,-14.5443  ,51.2961,-10.4085  ,51.7967,-10.6802   ,52.1765,-11.1342  ,52.5011,-11.5337  ,52.7733,-11.8934  ,53.0479,-12.2804   ,53.3222,-12.6653   ,53.5619,-12.9968  ,53.7833,-13.3219   ,53.9619,-13.646   ,54.1234,-14.032   ,54.0816,-14.5443  ,53.581 ,-14.2446  ,53.1815,-13.7881  ,52.8432,-13.3877   ,52.5304,-13.009   ,52.2565,-12.659   ,51.9647,-12.2678   ,51.6799,-11.8808  ,51.4616,-11.5641  ,51.2608,-11.2587  ,51.0982,-10.8814  ,52.6025,12.3971   ,0.931702   ,621,135824,61.3307,13.41  ,139.823,0
2213,51.2967,-10.4091  ,51.4746,-10.8371   ,51.7096,-11.1882 ,52.0101,-11.5945  ,52.2524,-11.93    ,52.4985,-12.2635  ,52.7752,-12.6477   ,53.0193,-12.9825  ,53.3201,-13.3833  ,53.5711,-13.7244    ,53.8081,-14.1059  ,53.95  ,-14.4645  ,51.2967,-10.4091  ,51.7845,-10.6662   ,52.0955,-11.0377  ,52.4611,-11.49    ,52.7238,-11.8405  ,52.9648,-12.1691   ,53.2378,-12.5463   ,53.4634,-12.8662  ,53.7036,-13.2288   ,53.9007,-13.5428  ,54.0746,-13.9435  ,53.95  ,-14.4645  ,53.4839,-14.1608  ,53.1615,-13.7933  ,52.8502,-13.4232   ,52.4904,-12.9852  ,52.2351,-12.6397  ,51.9497,-12.2467   ,51.7004,-11.9086  ,51.4757,-11.5848  ,51.2387,-11.2219  ,51.1002,-10.8909  ,52.589 ,12.3892   ,0.935053   ,619,135433,59.7178,12.5793,138.167,0
2214,51.3   ,-10.4096  ,51.4777,-10.8473   ,51.7106,-11.1999 ,51.9684,-11.5503  ,52.2577,-11.9485  ,52.4936,-12.2815  ,52.7821,-12.6766   ,53.044 ,-13.0255  ,53.3089,-13.3761  ,53.5489,-13.7098    ,53.8036,-14.0836  ,54.0205,-14.4265  ,51.3   ,-10.4096  ,51.7896,-10.675    ,52.0887,-11.0456  ,52.3939,-11.4294  ,52.7218,-11.8494  ,52.9688,-12.1846   ,53.2417,-12.5672   ,53.4689,-12.8924  ,53.6824,-13.2101   ,53.8717,-13.5182  ,54.0431,-13.8944  ,54.0205,-14.4265  ,53.4932,-14.1649  ,53.1507,-13.7934  ,52.8496,-13.4267   ,52.5301,-13.041   ,52.2373,-12.6716  ,51.9395,-12.2675   ,51.7136,-11.9357  ,51.4572,-11.5551  ,51.2486,-11.2372  ,51.1014,-10.9011  ,52.5651,12.367    ,0.935365   ,610,134790,59.6782,12.6642,137.581,0
2215,51.3   ,-10.4131  ,51.4687,-10.8309   ,51.7257,-11.2275 ,51.9697,-11.565   ,52.2131,-11.8989  ,52.4456,-12.2248  ,52.7248,-12.6082   ,52.9757,-12.9437  ,53.2295,-13.2807  ,53.4777,-13.6157    ,53.7147,-14.0015  ,53.8542,-14.3698  ,51.3   ,-10.4131  ,51.7778,-10.6631   ,52.1095,-11.0807  ,52.4018,-11.4518  ,52.6789,-11.8056  ,52.9238,-12.1369   ,53.204 ,-12.5181   ,53.4327,-12.8391  ,53.6459,-13.15     ,53.8413,-13.454   ,53.9977,-13.841   ,53.8542,-14.3698  ,53.3738,-14.0519  ,53.0349,-13.6666  ,52.7283,-13.2991   ,52.4348,-12.9361  ,52.1629,-12.5873  ,51.8903,-12.2045   ,51.6675,-11.8821  ,51.4559,-11.566   ,51.2625,-11.2619  ,51.0995,-10.8841  ,52.5458,12.3496   ,0.936176   ,605,133621,58.0628,12.797 ,134.752,0
2216,51.1671,-10.3631  ,51.407 ,-10.7885   ,51.6387,-11.1368 ,51.8892,-11.4836  ,52.1306,-11.8168  ,52.3718,-12.1458  ,52.6112,-12.4745   ,52.8555,-12.8068  ,53.1417,-13.1906  ,53.3811,-13.5137    ,53.5822,-13.9136  ,53.656 ,-14.271   ,51.1671,-10.3631  ,51.6894,-10.5738   ,51.9624,-10.9205  ,52.2648,-11.294   ,52.5512,-11.6527  ,52.8064,-11.9899   ,53.0453,-12.3188   ,53.2879,-12.6497  ,53.534 ,-13.0117   ,53.7348,-13.3183  ,53.8579,-13.7544  ,53.656 ,-14.271   ,53.2638,-13.9523  ,52.9535,-13.6017  ,52.6663,-13.2607   ,52.3421,-12.8532  ,52.0968,-12.5201  ,51.8576,-12.1925   ,51.6299,-11.8708  ,51.4311,-11.56    ,51.2323,-11.2354  ,51.0572,-10.8924  ,52.4784,12.291    ,0.943908   ,600,132223,57.2605,11.8983,134.167,0
2217,51.2444,-10.3451  ,51.3885,-10.7406   ,51.6394,-11.1326 ,51.8816,-11.4668  ,52.1251,-11.7922  ,52.3947,-12.1595  ,52.6622,-12.525    ,52.9026,-12.8448  ,53.1441,-13.1693  ,53.3786,-13.5123    ,53.5995,-13.9429  ,53.7147,-14.2866  ,51.2444,-10.3451  ,51.7008,-10.5856   ,52.0166,-10.9838  ,52.3153,-11.35    ,52.6062,-11.7059  ,52.9032,-12.0925   ,53.1653,-12.4589   ,53.3825,-12.7669  ,53.5759,-13.0617   ,53.7484,-13.3723  ,53.861 ,-13.8119  ,53.7147,-14.2866  ,53.2847,-13.9512  ,52.9348,-13.5336  ,52.6314,-13.1674   ,52.3424,-12.8156  ,52.0804,-12.4854  ,51.8114,-12.1228   ,51.5634,-11.7711  ,51.367 ,-11.4738  ,51.1831,-11.1682  ,51.0209,-10.7871  ,52.4687,12.2629   ,0.937394   ,595,130398,57.5122,13.3952,133.338,0
2218,51.2465,-10.3446  ,51.4072,-10.7636   ,51.6146,-11.0728 ,51.8785,-11.4317  ,52.0994,-11.7349  ,52.3486,-12.0811  ,52.5847,-12.4229   ,52.8135,-12.7323  ,53.0751,-13.0579  ,53.3577,-13.3856    ,53.6407,-13.6913  ,53.9017,-13.946   ,51.2465,-10.3446  ,51.7282,-10.6083   ,51.9841,-10.9284  ,52.307 ,-11.3261  ,52.5715,-11.6557  ,52.8478,-12.0168   ,53.0949,-12.3612   ,53.3051,-12.6552  ,53.5035,-12.9431   ,53.6803,-13.2209  ,53.8337,-13.5005  ,53.9017,-13.946   ,53.3552,-13.7857  ,52.94  ,-13.443   ,52.5554,-13.0627   ,52.2407,-12.7035  ,52.005 ,-12.3853  ,51.7809,-12.048    ,51.554 ,-11.7136  ,51.3753,-11.4353  ,51.1707,-11.1143  ,51.0288,-10.8163  ,52.4506,12.2085   ,0.924438   ,576,127118,55.3303,13.3701,129.338,0
2219,51.2053,-10.3555  ,51.3724,-10.735    ,51.6116,-11.0851 ,51.8378,-11.3992  ,52.0739,-11.7183  ,52.3106,-12.0352  ,52.5527,-12.3535   ,52.8055,-12.6699  ,53.0956,-12.9985  ,53.365 ,-13.2604    ,53.6694,-13.517   ,53.9783,-13.7439  ,51.2053,-10.3555  ,51.6304,-10.4967   ,51.89  ,-10.8113  ,52.1395,-11.121   ,52.3913,-11.4321  ,52.6275,-11.729    ,52.8432,-12.0108   ,53.0517,-12.286   ,53.3125,-12.6121   ,53.5755,-12.9254  ,53.8441,-13.2621  ,53.9783,-13.7439  ,53.4073,-13.7019  ,53.0719,-13.521   ,52.8061,-13.3078   ,52.4868,-12.9654  ,52.1917,-12.6048  ,51.9261,-12.251    ,51.6883,-11.9133  ,51.4706,-11.5868  ,51.2708,-11.2704  ,51.0609,-10.8876  ,52.436 ,12.1385   ,0.888818   ,557,123048,54.316 ,10.8371,126.752,0
2220,51.1685,-10.3711  ,51.3701,-10.7378   ,51.5825,-11.0483 ,51.8421,-11.4162  ,52.0489,-11.6979  ,52.2912,-12.0272  ,52.5494,-12.3663   ,52.7855,-12.6545  ,53.0735,-12.947   ,53.3962,-13.1696    ,53.7896,-13.3029  ,54.1441,-13.3178  ,51.1685,-10.3711  ,51.6088,-10.4751   ,51.836 ,-10.7467  ,52.1133,-11.1006  ,52.3268,-11.3698  ,52.5711,-11.678    ,52.8079,-11.9814   ,53.0068,-12.2379  ,53.2517,-12.5287   ,53.5259,-12.7881  ,53.8512,-12.9936  ,54.1441,-13.3178  ,53.6283,-13.594   ,53.1713,-13.4987  ,52.8085,-13.2889   ,52.4852,-12.9783  ,52.2137,-12.653   ,51.9417,-12.2816   ,51.7015,-11.9319  ,51.5042,-11.6387  ,51.2667,-11.2595  ,51.0744,-10.9152  ,52.4545,12.117    ,0.851267   ,555,122277,53.7918,11.1073,126.51 ,0
2221,51.2443,-10.3429  ,51.3705,-10.7499   ,51.576 ,-11.0575 ,51.828 ,-11.4177  ,52.0515,-11.7357  ,52.2742,-12.0523  ,52.5094,-12.3739   ,52.8019,-12.6994  ,53.0786,-12.9394  ,53.422 ,-13.1365    ,53.8319,-13.2167  ,54.2071,-13.1869  ,51.2443,-10.3429  ,51.6501,-10.5232   ,51.8585,-10.7936  ,52.1242,-11.1337  ,52.3536,-11.4279  ,52.5614,-11.709    ,52.7607,-11.987    ,52.9942,-12.2765  ,53.2308,-12.5243   ,53.5273,-12.7671  ,53.8666,-12.9277  ,54.2071,-13.1869  ,53.6962,-13.501   ,53.2156,-13.4635  ,52.8323,-13.2826   ,52.5202,-13.0326  ,52.1844,-12.6672  ,51.9244,-12.3055   ,51.6843,-11.9523  ,51.4687,-11.6111  ,51.2311,-11.2325  ,51.0411,-10.8896  ,52.4237,12.0933   ,0.838933   ,552,121746,54.3394,10.9442,126.267,0
2222,51.2957,-10.3253  ,51.4177,-10.7431   ,51.6225,-11.0917 ,51.8614,-11.4239  ,52.1041,-11.757   ,52.351 ,-12.0956  ,52.5818,-12.395    ,52.8366,-12.6901  ,53.1547,-12.9683  ,53.5309,-13.1095    ,53.9326,-13.1194  ,54.2763,-13.0053  ,51.2957,-10.3253  ,51.6709,-10.5238   ,51.9001,-10.8157  ,52.1556,-11.1394  ,52.4174,-11.4659  ,52.6653,-11.782    ,52.864 ,-12.0457   ,53.0587,-12.3031  ,53.2914,-12.5702   ,53.5627,-12.7514  ,53.878 ,-12.83    ,54.2763,-13.0053  ,53.8783,-13.4199  ,53.3835,-13.4448  ,52.9225,-13.3018   ,52.5269,-12.9825  ,52.2193,-12.6438  ,51.9641,-12.3111   ,51.7218,-11.9525  ,51.4977,-11.6136  ,51.2796,-11.271   ,51.1189,-10.86    ,52.4752,12.0831   ,0.820538   ,554,122850,54.6013,10.7853,127.439,0
2223,51.2836,-10.2994  ,51.3886,-10.6993   ,51.6095,-11.0578 ,51.8624,-11.417   ,52.09  ,-11.7367  ,52.3606,-12.1091  ,52.6393,-12.4488   ,52.9099,-12.7264  ,53.2394,-12.9699  ,53.6207,-13.086     ,54.0741,-13.0546  ,54.4236,-12.9355  ,51.2836,-10.2994  ,51.6475,-10.4695   ,51.8819,-10.7697  ,52.1421,-11.1056  ,52.3752,-11.4014  ,52.6224,-11.7296   ,52.84  ,-12.0169   ,53.0544,-12.2656  ,53.3469,-12.534    ,53.6694,-12.7154  ,54.0483,-12.7769  ,54.4236,-12.9355  ,53.9933,-13.3556  ,53.4561,-13.4407  ,53.034 ,-13.3506   ,52.6733,-13.1007  ,52.3528,-12.7833  ,52.0268,-12.3935   ,51.74  ,-11.9804  ,51.518 ,-11.6376  ,51.2753,-11.2571  ,51.0878,-10.838   ,52.527 ,12.0971   ,0.791599   ,572,125515,56.4284,11.258 ,129.439,0
2224,51.2819,-10.2982  ,51.3977,-10.707    ,51.6381,-11.0783 ,51.8711,-11.412   ,52.1218,-11.7584  ,52.3457,-12.0677  ,52.6005,-12.3807   ,52.8928,-12.6637  ,53.265 ,-12.8826  ,53.7024,-12.9783    ,54.079 ,-12.9688  ,54.4622,-12.8828  ,51.2819,-10.2982  ,51.649 ,-10.4622   ,51.8988,-10.7631  ,52.1377,-11.0657  ,52.3769,-11.3726  ,52.5777,-11.6381   ,52.7799,-11.9024   ,53.018 ,-12.1668  ,53.3446,-12.4311   ,53.7219,-12.5953  ,54.072 ,-12.6698  ,54.4622,-12.8828  ,53.9855,-13.2786  ,53.5692,-13.3509  ,53.086 ,-13.2924   ,52.6804,-13.0883  ,52.3436,-12.7706  ,52.0465,-12.4078   ,51.8042,-12.057   ,51.5435,-11.6729  ,51.3215,-11.312   ,51.1021,-10.8671  ,52.5551,12.0706   ,0.761721   ,583,126478,55.9231,12.0363,128.61 ,0
2225,51.3678,-10.3291  ,51.4595,-10.7451   ,51.6652,-11.0816 ,51.8704,-11.3823  ,52.123 ,-11.7379  ,52.3589,-12.0563  ,52.6209,-12.3687   ,52.9194,-12.6264  ,53.2739,-12.7755  ,53.6885,-12.8306    ,54.0387,-12.8356  ,54.4234,-12.8119  ,51.3678,-10.3291  ,51.7612,-10.5427   ,51.9894,-10.8484  ,52.2077,-11.1359  ,52.4596,-11.4639  ,52.6735,-11.7434   ,52.8815,-12.0047   ,53.1002,-12.2201  ,53.3736,-12.3644   ,53.7152,-12.4494  ,54.032 ,-12.5132  ,54.4234,-12.8119  ,53.9354,-13.1596  ,53.5398,-13.204   ,53.0644,-13.1579   ,52.6479,-12.971   ,52.281 ,-12.6468  ,51.9752,-12.278    ,51.7203,-11.9214  ,51.473 ,-11.5416  ,51.2852,-11.2305  ,51.1165,-10.8622  ,52.5675,12.0072   ,0.725913   ,571,126646,53.6435,10.7857,126.125,0
2226,51.4116,-10.3332  ,51.4789,-10.7418   ,51.6911,-11.0821 ,51.937 ,-11.4324  ,52.1731,-11.7518  ,52.4289,-12.0735  ,52.6731,-12.3333   ,53.0217,-12.5889  ,53.3746,-12.6981  ,53.8208,-12.7375    ,54.1997,-12.7351  ,54.5752,-12.733   ,51.4116,-10.3332  ,51.7903,-10.5385   ,52.0013,-10.8367  ,52.2598,-11.1705  ,52.4991,-11.4681  ,52.7315,-11.7529   ,52.9235,-11.971    ,53.1983,-12.1892  ,53.494 ,-12.2986   ,53.8833,-12.3731  ,54.2327,-12.4434  ,54.5752,-12.733   ,54.0641,-13.028   ,53.6454,-13.0991  ,53.1482,-13.0773   ,52.7531,-12.9402  ,52.3394,-12.6144  ,52.0489,-12.3028   ,51.7782,-11.9436  ,51.5492,-11.6045  ,51.3237,-11.2425  ,51.1259,-10.8589  ,52.6064,11.9541   ,0.688649   ,569,125403,54.3603,10.7508,127.539,0
2227,51.3195,-10.3646  ,51.4899,-10.7425   ,51.7046,-11.0895 ,51.9481,-11.4404  ,52.2022,-11.7772  ,52.4411,-12.075   ,52.7427,-12.389    ,53.0764,-12.5966  ,53.4823,-12.6896  ,53.8616,-12.7089    ,54.3013,-12.7028  ,54.6478,-12.6799  ,51.3195,-10.3646  ,51.7752,-10.5015   ,51.9911,-10.8139  ,52.227 ,-11.119   ,52.4793,-11.4199  ,52.697 ,-11.6892   ,52.9368,-11.9762   ,53.1951,-12.1816  ,53.5294,-12.2919   ,53.8698,-12.3442  ,54.2833,-12.4123  ,54.6478,-12.6799  ,54.1999,-12.9965  ,53.7246,-13.0718  ,53.3126,-13.0722   ,52.8538,-12.9666  ,52.4609,-12.723   ,52.1023,-12.3621   ,51.8496,-12.0357  ,51.6028,-11.6705  ,51.3629,-11.2787  ,51.1518,-10.8971  ,52.6371,11.9515   ,0.67164    ,575,126383,54.8989,11.0139,129.539,0
2228,51.2704,-10.4094  ,51.5143,-10.7638   ,51.7672,-11.1322 ,51.9967,-11.4748  ,52.2448,-11.8242  ,52.4785,-12.1204  ,52.7768,-12.4185   ,53.1777,-12.6211  ,53.5632,-12.6777  ,53.9738,-12.6813    ,54.4073,-12.6323  ,54.793 ,-12.5511  ,51.2704,-10.4094  ,51.7545,-10.4751   ,52.0353,-10.816   ,52.2906,-11.1552  ,52.5465,-11.4925  ,52.7593,-11.7678   ,53.0038,-12.04     ,53.3411,-12.2368  ,53.6502,-12.3107   ,53.985 ,-12.3437  ,54.3754,-12.3534  ,54.793 ,-12.5511  ,54.3247,-12.9308  ,53.8282,-13.0241  ,53.34  ,-13.0343   ,52.9003,-12.9727  ,52.4617,-12.7239  ,52.1162,-12.3765   ,51.8699,-12.0559  ,51.6346,-11.6951  ,51.4365,-11.3532  ,51.2078,-10.9655  ,52.685 ,11.9516   ,0.64284    ,584,127704,56.6651,10.8602,132.368,0
2229,51.3949,-10.3515  ,51.5255,-10.7531   ,51.7399,-11.1251 ,51.9924,-11.5015  ,52.238 ,-11.8263  ,52.5063,-12.1532  ,52.7886,-12.4292   ,53.1812,-12.6059  ,53.6379,-12.6526  ,54.0524,-12.6518    ,54.4363,-12.6349  ,54.8489,-12.6055  ,51.3949,-10.3515  ,51.8027,-10.5333   ,52.0176,-10.8514  ,52.2698,-11.1703  ,52.503 ,-11.4534  ,52.7307,-11.7437   ,52.9476,-12.0011   ,53.2585,-12.1902  ,53.641 ,-12.2697   ,54.0278,-12.3136  ,54.4202,-12.362   ,54.8489,-12.6055  ,54.3315,-12.9143  ,53.941 ,-12.9934  ,53.4967,-13.0298   ,52.9892,-12.9945  ,52.5471,-12.7902  ,52.2026,-12.472    ,51.9003,-12.1048  ,51.6504,-11.7436  ,51.4136,-11.3184  ,51.2038,-10.8863  ,52.7419,11.9712   ,0.60913    ,592,128911,56.9824,11.0332,134.711,0
2230,51.5021,-10.3235  ,51.5592,-10.7702   ,51.7508,-11.1021 ,52.0144,-11.4941  ,52.2622,-11.8187  ,52.5423,-12.1371  ,52.8417,-12.3931   ,53.2466,-12.5438  ,53.7005,-12.581   ,54.1037,-12.5773    ,54.5303,-12.5533  ,54.9137,-12.5028  ,51.5021,-10.3235  ,51.8776,-10.5717   ,52.0661,-10.8621  ,52.3293,-11.2204  ,52.552 ,-11.5035  ,52.7786,-11.7706   ,53.0246,-11.9922   ,53.3727,-12.1474  ,53.7591,-12.2071   ,54.1243,-12.2362  ,54.5357,-12.2787  ,54.9137,-12.5028  ,54.4118,-12.8363  ,53.9518,-12.9226  ,53.506 ,-12.951    ,53.0044,-12.9181  ,52.5713,-12.7341  ,52.2228,-12.4167   ,51.8968,-12.0403  ,51.6362,-11.6776  ,51.3824,-11.2586  ,51.2036,-10.8844  ,52.7673,11.9343   ,0.585293   ,582,127095,57.1483,10.663 ,132.125,0
2231,51.6171,-10.3998  ,51.6818,-10.8275   ,51.8747,-11.1878 ,52.0901,-11.5015  ,52.3338,-11.8143  ,52.6057,-12.1008  ,52.9455,-12.3424   ,53.343 ,-12.4702  ,53.7029,-12.5046  ,54.1446,-12.5089    ,54.5542,-12.5059  ,54.9043,-12.5031  ,51.6171,-10.3998  ,51.9807,-10.6228   ,52.1643,-10.9137  ,52.3643,-11.1944  ,52.594 ,-11.4793  ,52.8425,-11.7448   ,53.1553,-11.9788   ,53.5267,-12.1028  ,53.85  ,-12.1459   ,54.2419,-12.1831  ,54.6004,-12.2441  ,54.9043,-12.5031  ,54.3998,-12.7684  ,53.9224,-12.8353  ,53.4306,-12.8573   ,53.049 ,-12.8171  ,52.6474,-12.6582  ,52.2877,-12.3818   ,52.0007,-12.0612  ,51.7507,-11.7189  ,51.5293,-11.3723  ,51.3482,-10.9413  ,52.827 ,11.9081   ,0.56985    ,537,119150,54.2964,10.5393,125.64 ,0
2232,51.6183,-10.3908  ,51.7004,-10.8166   ,51.879 ,-11.1522 ,52.116 ,-11.4972  ,52.3526,-11.7731  ,52.6682,-12.0777  ,52.9882,-12.2997   ,53.3485,-12.4074  ,53.7853,-12.445   ,54.1777,-12.4568    ,54.5417,-12.4641  ,54.9334,-12.469   ,51.6183,-10.3908  ,51.9887,-10.6292   ,52.1875,-10.9234  ,52.4488,-11.2545  ,52.685 ,-11.5085  ,52.9753,-11.7723   ,53.2702,-11.9579   ,53.5962,-12.0499  ,53.9607,-12.092    ,54.2802,-12.127   ,54.5855,-12.1825  ,54.9334,-12.469   ,54.3836,-12.7427  ,53.9464,-12.7839  ,53.4792,-12.7917   ,52.9878,-12.7458  ,52.6133,-12.5923  ,52.2696,-12.3033   ,51.935 ,-11.9453  ,51.7144,-11.6501  ,51.5203,-11.2981  ,51.3768,-10.9182  ,52.8875,11.9027   ,0.53512    ,534,116590,53.9914,11.3362,124.468,0
2233,51.6951,-10.4418  ,51.7338,-10.8599   ,51.908 ,-11.1922 ,52.1614,-11.5312  ,52.4528,-11.8563  ,52.7517,-12.1154  ,53.0684,-12.2953   ,53.495 ,-12.4048  ,53.8709,-12.4446  ,54.2607,-12.4642    ,54.6778,-12.4677  ,55.037 ,-12.4358  ,51.6951,-10.4418  ,52.021 ,-10.691    ,52.2272,-10.9745  ,52.4863,-11.2825  ,52.7781,-11.5806  ,53.0665,-11.8227   ,53.3532,-11.9753   ,53.7289,-12.0589  ,54.0431,-12.0982   ,54.3554,-12.1401  ,54.6969,-12.2048  ,55.037 ,-12.4358  ,54.5481,-12.7318  ,54.0379,-12.7841  ,53.5691,-12.781    ,53.1441,-12.7319  ,52.6888,-12.5743  ,52.3499,-12.3433   ,52.0432,-12.0456  ,51.7574,-11.6822  ,51.5271,-11.3151  ,51.4163,-10.9331  ,52.9381,11.913    ,0.518292   ,525,116129,54.1319,10.9723,125.054,0
2234,51.5566,-10.4961  ,51.6804,-10.8999   ,51.9136,-11.236  ,52.1811,-11.5326  ,52.4875,-11.8245  ,52.7887,-12.064   ,53.1543,-12.2696   ,53.5165,-12.3822  ,53.8978,-12.4448  ,54.3137,-12.485     ,54.7143,-12.5058  ,55.0895,-12.5145  ,51.5566,-10.4961  ,51.9951,-10.7365   ,52.2677,-11.0433  ,52.5382,-11.3155  ,52.8236,-11.567   ,53.0973,-11.7702   ,53.4337,-11.9404   ,53.7704,-12.0364  ,54.0958,-12.1012   ,54.4196,-12.1691  ,54.741 ,-12.2453  ,55.0895,-12.5145  ,54.5613,-12.7612  ,54.0684,-12.7904  ,53.5655,-12.7708   ,53.1482,-12.7015  ,52.7828,-12.5579  ,52.3839,-12.2897   ,52.0472,-11.9886  ,51.7279,-11.6502  ,51.481 ,-11.3312  ,51.3188,-10.9694  ,52.971 ,11.9216   ,0.494942   ,531,114856,54.2617,11.1702,125.296,0
2235,51.6286,-10.566   ,51.7019,-10.9569   ,51.9191,-11.3234 ,52.1756,-11.5909  ,52.4751,-11.8239  ,52.8293,-12.0514  ,53.1691,-12.2356   ,53.5441,-12.374   ,53.935 ,-12.4581  ,54.2978,-12.5057    ,54.7257,-12.5363  ,55.0824,-12.5509  ,51.6286,-10.566   ,52.009 ,-10.7735   ,52.2356,-11.0956  ,52.5049,-11.3343  ,52.7972,-11.5337  ,53.1309,-11.7426   ,53.4533,-11.9081   ,53.8109,-12.0346  ,54.1416,-12.1278   ,54.4154,-12.2069  ,54.7494,-12.3018  ,55.0824,-12.5509  ,54.5671,-12.7644  ,54.0331,-12.7887  ,53.5893,-12.7645   ,53.1603,-12.6794  ,52.7873,-12.5157  ,52.4289,-12.3016   ,52.0503,-12.0408  ,51.7535,-11.7633  ,51.5267,-11.4538  ,51.3566,-11.0289  ,52.9419,11.9186   ,0.494664   ,523,114516,53.2124,11.2343,123.64 ,0
2236,51.6648,-10.5604  ,51.7095,-11.0032   ,51.9083,-11.3202 ,52.182 ,-11.6023  ,52.4807,-11.833   ,52.8194,-12.0356  ,53.1604,-12.1927   ,53.5793,-12.3398  ,53.9345,-12.433   ,54.3396,-12.5055    ,54.6945,-12.5491  ,55.0763,-12.5864  ,51.6648,-10.5604  ,52.0518,-10.8738   ,52.3065,-11.1694  ,52.5909,-11.4216  ,52.8607,-11.5807  ,53.1608,-11.7238   ,53.4725,-11.8657   ,53.8639,-12.0042  ,54.1629,-12.1018   ,54.4654,-12.2014  ,54.7327,-12.2947  ,55.0763,-12.5864  ,54.5165,-12.7881  ,54.0729,-12.7885  ,53.581 ,-12.7358   ,53.1843,-12.6414  ,52.7481,-12.4798  ,52.3825,-12.2953   ,52.0012,-12.0166  ,51.6763,-11.6953  ,51.4298,-11.3696  ,51.3269,-11.0218  ,52.9647,11.9243   ,0.473435   ,532,115760,53.1473,11.8422,123.64 ,0
2237,51.6072,-10.5649  ,51.6749,-10.9833   ,51.8899,-11.3565 ,52.127 ,-11.6217  ,52.4608,-11.8568  ,52.8247,-12.0389  ,53.1804,-12.1874   ,53.5728,-12.3137  ,54.0047,-12.425   ,54.3446,-12.4881    ,54.7705,-12.5369  ,55.1379,-12.5583  ,51.6072,-10.5649  ,51.9801,-10.8233   ,52.2331,-11.1757  ,52.501 ,-11.4242  ,52.8249,-11.5969  ,53.1697,-11.7207   ,53.522 ,-11.8469   ,53.8829,-11.97    ,54.2341,-12.0972   ,54.495 ,-12.1794  ,54.8214,-12.2764  ,55.1379,-12.5583  ,54.5807,-12.7854  ,54.0542,-12.7744  ,53.6458,-12.7237   ,53.1458,-12.623   ,52.7344,-12.4876  ,52.3776,-12.3117   ,51.9936,-12.055   ,51.6702,-11.7404  ,51.4723,-11.4377  ,51.3318,-11.0287  ,52.9955,11.9383   ,0.451915   ,537,118232,54.1852,12.4518,126.225,0
2238,51.5868,-10.564   ,51.6781,-10.9933   ,51.9019,-11.3608 ,52.1856,-11.6454  ,52.5056,-11.8764  ,52.8265,-12.0389  ,53.2085,-12.185    ,53.6338,-12.3027  ,54.045 ,-12.3863  ,54.4004,-12.4495    ,54.8218,-12.5073  ,55.1864,-12.5347  ,51.5868,-10.564   ,51.9979,-10.8404   ,52.226 ,-11.1746  ,52.5034,-11.4167  ,52.7996,-11.5841  ,53.1095,-11.7012   ,53.4908,-11.8233   ,53.8956,-11.9348  ,54.2476,-12.0275   ,54.5292,-12.1108  ,54.86  ,-12.2139  ,55.1864,-12.5347  ,54.6476,-12.7856  ,54.129 ,-12.7641  ,53.7016,-12.7186   ,53.2418,-12.6407  ,52.8146,-12.5085  ,52.4364,-12.3282   ,52.1046,-12.1028  ,51.7645,-11.7841  ,51.4975,-11.4466  ,51.3189,-11.036   ,53.0549,11.9404   ,0.434762   ,548,120616,54.6194,11.8067,128.811,0
2239,51.6028,-10.5787  ,51.6948,-11.0101   ,51.9094,-11.3585 ,52.1927,-11.6445  ,52.5183,-11.8828  ,52.8933,-12.074   ,53.2865,-12.215    ,53.666 ,-12.3121  ,54.0985,-12.388   ,54.4668,-12.4454    ,54.8894,-12.4979  ,55.2645,-12.5129  ,51.6028,-10.5787  ,52.0117,-10.8611   ,52.235 ,-11.1838  ,52.5191,-11.4194  ,52.8201,-11.5928  ,53.1751,-11.7339   ,53.5632,-11.8533   ,53.9266,-11.9394  ,54.3012,-12.0196   ,54.5987,-12.0944  ,54.9243,-12.2027  ,55.2645,-12.5129  ,54.7195,-12.7805  ,54.1888,-12.7742  ,53.7477,-12.7328   ,53.2706,-12.6558  ,52.8935,-12.5396  ,52.5043,-12.3663   ,52.1082,-12.1052  ,51.7611,-11.7769  ,51.5076,-11.4367  ,51.335 ,-11.0537  ,53.0993,11.9539   ,0.422189   ,557,122809,55.2889,11.9135,130.225,0
2240,51.7003,-10.5961  ,51.7098,-11.0322   ,51.9643,-11.4186 ,52.2547,-11.6948  ,52.6261,-11.9452  ,52.994 ,-12.1163  ,53.3933,-12.2446   ,53.8247,-12.3466  ,54.2018,-12.4049  ,54.6175,-12.454     ,55.1037,-12.4815  ,55.4639,-12.4488  ,51.7003,-10.5961  ,52.0426,-10.916    ,52.3101,-11.2549  ,52.5868,-11.4645  ,52.9162,-11.6349  ,53.2538,-11.762    ,53.626 ,-11.8701   ,54.0288,-11.9625  ,54.3875,-12.0348   ,54.7388,-12.1102  ,55.1188,-12.2145  ,55.4639,-12.4488  ,54.9562,-12.7473  ,54.3537,-12.7828  ,53.8855,-12.7583   ,53.4976,-12.7049  ,53.041 ,-12.5856  ,52.6269,-12.4283   ,52.2309,-12.197   ,51.8177,-11.8371  ,51.5374,-11.4887  ,51.3409,-11.0437  ,53.1769,11.9747   ,0.395831   ,572,126170,57.4044,11.3344,133.882,0
2241,51.6286,-10.6233  ,51.7528,-11.0839   ,51.9833,-11.4533 ,52.2905,-11.7298  ,52.6735,-11.9745  ,53.0551,-12.1409  ,53.4762,-12.2668   ,53.86  ,-12.3512  ,54.3336,-12.413   ,54.7904,-12.4555    ,55.1586,-12.4782  ,55.581 ,-12.4896  ,51.6286,-10.6233  ,52.0523,-10.8939   ,52.2817,-11.2213  ,52.5551,-11.4317  ,52.9063,-11.6262  ,53.2668,-11.7678   ,53.6648,-11.8805   ,54.04  ,-11.9606  ,54.5015,-12.0428   ,54.8851,-12.1165  ,55.1847,-12.1886  ,55.581 ,-12.4896  ,54.9918,-12.7604  ,54.5419,-12.7824  ,54.0212,-12.7668   ,53.5522,-12.7176  ,53.1609,-12.6211  ,52.7312,-12.4729   ,52.3326,-12.2652  ,51.9162,-11.9415  ,51.5999,-11.5873  ,51.4083,-11.159   ,53.2496,11.9947   ,0.377067   ,586,128473,58.4307,11.0443,134.811,0
2242,51.5444,-10.7416  ,51.7823,-11.1382   ,52.0362,-11.4634 ,52.3501,-11.7447  ,52.7036,-11.9631  ,53.071 ,-12.121   ,53.4456,-12.2371   ,53.8249,-12.3173  ,54.2817,-12.393   ,54.6629,-12.4476    ,55.1162,-12.4935  ,55.4541,-12.5373  ,51.5444,-10.7416  ,51.9933,-10.8558   ,52.2691,-11.1279  ,52.5634,-11.3906  ,52.8956,-11.5882  ,53.2402,-11.7299   ,53.5906,-11.8369   ,53.9442,-11.9198  ,54.3696,-12.0105   ,54.7246,-12.0806  ,55.1487,-12.1852  ,55.4541,-12.5373  ,54.9386,-12.7793  ,54.449 ,-12.79    ,54.0412,-12.7556   ,53.5537,-12.6835  ,53.1497,-12.5983  ,52.7542,-12.452    ,52.3678,-12.2602  ,52.0017,-11.9996  ,51.6947,-11.6726  ,51.4826,-11.2908  ,53.2678,11.9944   ,0.373971   ,591,129463,55.7061,10.7904,134.811,0
2243,51.6059,-10.7548  ,51.8168,-11.1617   ,52.0634,-11.4801 ,52.3699,-11.7515  ,52.7171,-11.9587  ,53.0782,-12.113   ,53.5188,-12.2556   ,53.8913,-12.334   ,54.2654,-12.3935  ,54.7147,-12.454     ,55.0884,-12.4901  ,55.4879,-12.5159  ,51.6059,-10.7548  ,52.0392,-10.9042   ,52.3058,-11.1663  ,52.5986,-11.4078  ,52.9229,-11.5883  ,53.2568,-11.7234   ,53.6629,-11.8544   ,54.005 ,-11.9351  ,54.3481,-12.0071   ,54.7603,-12.0897  ,55.1021,-12.175   ,55.4879,-12.5159  ,54.9257,-12.7939  ,54.5194,-12.8017  ,54.0326,-12.7618   ,53.6285,-12.7028  ,53.2267,-12.6177  ,52.7542,-12.4451   ,52.3698,-12.2545  ,52.0083,-11.9998  ,51.7138,-11.6709  ,51.5097,-11.2894  ,53.2997,12.0096   ,0.369926   ,587,128835,55.4838,10.7852,134.811,0
2244,51.684 ,-10.7669  ,51.879 ,-11.21     ,52.1289,-11.515  ,52.4396,-11.7811  ,52.8211,-11.9964  ,53.2107,-12.1481  ,53.6279,-12.2727   ,54.0449,-12.3537  ,54.5028,-12.4198  ,54.8947,-12.465     ,55.3422,-12.4932  ,55.7116,-12.4806  ,51.684 ,-10.7669  ,52.1712,-11.0199   ,52.4519,-11.3002  ,52.7436,-11.5141  ,53.0974,-11.6712  ,53.4846,-11.7912   ,53.9055,-11.8967   ,54.2933,-11.9754  ,54.69  ,-12.05     ,55.002 ,-12.1214  ,55.3537,-12.2201  ,55.7116,-12.4806  ,55.1893,-12.763   ,54.6318,-12.7923  ,54.1595,-12.7692   ,53.6503,-12.7077  ,53.2221,-12.6176  ,52.8251,-12.4652   ,52.4344,-12.271   ,52.0282,-11.9688  ,51.712 ,-11.6317  ,51.5189,-11.2943  ,53.3986,12.034    ,0.349539   ,577,126153,57.4623,12.1828,132.225,0
2245,51.7507,-10.9812  ,52.0161,-11.3702   ,52.2808,-11.6463 ,52.6111,-11.8746  ,53.0046,-12.0583  ,53.3804,-12.1839  ,53.7941,-12.2917   ,54.1907,-12.3662  ,54.6162,-12.428   ,55.0497,-12.4804    ,55.4651,-12.523   ,55.8279,-12.5734  ,51.7507,-10.9812  ,52.2307,-11.1291   ,52.5369,-11.3481  ,52.8592,-11.537   ,53.2428,-11.7026  ,53.6362,-11.8131   ,54.0511,-11.9118   ,54.4185,-11.9904  ,54.7867,-12.0681   ,55.1354,-12.1582  ,55.4766,-12.2686  ,55.8279,-12.5734  ,55.3217,-12.7631  ,54.8203,-12.7866  ,54.3013,-12.7688   ,53.8256,-12.7193  ,53.4122,-12.6439  ,53.0138,-12.5206   ,52.6644,-12.3745  ,52.2669,-12.1563  ,51.9336,-11.8631  ,51.7204,-11.5095  ,53.5407,12.0916   ,0.311194   ,555,120850,56.0401,11.9164,129.154,0
2246,51.8237,-11.2302  ,52.1239,-11.5419   ,52.4517,-11.7698 ,52.7912,-11.9605  ,53.1427,-12.1054  ,53.5186,-12.2277  ,53.9122,-12.331    ,54.2688,-12.3903  ,54.6801,-12.4412  ,55.0398,-12.4808    ,55.4565,-12.52    ,55.8127,-12.5689  ,51.8237,-11.2302  ,52.3344,-11.2556   ,52.6567,-11.4257  ,52.9751,-11.5852  ,53.3277,-11.7182  ,53.7133,-11.8301   ,54.1238,-11.9287   ,54.4906,-12.0057  ,54.8545,-12.084    ,55.1392,-12.1602  ,55.4762,-12.2656  ,55.8127,-12.5689  ,55.3049,-12.7614  ,54.7965,-12.7865  ,54.3628,-12.7818   ,53.9212,-12.7578  ,53.5877,-12.7072  ,53.2133,-12.5924   ,52.8542,-12.4554  ,52.5098,-12.287   ,52.1501,-12.053   ,51.8273,-11.757   ,53.6135,12.1384   ,0.284522   ,535,116540,53.0058,11.5924,124.326,0
2247,51.8623,-11.3782  ,52.1715,-11.6125   ,52.5118,-11.8076 ,52.8583,-11.9899  ,53.2189,-12.1393  ,53.5403,-12.2486  ,53.9512,-12.3572   ,54.3338,-12.4258  ,54.7004,-12.4763  ,55.0873,-12.5127    ,55.4232,-12.5405  ,55.7886,-12.5911  ,51.8623,-11.3782  ,52.332 ,-11.3113   ,52.682 ,-11.4605  ,53.0179,-11.6112  ,53.3734,-11.745   ,53.7038,-11.842    ,54.1161,-11.9416   ,54.4941,-12.0144  ,54.8547,-12.094    ,55.1903,-12.187   ,55.4706,-12.2792  ,55.7886,-12.5911  ,55.2438,-12.7906  ,54.8502,-12.8272  ,54.4243,-12.8443   ,54.047 ,-12.8166  ,53.6626,-12.7453  ,53.2672,-12.6203   ,52.9587,-12.496   ,52.5997,-12.3181  ,52.2426,-12.102   ,51.9185,-11.8521  ,53.6777,12.1789   ,0.271898   ,519,113666,51.2803,11.3181,121.497,0
2248,51.8259,-11.5186  ,52.2113,-11.6978   ,52.5226,-11.8335 ,52.8717,-11.9824  ,53.2207,-12.1241  ,53.5944,-12.2498  ,53.9378,-12.3453   ,54.3099,-12.4282  ,54.7175,-12.4916  ,55.0672,-12.5299    ,55.4641,-12.5642  ,55.8007,-12.604   ,51.8259,-11.5186  ,52.3284,-11.3686   ,52.659 ,-11.4658  ,53.0139,-11.6087  ,53.3794,-11.7358  ,53.7626,-11.8523   ,54.1202,-11.9365   ,54.4789,-12.0191  ,54.8291,-12.1042   ,55.1153,-12.1795  ,55.4576,-12.2911  ,55.8007,-12.604   ,55.3443,-12.8273  ,54.8807,-12.8665  ,54.4662,-12.8608   ,54.0117,-12.812   ,53.6381,-12.7235  ,53.3158,-12.6135   ,52.9603,-12.4733  ,52.631 ,-12.3143  ,52.2837,-12.1569  ,51.9926,-11.9816  ,53.7267,12.2086   ,0.268261   ,519,112563,50.9571,11.3187,119.255,0
2249,51.8256,-11.5331  ,52.2029,-11.7134   ,52.5618,-11.871  ,52.9208,-12.0142  ,53.286 ,-12.1363  ,53.6589,-12.2522  ,53.9877,-12.3488   ,54.4135,-12.4447  ,54.7525,-12.4964  ,55.1681,-12.5395    ,55.5593,-12.5495  ,55.8816,-12.5228  ,51.8256,-11.5331  ,52.3097,-11.3692   ,52.6821,-11.4875  ,53.041 ,-11.6199  ,53.407 ,-11.7408  ,53.7879,-11.852    ,54.1187,-11.9458   ,54.5241,-12.0447  ,54.8217,-12.1109   ,55.1648,-12.1983  ,55.5044,-12.2898  ,55.8816,-12.5228  ,55.4903,-12.8119  ,55.0348,-12.8695  ,54.5448,-12.8633   ,54.1736,-12.8206  ,53.7439,-12.721   ,53.4227,-12.6194   ,53.0596,-12.498   ,52.6976,-12.3708  ,52.3388,-12.2102  ,51.9956,-12.0114  ,53.7345,12.2089   ,0.263768   ,522,112865,51.8472,10.5598,120.669,0
2250,51.8479,-11.4929  ,52.2002,-11.7086   ,52.5503,-11.8773 ,52.9101,-12.0227  ,53.2834,-12.1444  ,53.6211,-12.2377  ,54.0284,-12.3393   ,54.3919,-12.4223  ,54.7876,-12.4921  ,55.1336,-12.5364    ,55.5355,-12.5641  ,55.8929,-12.5599  ,51.8479,-11.4929  ,52.3426,-11.3849   ,52.6998,-11.5189  ,53.058 ,-11.6513  ,53.4579,-11.7533  ,53.8081,-11.8361   ,54.198 ,-11.9435   ,54.5416,-12.0305  ,54.8944,-12.1121   ,55.1794,-12.1839  ,55.5164,-12.2721  ,55.8929,-12.5599  ,55.4282,-12.851   ,54.9487,-12.874   ,54.5451,-12.8508   ,54.1169,-12.7879  ,53.7419,-12.706   ,53.3184,-12.6101   ,53.0003,-12.5021  ,52.6578,-12.3563  ,52.2995,-12.19    ,51.9616,-11.9801  ,53.7609,12.2136   ,0.25644    ,528,114220,51.9657,11.2324,121.255,0
2251,51.9458,-11.4709  ,52.295 ,-11.7405   ,52.6148,-11.9067 ,52.9891,-12.0629  ,53.3241,-12.1655  ,53.7473,-12.2659  ,54.136 ,-12.3415   ,54.4706,-12.4028  ,54.8844,-12.4703  ,55.2276,-12.5193    ,55.6147,-12.5632  ,55.9951,-12.5953  ,51.9458,-11.4709  ,52.4728,-11.4185   ,52.8016,-11.5618  ,53.1832,-11.7048  ,53.5414,-11.7887  ,53.9849,-11.8706   ,54.3688,-11.9403   ,54.6736,-12.0058  ,55.0249,-12.0906   ,55.3113,-12.1637  ,55.6364,-12.2634  ,55.9951,-12.5953  ,55.4713,-12.851   ,55.0082,-12.8569  ,54.6055,-12.8285   ,54.1318,-12.7756  ,53.7719,-12.7176  ,53.3837,-12.6351   ,52.9923,-12.5104  ,52.6873,-12.3821  ,52.3197,-12.2006  ,52.0174,-12.0007  ,53.8372,12.2176   ,0.238673   ,539,117126,52.3403,12.0194,124.426,0
2252,51.9287,-11.5716  ,52.3191,-11.7589   ,52.6716,-11.9336 ,53.027 ,-12.0765  ,53.4052,-12.1904  ,53.83  ,-12.2815  ,54.2371,-12.3461   ,54.6019,-12.3949  ,54.9743,-12.4418  ,55.3926,-12.5026    ,55.7498,-12.5597  ,56.1387,-12.5825  ,51.9287,-11.5716  ,52.4289,-11.4268   ,52.8099,-11.5713  ,53.187 ,-11.7     ,53.5964,-11.7973  ,54.044 ,-11.8773   ,54.4498,-11.9374   ,54.7847,-11.989   ,55.1042,-12.0472   ,55.4475,-12.1375  ,55.7405,-12.2586  ,56.1387,-12.5825  ,55.6473,-12.8459  ,55.2068,-12.8459  ,54.6966,-12.8178   ,54.2702,-12.782   ,53.8837,-12.7343  ,53.4879,-12.6623   ,53.1017,-12.5532  ,52.7634,-12.4167  ,52.4335,-12.2481  ,52.1079,-12.0401  ,53.9103,12.2168   ,0.220296   ,551,120451,53.5882,11.9885,125.255,0
2253,52.006 ,-11.5365  ,52.3572,-11.7574   ,52.72  ,-11.9431 ,53.097 ,-12.0919  ,53.4806,-12.2016  ,53.8676,-12.2859  ,54.3345,-12.3589   ,54.7245,-12.4033  ,55.1144,-12.4474  ,55.5024,-12.5115    ,55.8877,-12.5823  ,56.2495,-12.6387  ,52.006 ,-11.5365  ,52.4318,-11.4427   ,52.7969,-11.5657  ,53.1672,-11.6892  ,53.5422,-11.7787  ,53.9188,-11.8541   ,54.3722,-11.9296   ,54.7504,-11.9857  ,55.1283,-12.0481   ,55.5023,-12.1461  ,55.8727,-12.2689  ,56.2495,-12.6387  ,55.7495,-12.8685  ,55.3472,-12.8506  ,54.9449,-12.8239   ,54.5425,-12.8086  ,54.1408,-12.7714  ,53.6615,-12.685    ,53.265 ,-12.5847  ,52.875 ,-12.4407  ,52.4952,-12.2461  ,52.1506,-11.9938  ,54.0497,12.2439   ,0.214841   ,577,124862,54.3643,10.7072,132.912,0
2254,52.0505,-11.5268  ,52.3998,-11.7637   ,52.7601,-11.9551 ,53.1372,-12.1022  ,53.5979,-12.2277  ,53.9854,-12.3027  ,54.3742,-12.3636   ,54.7631,-12.4227  ,55.1526,-12.47    ,55.619 ,-12.5257    ,56.0048,-12.5803  ,56.358 ,-12.626   ,52.0505,-11.5268  ,52.4784,-11.4546   ,52.8437,-11.5754  ,53.2118,-11.707   ,53.6609,-11.8128  ,54.0376,-11.876    ,54.4148,-11.934    ,54.792 ,-11.9922  ,55.1686,-12.0562   ,55.6189,-12.151   ,55.9889,-12.2698  ,56.358 ,-12.626   ,55.8665,-12.8698  ,55.4638,-12.8829  ,54.9806,-12.8664   ,54.5785,-12.8313  ,54.178 ,-12.7695  ,53.7782,-12.6991   ,53.3805,-12.6074  ,52.9103,-12.4475  ,52.5286,-12.2615  ,52.192 ,-11.9926  ,54.1322,12.2581   ,0.209672   ,595,128288,55.2259,10.6499,133.497,0
2255,52.0568,-11.5268  ,52.4085,-11.7595   ,52.7694,-11.9533 ,53.1483,-12.1047  ,53.6117,-12.2331  ,54.001 ,-12.3146  ,54.3923,-12.3759   ,54.784 ,-12.4319  ,55.1762,-12.4772  ,55.5676,-12.5231    ,56.0316,-12.5968  ,56.3699,-12.6707  ,52.0568,-11.5268  ,52.4862,-11.4503   ,52.8569,-11.5742  ,53.2294,-11.7123  ,53.6845,-11.8248  ,54.0663,-11.8929   ,54.4489,-11.9517   ,54.8316,-12.0109  ,55.2143,-12.0695   ,55.5953,-12.1456  ,56.0464,-12.2798  ,56.3699,-12.6707  ,55.8665,-12.8829  ,55.3835,-12.8829  ,54.9813,-12.8664   ,54.5794,-12.8353  ,54.1791,-12.7761  ,53.7798,-12.7058   ,53.3833,-12.608   ,52.9134,-12.4489  ,52.5331,-12.2581  ,52.2003,-11.9887  ,54.149 ,12.2635   ,0.211559   ,596,129385,55.391 ,10.6382,133.255,0
2256,52.0568,-11.5268  ,52.3996,-11.7572   ,52.829 ,-11.9803 ,53.2038,-12.1208  ,53.5841,-12.2279  ,53.9674,-12.3094  ,54.3523,-12.3759   ,54.8153,-12.4403  ,55.2018,-12.4801  ,55.5881,-12.5125    ,56.0492,-12.5557  ,56.3891,-12.5691  ,52.0568,-11.5268  ,52.471 ,-11.4463   ,52.9026,-11.5916  ,53.2646,-11.7215  ,53.6325,-11.8125  ,54.0024,-11.8836   ,54.3738,-11.9402   ,54.8193,-12.009   ,55.1906,-12.0659   ,55.5613,-12.1287  ,56.0026,-12.2386  ,56.3891,-12.5691  ,55.9426,-12.8635  ,55.4604,-12.8829  ,55.0583,-12.8833   ,54.6567,-12.8539  ,54.1765,-12.7883  ,53.7787,-12.7055   ,53.3828,-12.6064  ,52.9917,-12.4728  ,52.6084,-12.297   ,52.1999,-11.9883  ,54.1595,12.2624   ,0.207219   ,599,130786,55.4723,10.6792,133.255,0
2257,52.0568,-11.5268  ,52.4723,-11.7968   ,52.8376,-11.9842 ,53.2153,-12.1265  ,53.676 ,-12.2514  ,54.0631,-12.3285  ,54.5287,-12.4096   ,54.9184,-12.4526  ,55.3859,-12.4984  ,55.775 ,-12.536     ,56.2396,-12.5694  ,56.6027,-12.5887  ,52.0568,-11.5268  ,52.5497,-11.4665   ,52.9157,-11.597   ,53.2832,-11.7259  ,53.7318,-11.829   ,54.1072,-11.8992   ,54.5584,-11.9749   ,54.9351,-12.028   ,55.3869,-12.0976   ,55.7618,-12.1717  ,56.2103,-12.2771  ,56.6027,-12.5887  ,56.1158,-12.8494  ,55.6327,-12.8829  ,55.2294,-12.8829   ,54.7458,-12.8608  ,54.3436,-12.82    ,53.8635,-12.7341   ,53.466 ,-12.6378  ,52.9947,-12.4802  ,52.6115,-12.2987  ,52.2589,-12.0514  ,54.2287,12.273    ,0.19877    ,619,133315,58.1189,10.6942,138.669,0
2258,52.0568,-11.5268  ,52.4724,-11.7984   ,52.8375,-11.9873 ,53.2155,-12.1296  ,53.6773,-12.2486  ,54.065 ,-12.3223  ,54.5309,-12.4036   ,54.9206,-12.4529  ,55.3884,-12.4987  ,55.778 ,-12.5327    ,56.2437,-12.5607  ,56.6091,-12.5824  ,52.0568,-11.5268  ,52.5503,-11.4667   ,52.9166,-11.5974  ,53.2846,-11.7263  ,53.7336,-11.8294  ,54.11  ,-11.8933   ,54.5617,-11.9691   ,54.9385,-12.0273  ,55.3906,-12.0985   ,55.7665,-12.1666  ,56.2159,-12.2662  ,56.6091,-12.5824  ,56.1173,-12.8427  ,55.6341,-12.8831  ,55.2305,-12.8829   ,54.7467,-12.8609  ,54.3446,-12.814   ,53.8643,-12.7278   ,53.4664,-12.6331  ,52.9936,-12.4861  ,52.6101,-12.3043  ,52.2592,-12.0512  ,54.2349,12.2713   ,0.195561   ,622,133881,58.1859,10.6991,138.669,0
2259,52.0568,-11.5268  ,52.4722,-11.7969   ,52.8385,-11.9787 ,53.2162,-12.1203  ,53.6   ,-12.2252  ,54.0639,-12.3222  ,54.4517,-12.3913   ,54.8409,-12.4438  ,55.3085,-12.4895  ,55.6983,-12.5176    ,56.1636,-12.5408  ,56.5147,-12.5504  ,52.0568,-11.5268  ,52.5494,-11.4665   ,52.9161,-11.591   ,53.2846,-11.7135  ,53.6582,-11.7996  ,54.1075,-11.8932   ,54.4831,-11.9573   ,54.8594,-12.0152  ,55.311 ,-12.0845   ,55.6872,-12.1423  ,56.137 ,-12.2324  ,56.5147,-12.5504  ,56.0366,-12.8427  ,55.5535,-12.8831  ,55.1501,-12.8829   ,54.6665,-12.8546  ,54.2649,-12.8016  ,53.8649,-12.7279   ,53.3875,-12.6142  ,52.9951,-12.4803  ,52.6117,-12.2989  ,52.259 ,-12.0515  ,54.2049,12.2631   ,0.197399   ,616,133941,56.9749,10.6952,135.841,0
2260,52.0442,-11.5268  ,52.3953,-11.7555   ,52.8341,-11.9739 ,53.213 ,-12.1102  ,53.5977,-12.2119  ,53.9844,-12.2963  ,54.3722,-12.3703   ,54.8393,-12.4373  ,55.2294,-12.4772  ,55.6193,-12.5051    ,56.0842,-12.5284  ,56.4396,-12.5381  ,52.0442,-11.5268  ,52.4717,-11.44     ,52.9103,-11.5823  ,53.2807,-11.6939  ,53.6546,-11.7796  ,54.0295,-11.8537   ,54.4047,-11.9263   ,54.8559,-12.0021  ,55.2324,-12.0598   ,55.6083,-12.1236  ,56.0579,-12.2177  ,56.4396,-12.5381  ,55.9576,-12.8298  ,55.4742,-12.8812  ,55.0702,-12.8833   ,54.6667,-12.8546  ,54.1844,-12.7868  ,53.7844,-12.7069   ,53.3865,-12.6076  ,52.9925,-12.4794  ,52.6087,-12.2972  ,52.1892,-11.9903  ,54.1647,12.2499   ,0.199791   ,615,133282,56.1368,10.8937,135.497,0
2261,52.0057,-11.5296  ,52.3776,-11.7464   ,52.7493,-11.9263 ,53.1293,-12.0718  ,53.5152,-12.183   ,53.9035,-12.2746  ,54.2934,-12.3513   ,54.6851,-12.408   ,55.1561,-12.4595  ,55.5483,-12.4812    ,55.9384,-12.4737  ,56.3042,-12.4477  ,52.0057,-11.5296  ,52.4229,-11.4126   ,52.7931,-11.5234  ,53.1625,-11.65    ,53.537 ,-11.7433  ,53.9126,-11.8257   ,54.2882,-11.9091   ,54.6662,-11.9649  ,55.12  ,-12.0299   ,55.4978,-12.0898  ,55.8755,-12.1524  ,56.3042,-12.4477  ,55.8462,-12.8004  ,55.4419,-12.8665  ,55.035 ,-12.8728   ,54.547 ,-12.832   ,54.1422,-12.7679  ,53.7386,-12.6906   ,53.3385,-12.582   ,52.943 ,-12.4419  ,52.5554,-12.2605  ,52.1955,-12.0073  ,54.0981,12.2261   ,0.203004   ,600,131012,54.8089,10.8206,132.083,0
2262,52.0001,-11.5584  ,52.4256,-11.7778   ,52.7927,-11.9456 ,53.1678,-12.0852  ,53.548 ,-12.1943  ,53.9307,-12.2828  ,54.3151,-12.3548   ,54.7013,-12.4058  ,55.0884,-12.4304  ,55.5522,-12.4171    ,55.9324,-12.3514  ,56.2765,-12.2414  ,52.0001,-11.5584  ,52.4579,-11.4242   ,52.8181,-11.5339  ,53.1788,-11.6524  ,53.5425,-11.752   ,53.9086,-11.8312   ,54.2751,-11.9065   ,54.6437,-11.9567  ,55.0123,-12.0074   ,55.4561,-12.0436  ,55.826 ,-12.0658  ,56.2765,-12.2414  ,55.8894,-12.6738  ,55.4943,-12.803   ,55.0095,-12.8461   ,54.6043,-12.8371  ,54.2011,-12.7781  ,53.7992,-12.7038   ,53.4006,-12.599   ,53.0061,-12.4656  ,52.6193,-12.2902  ,52.2524,-12.0674  ,54.0827,12.2046   ,0.179684   ,596,130519,54.6088,10.8082,133.497,0
2263,52.0038,-11.3831  ,52.3293,-11.6856   ,52.6581,-11.8911 ,53.052 ,-12.0535  ,53.431 ,-12.1595  ,53.8324,-12.2598  ,54.2949,-12.3368   ,54.6666,-12.3646  ,55.1123,-12.3583  ,55.4901,-12.2918    ,55.8585,-12.0682  ,56.1004,-11.7943  ,52.0038,-11.3831  ,52.446 ,-11.3457   ,52.7419,-11.4987  ,53.1038,-11.6352  ,53.4584,-11.7224  ,53.825 ,-11.8056   ,54.2006,-11.8901   ,54.4939,-11.9368  ,54.8769,-11.962    ,55.2577,-11.9403  ,55.6664,-11.8206  ,56.1004,-11.7943  ,55.9703,-12.3861  ,55.6101,-12.6764  ,55.2051,-12.764    ,54.6878,-12.7855  ,54.2473,-12.7662  ,53.7199,-12.6869   ,53.2926,-12.5677  ,52.8971,-12.4379  ,52.4795,-12.2325  ,52.1211,-11.956   ,53.9987,12.1433   ,0.151697   ,583,126822,55.7445,10.885 ,130.326,0
2264,52.0165,-11.3784  ,52.2979,-11.6617   ,52.6489,-11.8854 ,52.9688,-12.0227  ,53.36  ,-12.1471  ,53.7355,-12.2454  ,54.1527,-12.3239   ,54.532 ,-12.359   ,54.8979,-12.332   ,55.2702,-12.1776    ,55.5529,-11.9211  ,55.7504,-11.6248  ,52.0165,-11.3784  ,52.4176,-11.3346   ,52.7262,-11.49    ,53.0025,-11.6084  ,53.3589,-11.7088  ,53.7017,-11.7825   ,54.0418,-11.863    ,54.3299,-11.9271  ,54.6184,-11.9489   ,54.9521,-11.856   ,55.2822,-11.6696  ,55.7504,-11.6248  ,55.7548,-12.2535  ,55.4915,-12.5585  ,55.0601,-12.7364   ,54.6073,-12.7857  ,54.14  ,-12.7658  ,53.6569,-12.6819   ,53.2587,-12.5564  ,52.8417,-12.4028  ,52.4825,-12.2331  ,52.0945,-11.9229  ,53.9254,12.103    ,0.126175   ,567,123032,52.6153,11.1377,125.983,0
2265,51.9177,-11.4526  ,52.2439,-11.6487   ,52.6044,-11.8355 ,52.9528,-12.001   ,53.3174,-12.1276  ,53.6711,-12.2226  ,54.0587,-12.2897   ,54.4488,-12.3002  ,54.8108,-12.2295  ,55.1437,-12.0046    ,55.2902,-11.6783  ,55.2881,-11.3261  ,51.9177,-11.4526  ,52.2856,-11.2954   ,52.6028,-11.3906  ,52.884 ,-11.5274  ,53.172 ,-11.6397  ,53.4476,-11.7229   ,53.7464,-11.7976   ,54.0624,-11.8559  ,54.3995,-11.8593   ,54.7598,-11.7408  ,54.9793,-11.5314  ,55.2881,-11.3261  ,55.5775,-11.927   ,55.461 ,-12.3443  ,55.1239,-12.6317   ,54.726 ,-12.7506  ,54.2587,-12.7675  ,53.7882,-12.6978   ,53.3677,-12.586   ,52.9347,-12.4387  ,52.517 ,-12.2315  ,52.1142,-11.9616  ,53.8659,12.0482   ,0.101443   ,559,122079,51.703 ,13.6611,123.74 ,0
2266,51.9348,-11.4863  ,52.2726,-11.6753   ,52.6354,-11.8526 ,52.9815,-12.0107  ,53.3434,-12.1391  ,53.7042,-12.2331  ,54.0902,-12.293    ,54.468 ,-12.2799  ,54.8049,-12.1442  ,55.0238,-11.8504    ,55.0997,-11.4754  ,55.0637,-11.1094  ,51.9348,-11.4863  ,52.2968,-11.3131   ,52.6169,-11.3981  ,52.8974,-11.5293  ,53.1809,-11.6426  ,53.4554,-11.7273   ,53.7569,-11.8011   ,54.0717,-11.8537  ,54.3755,-11.8372   ,54.6147,-11.675   ,54.7548,-11.4095  ,55.0637,-11.1094  ,55.4362,-11.6471  ,55.3899,-12.1257  ,55.1482,-12.5092   ,54.7583,-12.7222  ,54.314 ,-12.774   ,53.8439,-12.7158   ,53.4108,-12.6052  ,52.9796,-12.4567  ,52.5649,-12.2618  ,52.1588,-11.9987  ,53.8402,11.9996   ,0.0609167  ,563,123347,51.5783,13.7495,125.74 ,0
2267,51.9249,-11.4884  ,52.2988,-11.6843   ,52.6322,-11.8539 ,52.9845,-12.0274  ,53.3749,-12.1552  ,53.7627,-12.2392  ,54.1613,-12.2679   ,54.541 ,-12.1981  ,54.8623,-11.9615  ,54.9571,-11.5844    ,54.8747,-11.1905  ,54.7118,-10.877   ,51.9249,-11.4884  ,52.3033,-11.3038   ,52.5972,-11.3873  ,52.8859,-11.5277  ,53.179 ,-11.6422  ,53.466 ,-11.7245   ,53.7819,-11.7953   ,54.1039,-11.8494  ,54.4223,-11.8245   ,54.5792,-11.5823  ,54.5947,-11.2367  ,54.7118,-10.877   ,55.1852,-11.2385  ,55.3367,-11.6869  ,55.2446,-12.1765   ,54.8757,-12.5822  ,54.4274,-12.7421  ,53.9447,-12.735    ,53.4677,-12.639   ,52.9931,-12.4897  ,52.5755,-12.2706  ,52.1975,-12.0242  ,53.8023,11.9522   ,0.0156525  ,567,123874,53.4466,14.054 ,128.225,0
2268,52.0681,-11.385   ,52.3103,-11.6587   ,52.6625,-11.8632 ,53.0024,-12.0344  ,53.3391,-12.1503  ,53.7345,-12.2206  ,54.0911,-12.218    ,54.471 ,-12.0779  ,54.6885,-11.7919  ,54.7664,-11.4018    ,54.7425,-11.0328  ,54.6284,-10.7182  ,52.0681,-11.385   ,52.3984,-11.3033   ,52.6755,-11.4027  ,52.9282,-11.5388  ,53.1574,-11.6441  ,53.4064,-11.7326   ,53.6448,-11.7849   ,53.9618,-11.7713  ,54.2041,-11.6196   ,54.3574,-11.3454  ,54.4555,-11.0357  ,54.6284,-10.7182  ,55.043 ,-11.1145  ,55.1693,-11.558   ,55.1339,-12.0514   ,54.9084,-12.434   ,54.4397,-12.6614  ,53.9587,-12.6983   ,53.4306,-12.6312  ,52.9994,-12.4963  ,52.572 ,-12.2802  ,52.1485,-11.9661  ,53.7657,11.886    ,-0.0505331 ,570,123570,51.143 ,14.5121,125.74 ,0
2269,52.0553,-11.3891  ,52.3795,-11.6893   ,52.7076,-11.8898 ,53.0645,-12.0493  ,53.4481,-12.1665  ,53.8665,-12.2313  ,54.2696,-12.172    ,54.5624,-11.9074  ,54.6627,-11.5234  ,54.6691,-11.102     ,54.6202,-10.7435  ,54.5972,-10.3524  ,52.0553,-11.3891  ,52.4466,-11.3345   ,52.7401,-11.4414  ,53.0498,-11.5721  ,53.3514,-11.6774  ,53.6622,-11.7585   ,53.9662,-11.7764   ,54.1971,-11.627   ,54.2893,-11.3527   ,54.3372,-11.0276  ,54.3876,-10.7096  ,54.5972,-10.3524  ,54.8722,-10.8685  ,55.0069,-11.2921  ,55.0219,-11.814    ,54.8756,-12.2787  ,54.4795,-12.602   ,53.9641,-12.6987   ,53.4447,-12.6296  ,52.989 ,-12.4927  ,52.583 ,-12.2877  ,52.2204,-11.9801  ,53.737 ,11.8139   ,-0.14961   ,570,124068,54.5935,12.1107,131.154,0
2270,52.0425,-11.4027  ,52.3524,-11.666    ,52.7163,-11.8921 ,53.0678,-12.0647  ,53.4337,-12.1537  ,53.8517,-12.1612  ,54.2205,-12.05     ,54.4857,-11.7476  ,54.5895,-11.3908  ,54.6337,-10.9895    ,54.6572,-10.5961  ,54.655 ,-10.2269  ,52.0425,-11.4027  ,52.424 ,-11.3181   ,52.7534,-11.4391  ,53.0573,-11.5951  ,53.3393,-11.6919  ,53.6529,-11.7107   ,53.949 ,-11.6115   ,54.1562,-11.339   ,54.2449,-11.0515   ,54.3177,-10.7702  ,54.4123,-10.5025  ,54.655 ,-10.2269  ,54.8962,-10.7973  ,54.9406,-11.3248  ,54.9145,-11.8394   ,54.7682,-12.247   ,54.4009,-12.5386  ,53.9312,-12.6217   ,53.4145,-12.5988  ,52.9862,-12.4982  ,52.5905,-12.2933  ,52.1915,-11.9544  ,53.7243,11.7411   ,-0.275561  ,565,124349,53.5971,13.4296,126.326,0
2271,52.0601,-11.3962  ,52.3751,-11.6735   ,52.7123,-11.8919 ,53.0525,-12.0602  ,53.4168,-12.1507  ,53.8066,-12.1362  ,54.1301,-11.9855   ,54.3622,-11.6657  ,54.4782,-11.3028  ,54.5554,-10.8948    ,54.604 ,-10.5392  ,54.609 ,-10.1761  ,52.0601,-11.3962  ,52.4722,-11.3363   ,52.7768,-11.4529  ,53.0626,-11.594   ,53.357 ,-11.6893  ,53.6645,-11.6776   ,53.9131,-11.5114   ,54.0667,-11.2043  ,54.1536,-10.9232   ,54.252 ,-10.6532  ,54.361 ,-10.4286  ,54.609 ,-10.1761  ,54.8338,-10.7658  ,54.8391,-11.2554  ,54.7764,-11.7937   ,54.6132,-12.2195  ,54.2688,-12.5196  ,53.8404,-12.6148   ,53.3673,-12.5974  ,52.9445,-12.487   ,52.5502,-12.2722  ,52.1863,-11.9464  ,53.6852,11.6765   ,-0.401025  ,561,123881,52.2173,14.1414,125.154,0
2272,52.0473,-11.2727  ,52.3128,-11.5924   ,52.6556,-11.8477 ,52.9755,-12.0195  ,53.3662,-12.1361  ,53.7448,-12.1203  ,54.0501,-11.9191   ,54.2995,-11.5681  ,54.4432,-11.2015  ,54.5646,-10.8014    ,54.664 ,-10.4594  ,54.8009,-10.1131  ,52.0473,-11.2727  ,52.4645,-11.2629   ,52.755 ,-11.4267  ,53.0165,-11.5654  ,53.3346,-11.6788  ,53.6344,-11.672    ,53.8675,-11.4516   ,54.0237,-11.1124  ,54.1357,-10.8055   ,54.2747,-10.5024  ,54.3994,-10.263   ,54.8009,-10.1131  ,54.8953,-10.765   ,54.8204,-11.2165  ,54.7154,-11.7077   ,54.5236,-12.121   ,54.1562,-12.4586  ,53.754 ,-12.5993   ,53.2837,-12.5714  ,52.8266,-12.4264  ,52.4527,-12.1992  ,52.0733,-11.8476  ,53.672 ,11.6053   ,-0.472353  ,564,123616,53.4029,13.8062,129.296,0
2273,52.0294,-11.3572  ,52.3435,-11.6284   ,52.6902,-11.8785 ,53.0095,-12.0449  ,53.4458,-12.1322  ,53.8302,-12.0839  ,54.1492,-11.862    ,54.3253,-11.5347  ,54.4576,-11.1541  ,54.5521,-10.7172    ,54.5921,-10.3235  ,54.5524,-9.98407  ,52.0294,-11.3572  ,52.4639,-11.2693   ,52.7637,-11.4325  ,53.0173,-11.5862  ,53.332 ,-11.7063  ,53.6157,-11.6877   ,53.8731,-11.4824   ,54.0125,-11.1767  ,54.1135,-10.8548   ,54.2263,-10.5471  ,54.3312,-10.2908  ,54.5524,-9.98407  ,54.8473,-10.4833  ,54.8555,-11.018   ,54.769 ,-11.5693   ,54.5939,-11.9929  ,54.3562,-12.322   ,53.9262,-12.5152   ,53.4265,-12.5496  ,52.8904,-12.4592  ,52.5149,-12.2558  ,52.1285,-11.9183  ,53.6807,11.5894   ,-0.4932    ,558,124478,54.0017,12.2899,125.983,0
2274,52.0268,-11.3633  ,52.378 ,-11.6586   ,52.6913,-11.8913 ,53.0725,-12.0865  ,53.5001,-12.1528  ,53.9026,-12.0427  ,54.2166,-11.7177   ,54.3964,-11.3489  ,54.5192,-10.9207  ,54.5819,-10.4931    ,54.6005,-10.1201  ,54.5763,-9.69565  ,52.0268,-11.3633  ,52.4918,-11.2893   ,52.765 ,-11.4519  ,53.0696,-11.6343  ,53.418 ,-11.7167  ,53.7526,-11.6076   ,53.9796,-11.2739   ,54.0912,-10.9309  ,54.2007,-10.5897   ,54.3008,-10.2992  ,54.3806,-10.048   ,54.5763,-9.69565  ,54.8183,-10.3386  ,54.8478,-10.8358  ,54.8096,-11.3836   ,54.6569,-11.8781  ,54.3925,-12.2579  ,53.9489,-12.533    ,53.4584,-12.5885  ,52.9609,-12.4983  ,52.5123,-12.2563  ,52.1622,-11.9521  ,53.7134,11.5317   ,-0.591141  ,578,127671,57.4569,13.5307,133.64 ,0
2275,52.0738,-11.322   ,52.4071,-11.6654   ,52.7093,-11.9017 ,53.0919,-12.0953  ,53.5128,-12.1572  ,53.9535,-11.9986  ,54.2195,-11.7054   ,54.3981,-11.3261  ,54.523 ,-10.894   ,54.5963,-10.4647    ,54.6396,-10.0208  ,54.644 ,-9.6424   ,52.0738,-11.322   ,52.566 ,-11.3206   ,52.8249,-11.4971  ,53.1327,-11.6613  ,53.4873,-11.7154  ,53.8404,-11.5326   ,54.0096,-11.2266   ,54.1088,-10.868   ,54.2108,-10.5125   ,54.3117,-10.2263  ,54.4129,-9.94016  ,54.644 ,-9.6424   ,54.8553,-10.2427  ,54.861 ,-10.8531  ,54.805 ,-11.4072   ,54.6426,-11.8986  ,54.3679,-12.2812  ,53.9696,-12.5285   ,53.4181,-12.6014  ,52.9364,-12.49    ,52.4893,-12.2316  ,52.1551,-11.9307  ,53.7369,11.5116   ,-0.637764  ,582,128722,58.0273,14.2339,135.64 ,0
2276,52.0872,-11.3091  ,52.369 ,-11.6342   ,52.6994,-11.9019 ,53.1356,-12.1033  ,53.5343,-12.1152  ,53.9584,-11.9492  ,54.2421,-11.6363   ,54.4059,-11.2693  ,54.5246,-10.8125  ,54.6178,-10.3877    ,54.6628,-9.96714  ,54.6103,-9.58714  ,52.0872,-11.3091  ,52.5342,-11.3049   ,52.8076,-11.4894  ,53.1223,-11.6658  ,53.4054,-11.6913  ,53.7366,-11.5233   ,53.9744,-11.2209   ,54.0969,-10.8864  ,54.1968,-10.5247   ,54.3013,-10.2287  ,54.4088,-9.92844  ,54.6103,-9.58714  ,54.9151,-10.1218  ,54.9101,-10.6688  ,54.8242,-11.219    ,54.6791,-11.7601  ,54.4459,-12.1514  ,54.0754,-12.4454   ,53.5271,-12.5541  ,53.0272,-12.5122  ,52.4919,-12.2406  ,52.1196,-11.8904  ,53.7524,11.4683   ,-0.665954  ,587,129606,58.3125,12.8759,135.054,0
2277,52.101 ,-11.2921  ,52.3885,-11.6446   ,52.6974,-11.8969 ,53.0616,-12.0811  ,53.5126,-12.1234  ,53.9229,-11.9938  ,54.1907,-11.717    ,54.3906,-11.3147  ,54.5066,-10.918   ,54.6063,-10.4804    ,54.665 ,-10.0849  ,54.6475,-9.70938  ,52.101 ,-11.2921  ,52.5718,-11.3283   ,52.8713,-11.5303  ,53.2029,-11.6833  ,53.5475,-11.7098  ,53.8075,-11.5525   ,53.9527,-11.2836   ,54.0802,-10.9351  ,54.1753,-10.6026   ,54.2775,-10.2811  ,54.3724,-10.0149  ,54.6475,-9.70938  ,54.944 ,-10.285   ,54.9088,-10.809   ,54.8075,-11.352    ,54.6612,-11.8006  ,54.3649,-12.2413  ,53.9401,-12.4935   ,53.3441,-12.5453  ,52.8048,-12.4416  ,52.4325,-12.196   ,52.1221,-11.8841  ,53.7513,11.4785   ,-0.644693  ,587,129460,56.9685,12.7872,135.64 ,0
2278,52.0963,-11.2815  ,52.3831,-11.654    ,52.7011,-11.9146 ,53.138 ,-12.1155  ,53.5485,-12.1415  ,53.9671,-11.962   ,54.2678,-11.5979   ,54.4313,-11.2326  ,54.5703,-10.7691  ,54.6585,-10.3619    ,54.711 ,-9.93049  ,54.698 ,-9.50503  ,52.0963,-11.2815  ,52.5432,-11.3375   ,52.8262,-11.5127  ,53.2095,-11.6967  ,53.5625,-11.7086  ,53.8621,-11.496    ,54.0334,-11.1458   ,54.1308,-10.8077  ,54.2541,-10.4158   ,54.3652,-10.1231  ,54.4686,-9.84202  ,54.698 ,-9.50503  ,54.9416,-10.159   ,54.9267,-10.743   ,54.8535,-11.2481   ,54.6928,-11.7624  ,54.44  ,-12.1536  ,53.9816,-12.4957   ,53.4176,-12.5882  ,52.953 ,-12.5031  ,52.4683,-12.2396  ,52.1255,-11.8776  ,53.7753,11.451    ,-0.680745  ,603,131530,59.9691,13.5869,137.882,0
2279,52.1381,-11.426   ,52.4468,-11.7321   ,52.8263,-11.9601 ,53.2312,-12.0948  ,53.6417,-12.0739  ,54.0094,-11.8807  ,54.2491,-11.6093   ,54.4397,-11.218   ,54.5629,-10.8107  ,54.6529,-10.4004    ,54.7241,-9.99251  ,54.7554,-9.60551  ,52.1381,-11.426   ,52.5268,-11.3808   ,52.8559,-11.519   ,53.185 ,-11.6545  ,53.5211,-11.6438  ,53.8035,-11.4667   ,53.9748,-11.2309   ,54.1113,-10.9046  ,54.2244,-10.5712   ,54.3421,-10.2386  ,54.473 ,-9.90963  ,54.7554,-9.60551  ,54.9498,-10.2092  ,54.9363,-10.6991  ,54.8648,-11.1866   ,54.7159,-11.6654  ,54.4361,-12.1046  ,54.1038,-12.3825   ,53.6286,-12.5361  ,53.1398,-12.5088  ,52.6659,-12.334   ,52.2533,-12.0005  ,53.7837,11.4425   ,-0.683978  ,604,132224,56.3704,12.117 ,138.468,0
2280,51.9933,-11.4106  ,52.3694,-11.7014   ,52.7142,-11.9407 ,53.1255,-12.1102  ,53.5404,-12.1289  ,53.9671,-11.981   ,54.246 ,-11.6699   ,54.4393,-11.255   ,54.5623,-10.8538  ,54.6428,-10.4485    ,54.6918,-10.0103  ,54.6968,-9.59934  ,51.9933,-11.4106  ,52.4528,-11.3521   ,52.7953,-11.5149  ,53.1668,-11.6854  ,53.4943,-11.7151  ,53.818 ,-11.5529   ,54.0052,-11.254    ,54.1365,-10.8625  ,54.2415,-10.5036   ,54.3417,-10.2073  ,54.4488,-9.91817  ,54.6968,-9.59934  ,54.9229,-10.2468  ,54.9211,-10.8322  ,54.8516,-11.3283   ,54.7019,-11.7522  ,54.4216,-12.1866  ,54.0135,-12.4745   ,53.4463,-12.5541  ,52.9565,-12.505   ,52.5202,-12.2948  ,52.1727,-11.9679  ,53.7698,11.4606   ,-0.661187  ,600,131643,58.6598,12.9282,134.811,0
2281,52.0258,-11.3859  ,52.378 ,-11.6848   ,52.686 ,-11.9307 ,53.0771,-12.0985  ,53.4981,-12.132   ,53.8942,-12.0315  ,54.198 ,-11.7439   ,54.4091,-11.3264  ,54.543 ,-10.9297  ,54.6362,-10.5373    ,54.7052,-10.1175  ,54.7468,-9.7354   ,52.0258,-11.3859  ,52.4985,-11.3332   ,52.7578,-11.5031  ,53.0772,-11.6682  ,53.4111,-11.7196  ,53.729 ,-11.626    ,53.9634,-11.3459   ,54.1084,-10.9519  ,54.2161,-10.5825   ,54.3197,-10.2782  ,54.4458,-10.0024  ,54.7468,-9.7354   ,54.9452,-10.3701  ,54.9242,-10.9336  ,54.8355,-11.3981   ,54.6654,-11.8075  ,54.3646,-12.2383  ,53.9431,-12.4923   ,53.4394,-12.5493  ,52.9516,-12.4976  ,52.5125,-12.2869  ,52.1536,-11.95    ,53.7447,11.5      ,-0.604276  ,583,128159,56.9886,12.5612,131.983,0
2282,52.0583,-11.3633  ,52.3597,-11.6615   ,52.7024,-11.9361 ,53.0878,-12.0995  ,53.4891,-12.1274  ,53.8607,-12.032   ,54.1926,-11.7382   ,54.3821,-11.3989  ,54.5413,-10.9705  ,54.637 ,-10.6031    ,54.7027,-10.1958  ,54.7377,-9.80145  ,52.0583,-11.3633  ,52.5134,-11.3426   ,52.7992,-11.5307  ,53.1118,-11.6783  ,53.4308,-11.7172  ,53.73  ,-11.6227   ,53.98  ,-11.3188   ,54.1066,-10.9981  ,54.2263,-10.6012   ,54.3329,-10.3258  ,54.4563,-10.0649  ,54.7377,-9.80145  ,54.9315,-10.4624  ,54.9128,-11.0103  ,54.8202,-11.4527   ,54.6111,-11.9023  ,54.3384,-12.2435  ,53.8822,-12.4915   ,53.4098,-12.544   ,52.942 ,-12.491   ,52.5059,-12.2735  ,52.1107,-11.8969  ,53.7315,11.5188   ,-0.573598  ,569,123469,55.9488,12.7331,130.811,0
2283,52.0463,-11.3555  ,52.3592,-11.6653   ,52.65  ,-11.894  ,52.9972,-12.0693  ,53.3936,-12.1325  ,53.7943,-12.0373  ,54.1248,-11.7815   ,54.334 ,-11.5013  ,54.4995,-11.0992  ,54.602 ,-10.7244    ,54.6841,-10.3305  ,54.7234,-9.97574  ,52.0463,-11.3555  ,52.4519,-11.3232   ,52.7066,-11.4661  ,52.9794,-11.6314  ,53.285 ,-11.7175  ,53.6075,-11.6435   ,53.8819,-11.4122   ,54.0443,-11.166   ,54.1687,-10.818    ,54.274 ,-10.5261  ,54.4202,-10.2489  ,54.7234,-9.97574  ,54.9286,-10.5226  ,54.9022,-11.0327  ,54.7987,-11.4843   ,54.5653,-11.9328  ,54.283 ,-12.2374  ,53.8742,-12.4806   ,53.3828,-12.5461  ,52.9118,-12.4703  ,52.4965,-12.2536  ,52.1718,-11.9259  ,53.6853,11.5655   ,-0.50087   ,544,118510,53.6999,11.3696,125.64 ,0
2284,52.0236,-11.4112  ,52.2907,-11.6878   ,52.6158,-11.8857 ,52.9194,-12.0166  ,53.308 ,-12.0764  ,53.6591,-12.0302  ,54.0011,-11.8629   ,54.2423,-11.6259  ,54.4392,-11.3196  ,54.5957,-10.956     ,54.7121,-10.6364  ,54.7884,-10.2891  ,52.0236,-11.4112  ,52.3968,-11.3539   ,52.6878,-11.4797  ,52.9413,-11.5837  ,53.2691,-11.6236  ,53.5656,-11.5715   ,53.8489,-11.4097   ,54.0191,-11.2118  ,54.143 ,-10.9696   ,54.2851,-10.6959  ,54.4538,-10.4874  ,54.7884,-10.2891  ,54.9394,-10.8784  ,54.8719,-11.3022  ,54.696 ,-11.7463   ,54.4032,-12.1147  ,54.0764,-12.3713  ,53.6564,-12.5137   ,53.2449,-12.527   ,52.8073,-12.4198  ,52.4603,-12.2462  ,52.1092,-11.968   ,53.6316,11.6363   ,-0.388718  ,523,114335,49.5271,12.1198,117.397,0
2285,52.0824,-11.3992  ,52.3028,-11.6771   ,52.581 ,-11.8805 ,52.8805,-12.0168  ,53.218 ,-12.0799  ,53.5732,-12.0586  ,53.892 ,-11.9374   ,54.145 ,-11.7467  ,54.3834,-11.5069  ,54.6206,-11.228     ,54.8145,-10.9687  ,54.9266,-10.6874  ,52.0824,-11.3992  ,52.4047,-11.3649   ,52.6563,-11.4651  ,52.9038,-11.5708  ,53.17  ,-11.6279  ,53.4511,-11.607    ,53.7153,-11.4999   ,53.9223,-11.3467  ,54.1134,-11.1621   ,54.3278,-10.9436  ,54.551 ,-10.7564  ,54.9266,-10.6874  ,55.035 ,-11.2438  ,54.8588,-11.5802  ,54.5882,-11.9225   ,54.2968,-12.2093  ,53.9938,-12.417   ,53.6089,-12.5261   ,53.1776,-12.5245  ,52.7791,-12.4365  ,52.4334,-12.2517  ,52.1374,-11.9326  ,53.6034,11.7138   ,-0.275861  ,507,110607,45.8732,11.7549,110.811,0
2286,51.9717,-11.3599  ,52.205 ,-11.6015   ,52.5122,-11.8307 ,52.7903,-11.9823  ,53.1033,-12.0574  ,53.4562,-12.0483  ,53.7923,-11.9627   ,54.1198,-11.8082  ,54.4001,-11.659   ,54.7093,-11.5321    ,55.0271,-11.4464  ,55.352 ,-11.3512  ,51.9717,-11.3599  ,52.3441,-11.3105   ,52.6332,-11.4435  ,52.8792,-11.5663  ,53.1678,-11.6167  ,53.4822,-11.5781   ,53.7707,-11.465    ,54.0562,-11.304   ,54.3164,-11.1857   ,54.6261,-11.1189  ,54.96  ,-11.1279  ,55.352 ,-11.3512  ,55.0058,-11.7856  ,54.7014,-11.9751  ,54.4007,-12.1726   ,54.1057,-12.3552  ,53.7234,-12.4918  ,53.3284,-12.5317   ,52.943 ,-12.4869  ,52.6196,-12.3636  ,52.3131,-12.1647  ,51.9946,-11.8343  ,53.5893,11.7971   ,-0.118537  ,500,108365,46.0006,12.9069,110.569,0
2287,51.9499,-11.4106  ,52.2039,-11.6399   ,52.5211,-11.8447 ,52.8254,-11.9794  ,53.1497,-12.0454  ,53.4634,-12.0344  ,53.7624,-11.964    ,54.1093,-11.8595  ,54.4428,-11.781   ,54.7543,-11.775     ,55.0738,-11.8107  ,55.3985,-11.8522  ,51.9499,-11.4106  ,52.369 ,-11.3412   ,52.7168,-11.5     ,53.0252,-11.6093  ,53.3561,-11.6301  ,53.6525,-11.56     ,53.9012,-11.4385   ,54.2109,-11.3191  ,54.5528,-11.2868   ,54.847 ,-11.3504  ,55.1182,-11.4783  ,55.3985,-11.8522  ,54.927 ,-12.1289  ,54.5537,-12.1941  ,54.2357,-12.2889   ,53.9106,-12.4295  ,53.5245,-12.518   ,53.1726,-12.5223   ,52.8351,-12.4498  ,52.5202,-12.3125  ,52.2299,-12.1362  ,51.9576,-11.8747  ,53.578 ,11.8683   ,-0.00826885,495,107153,45.065 ,14.1074,110.083,0
2288,51.946 ,-11.4134  ,52.2059,-11.6449   ,52.5208,-11.8485 ,52.8165,-11.9725  ,53.1812,-12.0323  ,53.4832,-12.0172  ,53.8429,-11.94     ,54.1656,-11.8689  ,54.5135,-11.8177  ,54.8413,-11.8761    ,55.1672,-12.0087  ,55.4737,-12.0929  ,51.946 ,-11.4134  ,52.3646,-11.3403   ,52.7057,-11.5063  ,53.01  ,-11.6163  ,53.3944,-11.6189  ,53.6864,-11.5345   ,54.0068,-11.4121   ,54.3264,-11.3598  ,54.7108,-11.3894   ,55.0218,-11.5177  ,55.2676,-11.7235  ,55.4737,-12.0929  ,54.97  ,-12.2593  ,54.5696,-12.2015  ,54.2202,-12.2513   ,53.8993,-12.4004  ,53.5718,-12.4924  ,53.1811,-12.5131   ,52.8646,-12.4391  ,52.5208,-12.2963  ,52.2422,-12.1388  ,51.9651,-11.8851  ,53.6318,11.8904   ,0.0419553  ,499,109585,46.2941,14.2831,114.669,0
2289,51.9584,-11.3997  ,52.2281,-11.6467   ,52.5304,-11.8416 ,52.8131,-11.9632  ,53.1564,-12.0255  ,53.4968,-12.0131  ,53.8452,-11.9461   ,54.1894,-11.8701  ,54.5266,-11.8674  ,54.8867,-11.9868    ,55.189 ,-12.149   ,55.4418,-12.2983  ,51.9584,-11.3997  ,52.4105,-11.3601   ,52.7422,-11.512   ,53.0342,-11.61    ,53.3908,-11.617   ,53.7193,-11.5262   ,54.046 ,-11.4163   ,54.3846,-11.3581  ,54.7138,-11.4269   ,55.0519,-11.6358  ,55.3216,-11.8948  ,55.4418,-12.2983  ,54.9597,-12.3481  ,54.6178,-12.2904  ,54.2401,-12.2942   ,53.899 ,-12.3994  ,53.5432,-12.4988  ,53.1774,-12.5112   ,52.824 ,-12.4263  ,52.4955,-12.2839  ,52.2277,-12.1211  ,51.9681,-11.8723  ,53.6505,11.9148   ,0.0721675  ,503,110137,46.4722,14.6378,114.326,0
2290,51.9499,-11.4116  ,52.219 ,-11.639    ,52.5183,-11.8371 ,52.8507,-11.9699  ,53.1857,-12.0088  ,53.5508,-11.9821  ,53.8709,-11.9423   ,54.181 ,-11.9032  ,54.5543,-11.8946  ,54.8734,-12.0411    ,55.116 ,-12.2393  ,55.3494,-12.4599  ,51.9499,-11.4116  ,52.4003,-11.3422   ,52.7352,-11.5058  ,53.0763,-11.6225  ,53.41  ,-11.6103  ,53.7311,-11.5255   ,54.0156,-11.4581   ,54.3312,-11.4314  ,54.749 ,-11.4921   ,55.0759,-11.7017  ,55.2962,-11.9704  ,55.3494,-12.4599  ,54.859 ,-12.4409  ,54.5843,-12.3216  ,54.2615,-12.2845   ,53.9117,-12.3895  ,53.5977,-12.4429  ,53.2451,-12.4529   ,52.8449,-12.4055  ,52.5219,-12.2889  ,52.2142,-12.1194  ,51.9568,-11.8712  ,53.6222,11.9288   ,0.10213    ,496,109197,46.2801,13.1212,112.912,0
2291,51.9073,-11.4109  ,52.1887,-11.5996   ,52.4593,-11.7913 ,52.7974,-11.9372  ,53.1303,-11.9769  ,53.446 ,-11.9639  ,53.7814,-11.9424   ,54.1112,-11.9414  ,54.4539,-11.9906  ,54.7409,-12.157     ,54.9883,-12.3931  ,55.1815,-12.607   ,51.9073,-11.4109  ,52.3843,-11.3217   ,52.715 ,-11.4792  ,53.0886,-11.617   ,53.4419,-11.592   ,53.7504,-11.5111   ,54.0681,-11.4509   ,54.3867,-11.463   ,54.7408,-11.5859   ,55.0175,-11.8336  ,55.191 ,-12.1511  ,55.1815,-12.607   ,54.7191,-12.5664  ,54.3881,-12.4199  ,54.0766,-12.3692   ,53.7289,-12.4165  ,53.3823,-12.4394  ,53.0324,-12.4236   ,52.7191,-12.3599  ,52.417 ,-12.2321  ,52.124 ,-12.0536  ,51.9198,-11.822   ,53.5923,11.9665   ,0.167226   ,498,108728,45.0338,14.7548,111.497,0
2292,51.8806,-11.3904  ,52.1692,-11.5833   ,52.4212,-11.7598 ,52.7417,-11.9131  ,53.0629,-11.9672  ,53.3797,-11.9705  ,53.7329,-11.9717   ,54.0312,-11.9921  ,54.3624,-12.0684  ,54.6334,-12.2297    ,54.8415,-12.5069  ,54.9474,-12.7658  ,51.8806,-11.3904  ,52.3623,-11.315    ,52.6764,-11.462   ,53.0286,-11.6032  ,53.3717,-11.5979  ,53.7001,-11.5411   ,54.0689,-11.5114   ,54.3806,-11.5345  ,54.7201,-11.6499   ,54.9775,-11.886   ,55.1126,-12.2761  ,54.9474,-12.7658  ,54.5243,-12.6536  ,54.2104,-12.5074  ,53.9007,-12.4508   ,53.5644,-12.4369  ,53.2765,-12.4295  ,52.9478,-12.4007   ,52.6567,-12.3302  ,52.3697,-12.1941  ,52.0912,-12.0101  ,51.9083,-11.8008  ,53.5948,12.0002   ,0.208699   ,497,109088,44.0944,14.9228,109.841,0
2293,51.8826,-11.3739  ,52.1664,-11.5757   ,52.4375,-11.7768 ,52.7381,-11.9144  ,53.0231,-11.9712  ,53.3817,-11.9983  ,53.7009,-12.0202   ,54.0077,-12.0406  ,54.3313,-12.1006  ,54.5889,-12.3187    ,54.7411,-12.6072  ,54.8314,-12.8692  ,51.8826,-11.3739  ,52.3595,-11.31     ,52.6921,-11.4706  ,53.0215,-11.6042  ,53.3362,-11.6127  ,53.7322,-11.5519   ,54.0917,-11.5324   ,54.4234,-11.5758  ,54.7374,-11.7117   ,54.9455,-12.0185  ,55.0138,-12.4005  ,54.8314,-12.8692  ,54.4256,-12.7154  ,54.1695,-12.5341  ,53.8384,-12.4588   ,53.4931,-12.4981  ,53.204 ,-12.5006  ,52.926 ,-12.4381   ,52.612 ,-12.3173  ,52.3645,-12.1952  ,52.102 ,-12.0307  ,51.9006,-11.7837  ,53.5597,12.0304   ,0.243492   ,497,108849,43.8345,16.1108,110.083,0
2294,51.8957,-11.3913  ,52.1723,-11.5881   ,52.4352,-11.7818 ,52.7368,-11.9118  ,53.0928,-11.9869  ,53.3752,-12.0233  ,53.7203,-12.0588   ,54.0369,-12.1033  ,54.3533,-12.2246  ,54.598 ,-12.4569    ,54.713 ,-12.7288  ,54.763 ,-13.0473  ,51.8957,-11.3913  ,52.3696,-11.3261   ,52.6877,-11.482   ,53.021 ,-11.6015  ,53.4425,-11.6207  ,53.7885,-11.6098   ,54.2103,-11.6156   ,54.5641,-11.677   ,54.836 ,-11.8792   ,54.9895,-12.2154  ,55.0161,-12.5639  ,54.763 ,-13.0473  ,54.3832,-12.8003  ,54.1502,-12.6179  ,53.787 ,-12.5223   ,53.41  ,-12.5105  ,53.1175,-12.4903  ,52.8465,-12.4237   ,52.6351,-12.3361  ,52.3599,-12.1933  ,52.104 ,-12.0323  ,51.9046,-11.7923  ,53.5601,12.0675   ,0.272208   ,491,108713,44.3206,17.4598,110.083,0
2295,51.8581,-11.4125  ,52.1824,-11.6056   ,52.4691,-11.8053 ,52.7406,-11.9318  ,53.1038,-12.0107  ,53.4489,-12.0447  ,53.7909,-12.077    ,54.1316,-12.1427  ,54.4027,-12.2928  ,54.575 ,-12.5778    ,54.6306,-12.926   ,54.6173,-13.2513  ,51.8581,-11.4125  ,52.352 ,-11.3263   ,52.6608,-11.4708  ,52.9428,-11.586   ,53.3602,-11.621   ,53.781 ,-11.6071   ,54.2092,-11.6241   ,54.6073,-11.7496  ,54.8433,-12.0056   ,54.9337,-12.3964  ,54.9032,-12.84    ,54.6173,-13.2513  ,54.3523,-12.9158  ,54.1826,-12.6632  ,53.8945,-12.5217   ,53.567 ,-12.5091  ,53.2635,-12.518   ,52.9992,-12.4723   ,52.7376,-12.3855  ,52.4433,-12.2433  ,52.1926,-12.0871  ,51.9346,-11.8286  ,53.546 ,12.1006   ,0.311879   ,495,109143,46.2135,15.9597,114.326,0
2296,51.823 ,-11.566   ,52.1615,-11.6719   ,52.426 ,-11.7958 ,52.7348,-11.9333  ,53.0264,-12.0023  ,53.3976,-12.0391  ,53.6673,-12.0638   ,54.017 ,-12.1298  ,54.2733,-12.2648  ,54.458 ,-12.5476    ,54.529 ,-12.8416  ,54.5767,-13.1509  ,51.823 ,-11.566   ,52.2898,-11.3665   ,52.6127,-11.4463  ,52.9442,-11.5771  ,53.2733,-11.6194  ,53.7081,-11.6061   ,54.0222,-11.6156   ,54.4078,-11.7251  ,54.6737,-11.9492   ,54.8482,-12.3285  ,54.8579,-12.6943  ,54.5767,-13.1509  ,54.1816,-12.8928  ,54.0327,-12.672   ,53.7968,-12.5217   ,53.5317,-12.5068  ,53.2064,-12.5006  ,52.9783,-12.4633   ,52.6784,-12.3693  ,52.434 ,-12.2563  ,52.1526,-12.1019  ,51.945 ,-11.9408  ,53.489 ,12.1151   ,0.333576   ,488,108025,43.406 ,14.7628,107.255,0
2297,51.8442,-11.5246  ,52.1656,-11.6638   ,52.4237,-11.7913 ,52.741 ,-11.9155  ,53.0402,-11.9811  ,53.3564,-12.0233  ,53.6232,-12.072    ,53.922 ,-12.1729  ,54.196 ,-12.3725  ,54.32  ,-12.6524    ,54.3256,-12.9662  ,54.2534,-13.2312  ,51.8442,-11.5246  ,52.3292,-11.3781   ,52.6434,-11.4666  ,52.9895,-11.5811  ,53.3303,-11.6056  ,53.6986,-11.5925   ,54.0104,-11.6262   ,54.3597,-11.7941  ,54.6611,-12.1698   ,54.758 ,-12.5725  ,54.6815,-12.9485  ,54.2534,-13.2312  ,53.9808,-12.8843  ,53.8585,-12.6279  ,53.6665,-12.5028   ,53.3907,-12.5108  ,53.1305,-12.4938  ,52.9073,-12.4398   ,52.6472,-12.3396  ,52.3978,-12.2206  ,52.117 ,-12.074   ,51.9187,-11.9081  ,53.47  ,12.1422   ,0.367513   ,487,108388,42.1482,15.1552,108.912,0
2298,51.8304,-11.5401  ,52.1736,-11.6549   ,52.487 ,-11.8136 ,52.8302,-11.922   ,53.1575,-11.9719  ,53.5014,-12.0288  ,53.8368,-12.1267   ,54.1228,-12.2951  ,54.322 ,-12.5752  ,54.3175,-12.9239    ,54.2326,-13.2282  ,54.1014,-13.5383  ,51.8304,-11.5401  ,52.3678,-11.3817   ,52.7835,-11.5164  ,53.2048,-11.614   ,53.6107,-11.6137  ,54.0168,-11.643    ,54.3703,-11.778    ,54.6303,-12.0523  ,54.7652,-12.4729   ,54.6981,-12.8921  ,54.5362,-13.2077  ,54.1014,-13.5383  ,53.9558,-13.1624  ,53.955 ,-12.8682  ,53.8503,-12.5963   ,53.5433,-12.4813  ,53.2109,-12.4395  ,52.8878,-12.3946   ,52.6075,-12.3171  ,52.3662,-12.2107  ,52.11  ,-12.074   ,51.9026,-11.8895  ,53.4884,12.2137   ,0.458809   ,507,111349,46.6468,16.6349,116.083,0
2299,51.8336,-11.5369  ,52.1815,-11.6567   ,52.5025,-11.813  ,52.8385,-11.9185  ,53.208 ,-11.9638  ,53.544 ,-12.0275  ,53.863 ,-12.1739   ,54.1386,-12.4688  ,54.2366,-12.7695  ,54.2486,-13.1325    ,54.2024,-13.5085  ,54.1202,-13.819   ,51.8336,-11.5369  ,52.3786,-11.3825   ,52.8029,-11.5109  ,53.2096,-11.6112  ,53.6763,-11.6071  ,54.0862,-11.659    ,54.4319,-11.8646   ,54.6693,-12.2939  ,54.6973,-12.686    ,54.6195,-13.1004  ,54.4578,-13.4788  ,54.1202,-13.819   ,53.9603,-13.4479  ,53.8838,-13.0646  ,53.7563,-12.7475   ,53.5563,-12.5548  ,53.2074,-12.4287  ,52.9068,-12.3702   ,52.6438,-12.3092  ,52.3803,-12.2089  ,52.121 ,-12.0787  ,51.9058,-11.8923  ,53.5069,12.2755   ,0.548663   ,524,114191,48.4   ,16.8897,117.841,0
2300,51.8569,-11.5     ,52.2241,-11.6467   ,52.512 ,-11.7996 ,52.8815,-11.9281  ,53.2172,-11.9774  ,53.5623,-12.0623  ,53.8914,-12.2232   ,54.1519,-12.4981  ,54.2615,-12.8331  ,54.2772,-13.1916    ,54.2352,-13.5744  ,54.1302,-13.8759  ,51.8569,-11.5     ,52.4357,-11.3872   ,52.8066,-11.5005  ,53.2526,-11.6064  ,53.6563,-11.6137  ,54.0525,-11.7033   ,54.3866,-11.9217   ,54.6238,-12.2786  ,54.69  ,-12.6833   ,54.6423,-13.0981  ,54.5057,-13.5237  ,54.1302,-13.8759  ,53.9807,-13.5345  ,53.915 ,-13.1843  ,53.8156,-12.8807   ,53.6289,-12.6347  ,53.3178,-12.4732  ,52.9873,-12.3929   ,52.6911,-12.3282  ,52.4295,-12.232   ,52.1349,-12.0581  ,51.9307,-11.8624  ,53.5015,12.3048   ,0.588987   ,522,114101,48.9034,15.5629,118.912,0
2301,51.8476,-11.5126  ,52.1808,-11.648    ,52.5415,-11.8094 ,52.8917,-11.913   ,53.2596,-11.9976  ,53.5698,-12.0847  ,53.8877,-12.2557   ,54.1061,-12.5315  ,54.2074,-12.9017  ,54.231 ,-13.2433    ,54.2204,-13.6165  ,54.1633,-13.9521  ,51.8476,-11.5126  ,52.3257,-11.3778   ,52.7772,-11.4802  ,53.2039,-11.5624  ,53.6529,-11.6381  ,54.0144,-11.7401   ,54.3549,-11.9591   ,54.5528,-12.2929  ,54.6148,-12.718    ,54.5982,-13.111   ,54.521 ,-13.5354  ,54.1633,-13.9521  ,53.9257,-13.5971  ,53.8615,-13.2629  ,53.7827,-12.9725   ,53.6123,-12.6778  ,53.3391,-12.4913  ,53.0249,-12.3943   ,52.7606,-12.3331  ,52.476 ,-12.2376  ,52.2113,-12.1027  ,51.9507,-11.8759  ,53.4968,12.3545   ,0.651901   ,521,114260,48.9006,14.5487,118.669,0
2302,51.8415,-11.5155  ,52.2182,-11.6751   ,52.5554,-11.8238 ,52.9177,-11.9265  ,53.3028,-12.0105  ,53.6307,-12.1149  ,53.9678,-12.3242   ,54.1728,-12.6412  ,54.2325,-12.9925  ,54.2376,-13.3676    ,54.2182,-13.7242  ,54.1575,-14.0805  ,51.8415,-11.5155  ,52.35  ,-11.3802   ,52.7647,-11.4788  ,53.2109,-11.5622  ,53.673 ,-11.6388  ,54.0344,-11.7699   ,54.379 ,-12.0634   ,54.5744,-12.4521  ,54.6215,-12.8505   ,54.597 ,-13.2693  ,54.5215,-13.6575  ,54.1575,-14.0805  ,53.9235,-13.6781  ,53.8809,-13.3413  ,53.8338,-13.0112   ,53.7332,-12.7254  ,53.472 ,-12.513   ,53.1205,-12.4161   ,52.8213,-12.3569  ,52.5174,-12.2659  ,52.2475,-12.1317  ,51.9922,-11.9236  ,53.5038,12.3981   ,0.69264    ,529,115909,50.6476,13.7273,119.255,0
2303,51.8521,-11.4945  ,52.2141,-11.6688   ,52.5643,-11.8192 ,52.9641,-11.9261  ,53.3262,-12.013   ,53.6764,-12.1403  ,54.0124,-12.381    ,54.178 ,-12.6776  ,54.2484,-13.1112  ,54.2546,-13.4428    ,54.2267,-13.8737  ,54.148 ,-14.2014  ,51.8521,-11.4945  ,52.3549,-11.3804   ,52.7624,-11.4726  ,53.2248,-11.5524  ,53.6481,-11.638   ,54.0443,-11.8046   ,54.4061,-12.1306   ,54.5754,-12.4864  ,54.6339,-12.9885   ,54.6159,-13.3674  ,54.5169,-13.8454  ,54.148 ,-14.2014  ,53.9496,-13.7885  ,53.8947,-13.3863  ,53.8534,-13.1026   ,53.7422,-12.7586  ,53.5389,-12.5492  ,53.1964,-12.4243   ,52.8836,-12.3559  ,52.5843,-12.2725  ,52.2603,-12.1287  ,51.9806,-11.9096  ,53.5377,12.4421   ,0.733434   ,540,118671,52.0629,12.8802,122.083,0
2304,51.8302,-11.5612  ,52.242 ,-11.7108   ,52.6106,-11.8406 ,52.9697,-11.932   ,53.342 ,-12.0076  ,53.7367,-12.139   ,54.0212,-12.4133   ,54.1428,-12.7638  ,54.2004,-13.1827  ,54.2217,-13.5496    ,54.2165,-13.965   ,54.1682,-14.3     ,51.8302,-11.5612  ,52.3673,-11.3805   ,52.787 ,-11.4857  ,53.1922,-11.5593  ,53.6131,-11.6208  ,54.0372,-11.7521   ,54.3466,-12.0435   ,54.4944,-12.4265  ,54.5519,-12.9235   ,54.5503,-13.3763  ,54.4837,-13.8826  ,54.1682,-14.3     ,53.9562,-13.9179  ,53.8881,-13.5767  ,53.8351,-13.2967   ,53.7627,-12.9726  ,53.6344,-12.6852  ,53.3328,-12.4743   ,52.9488,-12.3687  ,52.6232,-12.2778  ,52.3223,-12.1609  ,52.0188,-12.0026  ,53.5139,12.4632   ,0.766332   ,543,119101,52.9408,12.3733,123.255,0
2305,51.8663,-11.5305  ,52.2128,-11.7182   ,52.5829,-11.8518 ,52.9389,-11.9318  ,53.3515,-12.0433  ,53.6806,-12.2196  ,53.9401,-12.4884   ,54.0734,-12.8154  ,54.1302,-13.1977  ,54.1794,-13.6079    ,54.2044,-13.9779  ,54.1909,-14.3278  ,51.8663,-11.5305  ,52.3619,-11.3993   ,52.7889,-11.5082  ,53.2225,-11.5681  ,53.7028,-11.6752  ,54.0472,-11.9104   ,54.3195,-12.2635   ,54.4675,-12.6395  ,54.509 ,-13.0273   ,54.5303,-13.4492  ,54.5069,-13.8747  ,54.1909,-14.3278  ,53.8973,-13.9617  ,53.8154,-13.6429  ,53.7382,-13.259    ,53.6505,-12.8798  ,53.4912,-12.6124  ,53.2099,-12.4566   ,52.8848,-12.371   ,52.5354,-12.2693  ,52.2625,-12.1654  ,51.9727,-11.9866  ,53.4965,12.5352   ,0.805192   ,543,119178,51.6336,13.1705,124.569,0
2306,51.8427,-11.5972  ,52.2122,-11.7512   ,52.6343,-11.875  ,53.0241,-11.9617  ,53.408 ,-12.0599  ,53.7499,-12.2439  ,53.9716,-12.5681   ,54.0634,-12.933   ,54.1127,-13.3489  ,54.1394,-13.7059    ,54.1614,-14.1067  ,54.1733,-14.4848  ,51.8427,-11.5972  ,52.3195,-11.4439   ,52.8216,-11.5136  ,53.2684,-11.5843  ,53.6747,-11.6823  ,54.0278,-11.8726   ,54.292 ,-12.1927   ,54.4148,-12.5709  ,54.469 ,-13.0387   ,54.4796,-13.4657  ,54.4527,-13.9626  ,54.1733,-14.4848  ,53.864 ,-14.1254  ,53.7899,-13.8047  ,53.7434,-13.5162   ,53.6892,-13.1648  ,53.6055,-12.8358  ,53.3851,-12.5452   ,53.0345,-12.4034  ,52.668 ,-12.3148  ,52.3375,-12.2095  ,52.0068,-12.0217  ,53.4978,12.5892   ,0.853295   ,547,120189,53.441 ,11.826 ,125.255,0
2307,51.8243,-11.5942  ,52.254 ,-11.7551   ,52.6094,-11.8633 ,53.0443,-11.968   ,53.392 ,-12.0675  ,53.7512,-12.2727  ,53.9897,-12.6433   ,54.0848,-13.0339  ,54.1359,-13.426   ,54.1783,-13.8649    ,54.2016,-14.2466  ,54.1684,-14.6246  ,51.8243,-11.5942  ,52.4002,-11.4572   ,52.8476,-11.5258  ,53.3795,-11.6128  ,53.7579,-11.7198  ,54.1025,-11.9704   ,54.3489,-12.4013   ,54.4605,-12.8392  ,54.5116,-13.2619   ,54.524 ,-13.706   ,54.4974,-14.1376  ,54.1684,-14.6246  ,53.9023,-14.232   ,53.8197,-13.8953  ,53.7473,-13.464    ,53.6855,-13.0951  ,53.583 ,-12.7633  ,53.3073,-12.4965   ,52.9142,-12.3775  ,52.5876,-12.2931  ,52.2482,-12.1681  ,51.9981,-12.0118  ,53.5365,12.6585   ,0.892132   ,561,122293,55.2598,13.1205,128.912,0
2308,51.8983,-11.6282  ,52.303 ,-11.7836   ,52.7193,-11.8956 ,53.0871,-11.9787  ,53.4793,-12.1006  ,53.8006,-12.3332  ,54.0042,-12.6954   ,54.1068,-13.1344  ,54.158 ,-13.4819  ,54.2111,-13.9151    ,54.2492,-14.3362  ,54.2499,-14.7038  ,51.8983,-11.6282  ,52.4213,-11.4515   ,52.9129,-11.5335  ,53.3361,-11.6103  ,53.7482,-11.7306  ,54.07  ,-11.9429   ,54.3118,-12.2898   ,54.4475,-12.7247  ,54.5002,-13.1044   ,54.528 ,-13.6277  ,54.5031,-14.1751  ,54.2499,-14.7038  ,53.9859,-14.3627  ,53.878 ,-14.0575  ,53.7965,-13.7177   ,53.743 ,-13.4106  ,53.6542,-12.9873  ,53.4523,-12.6374   ,53.1045,-12.4279  ,52.7181,-12.3186  ,52.4027,-12.2292  ,52.074 ,-12.0785  ,53.5658,12.7063   ,0.911862   ,570,123772,55.2141,12.06  ,128.669,0
2309,51.9307,-11.6059  ,52.315 ,-11.7865   ,52.7095,-11.9045 ,53.1088,-12.0093  ,53.5178,-12.1897  ,53.8078,-12.4795  ,53.9908,-12.8377   ,54.1053,-13.2395  ,54.1805,-13.6313  ,54.2413,-14.055     ,54.2821,-14.4772  ,54.2828,-14.8571  ,51.9307,-11.6059  ,52.4342,-11.4547   ,52.8762,-11.541   ,53.3091,-11.6365  ,53.741 ,-11.8091  ,54.0697,-12.104    ,54.3059,-12.4632   ,54.4388,-12.8597  ,54.5029,-13.2904   ,54.5284,-13.8093  ,54.5059,-14.3526  ,54.2828,-14.8571  ,54.0481,-14.4662  ,53.9367,-14.1568  ,53.8347,-13.8365   ,53.7439,-13.4964  ,53.634 ,-13.1061  ,53.4761,-12.7597   ,53.1994,-12.509   ,52.7976,-12.3505  ,52.427 ,-12.2378  ,52.0912,-12.0781  ,53.5686,12.768    ,0.930481   ,561,122464,55.9789,11.5595,129.74 ,0
2310,51.9162,-11.6424  ,52.314 ,-11.7956   ,52.6977,-11.9199 ,53.0704,-12.0531  ,53.4282,-12.2564  ,53.6991,-12.5246  ,53.9134,-12.8729   ,54.0509,-13.2404  ,54.1643,-13.6556  ,54.2384,-14.0606    ,54.2728,-14.4129  ,54.2662,-14.8101  ,51.9162,-11.6424  ,52.4043,-11.4558   ,52.8246,-11.5553  ,53.2381,-11.6761  ,53.6318,-11.8674  ,53.9429,-12.1367   ,54.2142,-12.5016   ,54.3716,-12.8742  ,54.4805,-13.3193   ,54.522 ,-13.8118  ,54.5051,-14.2629  ,54.2662,-14.8101  ,54.0309,-14.4244  ,53.9349,-14.1689  ,53.8188,-13.8652   ,53.6948,-13.4975  ,53.5638,-13.1435  ,53.3753,-12.8156   ,53.1248,-12.5716  ,52.7989,-12.388   ,52.46  ,-12.2499  ,52.1203,-12.0979  ,53.5375,12.8028   ,0.921985   ,543,118271,54.1783,11.284 ,126.811,0
2311,51.9007,-11.7735  ,52.3362,-11.852    ,52.7037,-11.9412 ,53.0808,-12.0851  ,53.3744,-12.2819  ,53.6722,-12.6075  ,53.8501,-12.9026   ,54.0153,-13.3116  ,54.1226,-13.6474  ,54.2316,-14.0772    ,54.2767,-14.4113  ,54.277 ,-14.8027  ,51.9007,-11.7735  ,52.3928,-11.5244   ,52.8321,-11.5715  ,53.252 ,-11.7097  ,53.5514,-11.8766  ,53.9013,-12.1887   ,54.1351,-12.5036   ,54.326 ,-12.9272  ,54.4315,-13.2905   ,54.5106,-13.8097  ,54.5064,-14.2415  ,54.277 ,-14.8027  ,54.0344,-14.4475  ,53.9269,-14.2147  ,53.7781,-13.8895   ,53.6678,-13.5886  ,53.5143,-13.2038  ,53.3702,-12.9276   ,53.1014,-12.6086  ,52.8087,-12.4111  ,52.4565,-12.2786  ,52.1566,-12.1519  ,53.5146,12.8373   ,0.922762   ,537,116470,53.162 ,11.4767,124.225,0
2312,51.9076,-11.7995  ,52.3464,-11.8657   ,52.7147,-11.9609 ,53.0768,-12.1134  ,53.3647,-12.3098  ,53.6172,-12.6072  ,53.8151,-12.985    ,53.9592,-13.3486  ,54.099 ,-13.7254  ,54.2156,-14.0716    ,54.3063,-14.4439  ,54.3614,-14.8108  ,51.9076,-11.7995  ,52.3785,-11.5329   ,52.8135,-11.5869  ,53.2226,-11.7332  ,53.531 ,-11.9222  ,53.8566,-12.2345   ,54.1354,-12.6428   ,54.2946,-13.0152  ,54.4203,-13.4294   ,54.5208,-13.8334  ,54.5805,-14.2931  ,54.3614,-14.8108  ,54.0058,-14.4725  ,53.8744,-14.1887  ,53.737 ,-13.912    ,53.5846,-13.5762  ,53.4484,-13.2225  ,53.3036,-12.8728   ,53.1038,-12.6159  ,52.8342,-12.4448  ,52.4989,-12.2987  ,52.1908,-12.1712  ,53.5162,12.8953   ,0.938024   ,533,116192,52.7384,11.098 ,123.64 ,0
2313,51.9606,-11.8202  ,52.3998,-11.9113   ,52.7571,-12.0159 ,53.1112,-12.1785  ,53.4019,-12.3869  ,53.6699,-12.7156  ,53.8293,-13.0725   ,53.9657,-13.4452  ,54.0853,-13.7684  ,54.2165,-14.1747    ,54.3172,-14.5352  ,54.3425,-14.8895  ,51.9606,-11.8202  ,52.4653,-11.5983   ,52.9021,-11.6589  ,53.3031,-11.8209  ,53.6213,-12.0174  ,53.9604,-12.3452   ,54.1608,-12.7156   ,54.3037,-13.1182  ,54.4208,-13.4813   ,54.5436,-13.9471  ,54.6069,-14.3761  ,54.3425,-14.8895  ,54.0002,-14.5757  ,53.8524,-14.2826  ,53.7105,-13.9459   ,53.5887,-13.6649  ,53.4572,-13.3259  ,53.3197,-12.9865   ,53.0883,-12.675   ,52.8219,-12.4824  ,52.5001,-12.3344  ,52.2101,-12.1935  ,53.5502,12.9791   ,0.960317   ,539,116170,52.5945,11.4222,123.397,0
2314,52.0837,-11.9504  ,52.4944,-11.9836   ,52.8632,-12.0647 ,53.23  ,-12.2582  ,53.5138,-12.5369  ,53.7163,-12.8488  ,53.8654,-13.2084   ,53.9957,-13.5889  ,54.1072,-13.9236  ,54.2348,-14.3277    ,54.3162,-14.6923  ,54.3269,-15.0497  ,52.0837,-11.9504  ,52.5253,-11.6853   ,52.9861,-11.704   ,53.4084,-11.8799  ,53.7399,-12.1722  ,54.0141,-12.5095   ,54.2016,-12.8715   ,54.3326,-13.276   ,54.4357,-13.6498   ,54.5573,-14.1069  ,54.6086,-14.549   ,54.3269,-15.0497  ,54.0034,-14.714   ,53.8783,-14.4295  ,53.7405,-14.086    ,53.6225,-13.7903  ,53.4903,-13.4413  ,53.3647,-13.0847   ,53.2011,-12.7996  ,52.9512,-12.5627  ,52.6249,-12.3904  ,52.3354,-12.2642  ,53.6036,13.0962   ,1.00733    ,535,116766,52.5   ,11.1764,124.225,0
2315,52.2109,-11.8668  ,52.6473,-11.9937   ,52.9994,-12.1238 ,53.3186,-12.3337  ,53.5922,-12.6399  ,53.7669,-12.9633  ,53.9041,-13.3472   ,54.0189,-13.6843  ,54.1569,-14.0805  ,54.2788,-14.4461    ,54.4213,-14.8143  ,54.5848,-15.1399  ,52.2109,-11.8668  ,52.7339,-11.6731   ,53.1465,-11.7532  ,53.4992,-11.9513  ,53.8344,-12.2733  ,54.0758,-12.6111   ,54.235 ,-12.9922   ,54.3467,-13.3479  ,54.4787,-13.7759   ,54.5816,-14.1766  ,54.6744,-14.6058  ,54.5848,-15.1399  ,54.1172,-14.9061  ,53.933 ,-14.5903  ,53.7949,-14.2704   ,53.6523,-13.9082  ,53.5359,-13.5903  ,53.4118,-13.2081   ,53.2715,-12.8989  ,53.0348,-12.6291  ,52.7402,-12.4451  ,52.4397,-12.2756  ,53.6766,13.1945   ,1.04435    ,538,117348,53.0104,11.2844,125.054,0
2316,52.4209,-11.7852  ,52.7812,-11.9928   ,53.1351,-12.2382 ,53.4337,-12.5016  ,53.6759,-12.8011  ,53.8386,-13.1449  ,53.9623,-13.4932   ,54.1042,-13.9031  ,54.2322,-14.2577  ,54.3647,-14.6368    ,54.504 ,-14.9774  ,54.6625,-15.3316  ,52.4209,-11.7852  ,52.944 ,-11.7153   ,53.3207,-11.8652  ,53.6231,-12.0754  ,53.9123,-12.3716  ,54.1331,-12.7217   ,54.2771,-13.0797   ,54.4152,-13.5336  ,54.5359,-13.9364   ,54.6426,-14.3813  ,54.7258,-14.787   ,54.6625,-15.3316  ,54.2332,-15.0556  ,54.046 ,-14.7798  ,53.8925,-14.4759   ,53.7568,-14.1713  ,53.6128,-13.8044  ,53.5066,-13.4711   ,53.3734,-13.13    ,53.148 ,-12.8323  ,52.8486,-12.5344  ,52.5181,-12.2084  ,53.7518,13.2975   ,1.07796    ,538,117249,53.3655,12.0568,123.882,0
2317,52.6406,-11.7201  ,52.913 ,-12.0046   ,53.1848,-12.2681 ,53.4643,-12.5439  ,53.6897,-12.8239  ,53.863 ,-13.1566  ,54.0043,-13.5346   ,54.1284,-13.8767  ,54.26  ,-14.2322  ,54.3914,-14.602     ,54.5228,-14.9938  ,54.6217,-15.3029  ,52.6406,-11.7201  ,53.1255,-11.7711   ,53.4228,-11.9536  ,53.709 ,-12.1735  ,53.956 ,-12.4236  ,54.1807,-12.7556   ,54.3494,-13.1477   ,54.4649,-13.5233  ,54.5733,-13.9209   ,54.6812,-14.345   ,54.7526,-14.8187  ,54.6217,-15.3029  ,54.2549,-15.059   ,54.0647,-14.7495  ,53.9078,-14.4415   ,53.7566,-14.1293  ,53.6241,-13.8269  ,53.5054,-13.4631   ,53.3587,-13.1294  ,53.131 ,-12.8221  ,52.8521,-12.4918  ,52.6191,-12.1564  ,53.8185,13.3626   ,1.09044    ,533,115423,51.2454,12.1865,121.882,0
2318,52.853 ,-11.7072  ,53.0453,-12.0494   ,53.288 ,-12.3632 ,53.5277,-12.6315  ,53.7824,-12.9436  ,53.9504,-13.2462  ,54.0761,-13.6032   ,54.1999,-13.96    ,54.3388,-14.3208  ,54.4482,-14.6412    ,54.5727,-15.0279  ,54.6852,-15.3514  ,52.853 ,-11.7072  ,53.3001,-11.8181   ,53.5656,-12.0752  ,53.8115,-12.3267  ,54.0904,-12.6421  ,54.2947,-12.9429   ,54.4475,-13.296    ,54.5566,-13.6655  ,54.6631,-14.0517   ,54.7468,-14.4144  ,54.8155,-14.8647  ,54.6852,-15.3514  ,54.294 ,-15.083   ,54.1143,-14.7589  ,53.9755,-14.4861   ,53.8057,-14.1518  ,53.6714,-13.8087  ,53.5615,-13.4478   ,53.4003,-13.1436  ,53.1482,-12.8293  ,52.9188,-12.5447  ,52.7274,-12.1806  ,53.875 ,13.3903   ,1.09516    ,520,113231,50.6482,11.4084,119.054,0
2319,52.8564,-11.7011  ,53.0727,-12.0677   ,53.295 ,-12.3752 ,53.5084,-12.638   ,53.7558,-12.9524  ,53.949 ,-13.2564  ,54.0921,-13.5967   ,54.2287,-13.9682  ,54.3463,-14.308   ,54.461 ,-14.6685    ,54.5806,-15.035   ,54.7137,-15.3541  ,52.8564,-11.7011  ,53.3485,-11.8214   ,53.6012,-12.1004  ,53.8273,-12.3702  ,54.0922,-12.7009  ,54.3099,-13.0134   ,54.4712,-13.3539   ,54.5929,-13.7291  ,54.6947,-14.0794   ,54.781 ,-14.4818  ,54.8413,-14.9018  ,54.7137,-15.3541  ,54.2838,-15.0679  ,54.1087,-14.7494  ,53.9645,-14.4372   ,53.8302,-14.1136  ,53.6784,-13.7447  ,53.534 ,-13.3994   ,53.3424,-13.1003  ,53.1031,-12.8003  ,52.9077,-12.5459  ,52.7335,-12.2155  ,53.8808,13.4005   ,1.08833    ,519,113417,50.7694,10.84  ,119.882,0
2320,52.8537,-11.7026  ,53.0904,-12.0526   ,53.3219,-12.3751 ,53.5161,-12.6381  ,53.7363,-12.9387  ,53.9477,-13.2714  ,54.1017,-13.6092   ,54.225 ,-13.957   ,54.3481,-14.3332  ,54.4519,-14.6805    ,54.5602,-15.0831  ,54.6205,-15.4101  ,52.8537,-11.7026  ,53.3499,-11.8248   ,53.64  ,-12.1184  ,53.8609,-12.3931  ,54.1   ,-12.7149  ,54.3154,-13.0532   ,54.4727,-13.3823   ,54.5936,-13.7281  ,54.7061,-14.107    ,54.7854,-14.4851  ,54.8314,-14.9574  ,54.6205,-15.4101  ,54.2614,-15.0988  ,54.0849,-14.7583  ,53.9545,-14.4474   ,53.8215,-14.0846  ,53.6932,-13.7382  ,53.5258,-13.395    ,53.3038,-13.0649  ,53.0941,-12.7795  ,52.9253,-12.524   ,52.7593,-12.1773  ,53.8874,13.4231   ,1.10027    ,526,114414,51.0451,10.6662,120.468,0
2321,52.8021,-11.7447  ,53.0391,-12.0602   ,53.2723,-12.3534 ,53.4934,-12.6492  ,53.7247,-12.9848  ,53.921 ,-13.3031  ,54.0718,-13.6119   ,54.2247,-13.978   ,54.3476,-14.3213  ,54.4616,-14.6841    ,54.5555,-15.0712  ,54.6293,-15.4098  ,52.8021,-11.7447  ,53.2694,-11.8276   ,53.556 ,-12.0981  ,53.8158,-12.4113  ,54.0884,-12.7692  ,54.3045,-13.093    ,54.4521,-13.4005   ,54.5898,-13.7711  ,54.7025,-14.1207   ,54.8072,-14.5016  ,54.8529,-14.9415  ,54.6293,-15.4098  ,54.2335,-15.0899  ,54.0858,-14.7592  ,53.9577,-14.4225   ,53.823 ,-14.0901  ,53.6518,-13.7343  ,53.4876,-13.4243   ,53.2988,-13.1065  ,53.1003,-12.7892  ,52.9106,-12.5096  ,52.7359,-12.1992  ,53.8964,13.4743   ,1.09382    ,525,115242,50.9136,10.8116,120.468,0
2322,52.8874,-11.7055  ,53.0655,-12.0657   ,53.292 ,-12.3791 ,53.5198,-12.6881  ,53.7585,-13.0358  ,53.9557,-13.3652  ,54.0999,-13.7024   ,54.2437,-14.1136  ,54.3818,-14.4608  ,54.5164,-14.8249    ,54.6368,-15.2176  ,54.7376,-15.5455  ,52.8874,-11.7055  ,53.335 ,-11.8623   ,53.6019,-12.1536  ,53.8615,-12.4781  ,54.1385,-12.8418  ,54.3471,-13.1694   ,54.4874,-13.4923   ,54.6253,-13.8874  ,54.7393,-14.2515   ,54.8517,-14.6439  ,54.9228,-15.0849  ,54.7376,-15.5455  ,54.3168,-15.2392  ,54.1448,-14.8969  ,53.984 ,-14.5712   ,53.825 ,-14.238   ,53.6754,-13.8121  ,53.5153,-13.4683   ,53.315 ,-13.1327  ,53.1047,-12.7963  ,52.9028,-12.4999  ,52.732 ,-12.167   ,53.9247,13.5463   ,1.10094    ,543,118064,52.7185,10.8406,124.125,0
2323,52.9346,-11.7132  ,53.0881,-12.0963   ,53.3206,-12.4247 ,53.5974,-12.7984  ,53.7949,-13.0997  ,53.9873,-13.441   ,54.1479,-13.8537   ,54.276 ,-14.2275  ,54.4121,-14.5905  ,54.5667,-14.9626    ,54.7317,-15.3768  ,54.8639,-15.7165  ,52.9346,-11.7132  ,53.3815,-11.9072   ,53.6656,-12.2325  ,53.9767,-12.6296  ,54.1947,-12.9391  ,54.3901,-13.2722   ,54.5526,-13.6673   ,54.6696,-14.0394  ,54.7896,-14.4092   ,54.9139,-14.7949  ,54.9992,-15.2416  ,54.8639,-15.7165  ,54.4171,-15.3931  ,54.1729,-15.0181  ,53.9935,-14.6699   ,53.8455,-14.3094  ,53.7061,-13.9343  ,53.5364,-13.5113   ,53.334 ,-13.1622  ,53.1435,-12.8629  ,52.8934,-12.5076  ,52.7324,-12.1772  ,53.9695,13.6466   ,1.10513    ,567,122319,54.8731,10.9047,128.368,0
2324,52.7906,-11.8952  ,53.1038,-12.2129   ,53.3988,-12.5442 ,53.6468,-12.8792  ,53.8544,-13.2104  ,54.0324,-13.5821  ,54.1803,-13.9557   ,54.3187,-14.3582  ,54.4792,-14.7528  ,54.6561,-15.1416    ,54.8288,-15.5632  ,54.9536,-15.8944  ,52.7906,-11.8952  ,53.316 ,-11.9804   ,53.7066,-12.3133  ,54.016 ,-12.6785  ,54.2467,-13.0318  ,54.432 ,-13.4077   ,54.5862,-13.7718   ,54.7126,-14.1805  ,54.8461,-14.5795   ,54.9893,-14.9835  ,55.0885,-15.4429  ,54.9536,-15.8944  ,54.5202,-15.5648  ,54.2728,-15.184   ,54.0635,-14.8168   ,53.8838,-14.4196  ,53.7348,-14.0283  ,53.5875,-13.6526   ,53.3996,-13.2795  ,53.2008,-12.9686  ,52.998 ,-12.663   ,52.7911,-12.341   ,54.0052,13.7305   ,1.1055     ,584,125952,56.4247,10.905 ,132.61 ,0
2325,52.8467,-11.8364  ,53.1024,-12.1794   ,53.387 ,-12.5361 ,53.6352,-12.8803  ,53.8485,-13.2087  ,54.0599,-13.6319  ,54.1857,-13.976    ,54.3277,-14.3997  ,54.4973,-14.8093  ,54.6467,-15.1634    ,54.7941,-15.6059  ,54.8483,-15.9724  ,52.8467,-11.8364  ,53.3387,-11.96     ,53.7085,-12.3147  ,53.9997,-12.6848  ,54.2282,-13.0281  ,54.4467,-13.4439   ,54.5876,-13.7733   ,54.7204,-14.2059  ,54.8608,-14.6266   ,54.9878,-14.9911  ,55.0814,-15.4763  ,54.8483,-15.9724  ,54.4723,-15.606   ,54.2563,-15.2154  ,54.0846,-14.876    ,53.8908,-14.4737  ,53.7446,-14.0593  ,53.627 ,-13.7115   ,53.404 ,-13.2824  ,53.1936,-12.9634  ,52.9727,-12.6388  ,52.7772,-12.2842  ,54.0317,13.8009   ,1.11714    ,588,127879,57.0639,10.9177,133.782,0
2326,52.8674,-11.8358  ,53.1101,-12.1946   ,53.3895,-12.5542 ,53.6479,-12.9061  ,53.8695,-13.2424  ,54.0735,-13.6789  ,54.1988,-14.032    ,54.3518,-14.4383  ,54.5072,-14.8392  ,54.6659,-15.2513    ,54.8551,-15.6838  ,55.0298,-16.0076  ,52.8674,-11.8358  ,53.3276,-11.9455   ,53.6757,-12.2927  ,53.9781,-12.6685  ,54.2232,-13.0193  ,54.4415,-13.4385   ,54.5748,-13.7753   ,54.7147,-14.1951  ,54.8545,-14.6138   ,54.995 ,-15.0407  ,55.1254,-15.5107  ,55.0298,-16.0076  ,54.5264,-15.734   ,54.2882,-15.3417  ,54.1173,-14.9481   ,53.9435,-14.568   ,53.7815,-14.1694  ,53.6615,-13.8062   ,53.4506,-13.3567  ,53.2356,-13.0278  ,53.0106,-12.6964  ,52.8073,-12.3265  ,54.053 ,13.8553   ,1.12279    ,595,129374,58.0248,10.8635,135.196,0
2327,52.9111,-11.9514  ,53.2057,-12.3235   ,53.499 ,-12.6871 ,53.7402,-13.0372  ,53.9272,-13.3713  ,54.1249,-13.8225  ,54.2506,-14.1852   ,54.4097,-14.6155  ,54.5745,-15.0267  ,54.7509,-15.4418    ,54.8949,-15.837   ,54.9985,-16.2279  ,52.9111,-11.9514  ,53.4593,-12.0861   ,53.8171,-12.4498  ,54.103 ,-12.8316  ,54.3127,-13.1751  ,54.5138,-13.6092   ,54.6406,-13.9704   ,54.783 ,-14.4018  ,54.9283,-14.8287   ,55.0752,-15.2731  ,55.1634,-15.7106  ,54.9985,-16.2279  ,54.5808,-15.829   ,54.3751,-15.4858  ,54.1728,-15.1102   ,53.9891,-14.7072  ,53.8183,-14.2774  ,53.6918,-13.9191   ,53.4847,-13.4569  ,53.3059,-13.1291  ,53.0878,-12.8038  ,52.8539,-12.442   ,54.0823,13.9234   ,1.12649    ,612,131736,58.9388,10.7737,137.782,0
2328,52.9167,-11.9508  ,53.1934,-12.2979   ,53.4572,-12.6506 ,53.7039,-13.0192  ,53.9227,-13.3951  ,54.0974,-13.7812  ,54.2458,-14.1723   ,54.4183,-14.6426  ,54.5788,-15.031   ,54.7426,-15.4182    ,54.9029,-15.8042  ,55.0594,-16.181   ,52.9167,-11.9508  ,53.4079,-12.0583   ,53.7348,-12.3789  ,54.0171,-12.7483  ,54.2663,-13.1268  ,54.4633,-13.5181   ,54.6218,-13.9174   ,54.7828,-14.4016  ,54.9173,-14.8051   ,55.039 ,-15.2104  ,55.1404,-15.6183  ,55.0594,-16.181   ,54.6005,-15.8363  ,54.3767,-15.4718  ,54.1747,-15.1018   ,53.9949,-14.727   ,53.8148,-14.27    ,53.6666,-13.8888   ,53.4975,-13.5117  ,53.2967,-13.1415  ,53.0713,-12.7773  ,52.8787,-12.4065  ,54.0921,13.9526   ,1.12784    ,621,133165,58.5491,10.8007,139.782,0
2329,53.0267,-11.9513  ,53.2537,-12.3722   ,53.4981,-12.718  ,53.7307,-13.0597  ,53.9532,-13.4424  ,54.1201,-13.8394  ,54.2656,-14.2674   ,54.4282,-14.6701  ,54.5934,-15.0659  ,54.7569,-15.4778    ,54.9118,-15.8796  ,55.0491,-16.2313  ,53.0267,-11.9513  ,53.5162,-12.1312   ,53.8   ,-12.4439  ,54.0632,-12.8014  ,54.3149,-13.1924  ,54.4958,-13.5752   ,54.6396,-13.9994   ,54.7878,-14.4166  ,54.9309,-14.8383   ,55.0769,-15.2755  ,55.17  ,-15.7169  ,55.0491,-16.2313  ,54.599 ,-15.9051  ,54.3896,-15.5555  ,54.2089,-15.1804   ,54.0213,-14.8101  ,53.8479,-14.4157  ,53.7011,-13.9844   ,53.5358,-13.5843  ,53.3245,-13.2056  ,53.1132,-12.8766  ,52.9158,-12.4998  ,54.1142,14.0042   ,1.13336    ,606,132287,58.3417,10.9699,135.539,0
2330,53.0628,-12.0602  ,53.2871,-12.4272   ,53.5303,-12.7686 ,53.7518,-13.0899  ,53.9559,-13.4468  ,54.1247,-13.8731  ,54.266 ,-14.2573   ,54.4149,-14.6345  ,54.5661,-15.0069  ,54.7195,-15.3814    ,54.8692,-15.7959  ,54.9765,-16.1445  ,53.0628,-12.0602  ,53.517 ,-12.2112   ,53.8511,-12.5411  ,54.1204,-12.8831  ,54.3456,-13.2478  ,54.5188,-13.6589   ,54.6642,-14.0268   ,54.7982,-14.4159  ,54.9233,-14.8162   ,55.061 ,-15.2109  ,55.1643,-15.6561  ,54.9765,-16.1445  ,54.5322,-15.8134  ,54.3345,-15.4416  ,54.165 ,-15.0923   ,53.9892,-14.7452  ,53.8264,-14.379   ,53.6908,-13.9777   ,53.5166,-13.5447  ,53.3135,-13.1915  ,53.1305,-12.8856  ,52.9791,-12.5279  ,54.1375,14.0414   ,1.13802    ,585,127615,55.6441,11.1458,130.125,0
2331,53.2196,-12.1122  ,53.3992,-12.5349   ,53.6054,-12.8659 ,53.7941,-13.1703  ,53.9861,-13.5234  ,54.1307,-13.9043  ,54.2724,-14.2818   ,54.4227,-14.6512  ,54.5724,-15.0199  ,54.7233,-15.3937    ,54.8757,-15.8075  ,54.9963,-16.1466  ,53.2196,-12.1122  ,53.6874,-12.3245   ,53.9375,-12.6471  ,54.1485,-12.9639  ,54.3691,-13.3198  ,54.5229,-13.6899   ,54.6652,-14.0516   ,54.8021,-14.4272  ,54.9254,-14.8208   ,55.0591,-15.2137  ,55.1606,-15.6605  ,54.9963,-16.1466  ,54.5464,-15.8339  ,54.3447,-15.4628  ,54.1762,-15.1144   ,54.0011,-14.7687  ,53.8366,-14.4069  ,53.7005,-14.0077   ,53.5536,-13.6236  ,53.3802,-13.277   ,53.2045,-12.9793  ,53.0495,-12.6302  ,54.1584,14.0778   ,1.14709    ,569,124069,54.2357,11.0567,127.882,0
2332,53.3518,-12.1088  ,53.4238,-12.5391   ,53.6042,-12.8837 ,53.8277,-13.2514  ,54.0163,-13.6065  ,54.1779,-13.978   ,54.3263,-14.3817   ,54.4637,-14.7337  ,54.6225,-15.1222  ,54.7551,-15.478     ,54.893 ,-15.8662  ,54.983 ,-16.2355  ,53.3518,-12.1088  ,53.7589,-12.4069   ,53.9648,-12.7335  ,54.2087,-13.1081  ,54.4143,-13.4642  ,54.582 ,-13.8182   ,54.7302,-14.2021   ,54.8471,-14.5478  ,54.9902,-14.9441   ,55.0942,-15.3323  ,55.162 ,-15.7642  ,54.983 ,-16.2355  ,54.5802,-15.8384  ,54.3701,-15.4993  ,54.2108,-15.1885   ,54.0336,-14.8051  ,53.8785,-14.4437  ,53.7314,-14.0264   ,53.5677,-13.6475  ,53.3868,-13.2917  ,53.1765,-12.9238  ,53.0462,-12.5519  ,54.171 ,14.0925   ,1.14507    ,560,121805,54.7839,10.8578,128.711,0
2333,53.3539,-12.107   ,53.4098,-12.4972   ,53.591 ,-12.8703 ,53.8039,-13.212   ,54.0003,-13.5513  ,54.1647,-13.8978  ,54.3036,-14.2707   ,54.4285,-14.6023  ,54.5745,-14.9737  ,54.7132,-15.3642    ,54.8304,-15.7472  ,54.9193,-16.0572  ,53.3539,-12.107   ,53.7513,-12.3519   ,53.9407,-12.6971  ,54.1671,-13.0436  ,54.3945,-13.3873  ,54.5682,-13.7364   ,54.7043,-14.0906   ,54.8126,-14.4047  ,54.9438,-14.7713   ,55.0656,-15.1844  ,55.107 ,-15.6214  ,54.9193,-16.0572  ,54.5153,-15.7443  ,54.3219,-15.4241  ,54.1649,-15.0706   ,54.0007,-14.6913  ,53.8641,-14.3402  ,53.7187,-13.9578   ,53.5525,-13.6182  ,53.3821,-13.2836  ,53.1797,-12.9425  ,53.0378,-12.5297  ,54.1462,14.0207   ,1.14339    ,558,120582,52.4806,10.7657,125.64 ,0
2334,53.2759,-12.0223  ,53.3773,-12.442    ,53.5396,-12.7758 ,53.7648,-13.1281  ,53.9638,-13.4695  ,54.1384,-13.8255  ,54.2677,-14.151    ,54.4075,-14.5244  ,54.5437,-14.9021  ,54.6739,-15.3044    ,54.795 ,-15.67    ,54.9325,-15.9965  ,53.2759,-12.0223  ,53.6816,-12.2663   ,53.8704,-12.5685  ,54.1168,-12.9299  ,54.348 ,-13.2773  ,54.5211,-13.6188   ,54.6406,-13.9224   ,54.7741,-14.2864  ,54.9008,-14.6667   ,55.0101,-15.1041  ,55.0695,-15.5255  ,54.9325,-15.9965  ,54.4759,-15.6945  ,54.3008,-15.3853  ,54.1486,-15.0271   ,54.0015,-14.656   ,53.8533,-14.2719  ,53.7087,-13.9256   ,53.5256,-13.5642  ,53.3518,-13.2279  ,53.1446,-12.8771  ,53.0344,-12.5008  ,54.1154,13.9551   ,1.14806    ,548,119360,53.0738,10.6826,125.054,0
2335,53.1501,-12.0466  ,53.334 ,-12.4396   ,53.537 ,-12.7694 ,53.7385,-13.0834  ,53.9342,-13.4311  ,54.1149,-13.7835  ,54.2666,-14.1506   ,54.4139,-14.5246  ,54.5293,-14.8696  ,54.6228,-15.2355    ,54.6773,-15.6563  ,54.6582,-16.0028  ,53.1501,-12.0466  ,53.6436,-12.248    ,53.8655,-12.5611  ,54.0852,-12.8841  ,54.3112,-13.2426  ,54.5102,-13.6032   ,54.6617,-13.9735   ,54.8087,-14.346   ,54.9177,-14.7062   ,54.9953,-15.1059  ,54.9756,-15.5806  ,54.6582,-16.0028  ,54.3728,-15.611   ,54.2228,-15.2438  ,54.1047,-14.9137   ,53.9778,-14.5939  ,53.8294,-14.2219  ,53.6726,-13.8611   ,53.5031,-13.5206  ,53.3301,-13.1811  ,53.1368,-12.8688  ,52.9642,-12.5224  ,54.0939,13.9436   ,1.15624    ,547,118211,52.7806,10.7487,125.296,0
2336,53.1559,-12.0653  ,53.3127,-12.4251   ,53.5189,-12.7717 ,53.7115,-13.0605  ,53.9223,-13.3892  ,54.1184,-13.7561  ,54.2699,-14.0724   ,54.3931,-14.4375  ,54.4647,-14.8108  ,54.4939,-15.2174    ,54.47  ,-15.6064  ,54.4009,-15.9251  ,53.1559,-12.0653  ,53.6058,-12.2261   ,53.8511,-12.5569  ,54.0779,-12.864   ,54.3188,-13.2084  ,54.5312,-13.5881   ,54.6863,-13.9085   ,54.8115,-14.2792  ,54.8663,-14.6993   ,54.8599,-15.1663  ,54.7639,-15.5912  ,54.4009,-15.9251  ,54.192 ,-15.4995  ,54.1253,-15.132   ,54.0444,-14.7913   ,53.9445,-14.4817  ,53.8119,-14.1439  ,53.6605,-13.8329   ,53.4705,-13.4774  ,53.2818,-13.1617  ,53.1223,-12.8885  ,52.9704,-12.5262  ,54.0495,13.8847   ,1.17582    ,536,115976,51.4044,11.1054,120.225,0
2337,53.1163,-12.0621  ,53.2875,-12.3881   ,53.4925,-12.7321 ,53.689 ,-13.0183  ,53.9052,-13.3421  ,54.0688,-13.6161  ,54.2215,-13.94     ,54.3388,-14.2907  ,54.3746,-14.6759  ,54.3137,-15.0393    ,54.1852,-15.3923  ,54.0441,-15.6692  ,53.1163,-12.0621  ,53.5803,-12.2056   ,53.8466,-12.5572  ,54.0914,-12.8831  ,54.3589,-13.2471  ,54.5523,-13.548    ,54.7203,-13.9133   ,54.8251,-14.3257  ,54.8335,-14.7447   ,54.7238,-15.1105  ,54.4942,-15.4538  ,54.0441,-15.6692  ,53.9236,-15.2192  ,53.9351,-14.8458  ,53.9198,-14.4904   ,53.8252,-14.152   ,53.6829,-13.8723  ,53.5352,-13.5927   ,53.3918,-13.3453  ,53.2224,-13.0597  ,53.0728,-12.8094  ,52.9478,-12.4745  ,53.9907,13.8106   ,1.20426    ,523,113386,49.0586,12.7329,116.225,0
2338,53.1471,-12.0505  ,53.3216,-12.3843   ,53.4691,-12.682  ,53.6487,-12.9591  ,53.8513,-13.2443  ,54.0277,-13.5246  ,54.1552,-13.8125   ,54.2455,-14.1707  ,54.2514,-14.482   ,54.1367,-14.8033    ,53.8679,-15.0566  ,53.6046,-15.183   ,53.1471,-12.0505  ,53.6489,-12.2709   ,53.8716,-12.568   ,54.0854,-12.8553  ,54.3407,-13.1919  ,54.5626,-13.5284   ,54.7024,-13.8768   ,54.7652,-14.3358  ,54.7024,-14.7327   ,54.523 ,-15.0889  ,54.1583,-15.2894  ,53.6046,-15.183   ,53.6551,-14.7694  ,53.7974,-14.4433  ,53.8088,-14.1452   ,53.7118,-13.9139  ,53.5764,-13.6635  ,53.4485,-13.4409   ,53.3056,-13.2155  ,53.1562,-12.9823  ,53.0205,-12.7159  ,52.9564,-12.4104  ,53.913 ,13.735    ,1.24663    ,521,111764,45.8311,14.0553,113.397,0
2339,53.1035,-12.1475  ,53.3305,-12.4253   ,53.5188,-12.7247 ,53.711 ,-13.0161  ,53.905 ,-13.3031  ,54.0762,-13.5965  ,54.1962,-13.8908   ,54.2246,-14.2468  ,54.1047,-14.5951  ,53.8559,-14.801     ,53.5191,-14.905   ,53.2112,-14.9249  ,53.1035,-12.1475  ,53.6496,-12.2844   ,53.9477,-12.6157  ,54.1956,-12.9684  ,54.4364,-13.3215  ,54.6382,-13.6889   ,54.7543,-14.0608   ,54.7209,-14.508   ,54.5098,-14.9214   ,54.1732,-15.1152  ,53.7112,-15.1451  ,53.2112,-14.9249  ,53.4251,-14.6448  ,53.6249,-14.4422  ,53.7481,-14.1907   ,53.7357,-13.8937  ,53.6127,-13.6358  ,53.4706,-13.4199   ,53.319 ,-13.202   ,53.1708,-12.9819  ,53.0354,-12.748   ,52.9598,-12.4851  ,53.873 ,13.7186   ,1.29286    ,517,112921,46.53  ,14.94  ,114.225,0
2340,53.0998,-12.1161  ,53.3315,-12.4473   ,53.5132,-12.739  ,53.7186,-13.0212  ,53.929 ,-13.3212  ,54.0999,-13.6524  ,54.1934,-14.0154   ,54.1846,-14.3656  ,53.9752,-14.6795  ,53.6239,-14.8283    ,53.2815,-14.8759  ,52.9597,-14.8506  ,53.0998,-12.1161  ,53.6651,-12.3012   ,53.914 ,-12.6158  ,54.1583,-12.9285  ,54.4244,-13.2858  ,54.6327,-13.7038   ,54.7026,-14.1911   ,54.6274,-14.652   ,54.3449,-15.0044   ,53.9131,-15.1455  ,53.4609,-15.1495  ,52.9597,-14.8506  ,53.2127,-14.5941  ,53.4473,-14.483   ,53.6838,-14.2913   ,53.7615,-13.985   ,53.6678,-13.7344  ,53.527 ,-13.5018   ,53.3761,-13.268   ,53.2181,-13.0314  ,53.0572,-12.7829  ,52.9499,-12.5072  ,53.8228,13.7715   ,1.37554    ,532,116211,49.2103,13.8723,118.811,0
2341,53.1773,-12.1205  ,53.3541,-12.4699   ,53.5592,-12.8156 ,53.7613,-13.0992  ,53.9766,-13.4173  ,54.1347,-13.7558  ,54.2073,-14.1263   ,54.0941,-14.4838  ,53.813 ,-14.6926  ,53.4413,-14.7754    ,53.0702,-14.7835  ,52.7327,-14.7208  ,53.1773,-12.1205  ,53.7001,-12.3367   ,53.9997,-12.7247  ,54.2535,-13.0616  ,54.512 ,-13.4313  ,54.6719,-13.8322   ,54.693 ,-14.2975   ,54.4912,-14.7385  ,54.1338,-14.9996   ,53.6663,-15.0914  ,53.1878,-15.0522  ,52.7327,-14.7208  ,53.0688,-14.5196  ,53.345 ,-14.4447  ,53.6031,-14.3356   ,53.7603,-14.1354  ,53.718 ,-13.848   ,53.5598,-13.5779   ,53.3858,-13.3122  ,53.2019,-13.0443  ,53.053 ,-12.8092  ,52.9617,-12.5053  ,53.7771,13.7608   ,1.4155     ,534,116694,50.5366,13.9915,119.64 ,0
2342,53.1209,-12.1369  ,53.3447,-12.451    ,53.5632,-12.7849 ,53.7584,-13.0564  ,53.9543,-13.3586  ,54.0834,-13.7069  ,54.1292,-14.0841   ,54.048 ,-14.4122  ,53.7455,-14.6553  ,53.3709,-14.7404    ,53.0386,-14.7524  ,52.7005,-14.6872  ,53.1209,-12.1369  ,53.6686,-12.2908   ,53.9994,-12.6756  ,54.2598,-13.0109  ,54.4985,-13.3727  ,54.6106,-13.8064   ,54.5945,-14.3068   ,54.4354,-14.6991  ,54.0452,-14.9716   ,53.586 ,-15.0674  ,53.1673,-15.0442  ,52.7005,-14.6872  ,53.0164,-14.4625  ,53.2683,-14.3995  ,53.5415,-14.2978   ,53.7048,-14.0411  ,53.6632,-13.757   ,53.5288,-13.5001   ,53.3612,-13.2558  ,53.1943,-13.0142  ,53.061 ,-12.7999  ,52.9665,-12.5188  ,53.7406,13.739    ,1.47639    ,532,116353,49.5945,14.0222,117.983,0
2343,53.0995,-12.1362  ,53.3203,-12.4219   ,53.5585,-12.7645 ,53.7683,-13.0479  ,53.9665,-13.3539  ,54.0899,-13.6988  ,54.1166,-14.0706   ,53.9807,-14.3837  ,53.6595,-14.5997  ,53.3093,-14.7148    ,52.9778,-14.7868  ,52.6182,-14.8299  ,53.0995,-12.1362  ,53.6397,-12.263    ,53.9943,-12.6577  ,54.2683,-13.0057  ,54.5022,-13.3659  ,54.6092,-13.7887   ,54.5744,-14.2833   ,54.3807,-14.6589  ,54.0312,-14.8905   ,53.6345,-15.0222  ,53.2069,-15.0722  ,52.6182,-14.8299  ,52.8589,-14.4796  ,53.0911,-14.38    ,53.3778,-14.2672   ,53.6415,-14.0325  ,53.6677,-13.7555  ,53.546 ,-13.5026   ,53.3825,-13.254   ,53.2012,-12.9986  ,53.0513,-12.7732  ,52.9416,-12.488   ,53.7023,13.7502   ,1.56585    ,540,116756,49.929 ,13.8008,118.225,0
2344,53.0775,-12.1322  ,53.3129,-12.4348   ,53.5417,-12.7448 ,53.8015,-13.0927  ,53.998 ,-13.4161  ,54.1083,-13.7767  ,54.0827,-14.142    ,53.8444,-14.4424  ,53.5162,-14.6281  ,53.1522,-14.7471    ,52.7505,-14.8265  ,52.3957,-14.8435  ,53.0775,-12.1322  ,53.6126,-12.2928   ,53.9693,-12.6435  ,54.315 ,-13.0642  ,54.5351,-13.4401  ,54.6129,-13.8845   ,54.5277,-14.3445   ,54.2622,-14.6963  ,53.9022,-14.9031   ,53.4694,-15.0241  ,52.9443,-15.0738  ,52.3957,-14.8435  ,52.6717,-14.5617  ,52.9445,-14.4409  ,53.2279,-14.3113   ,53.5128,-14.1164  ,53.6709,-13.8394  ,53.585 ,-13.5616   ,53.4138,-13.2979  ,53.2196,-13.0258  ,53.0356,-12.7426  ,52.9439,-12.4782  ,53.6495,13.7799   ,-1.4591    ,551,119111,52.2248,13.8623,123.539,0
2345,53.0802,-12.127   ,53.3256,-12.4672   ,53.5779,-12.7985 ,53.818 ,-13.1183  ,54.0253,-13.4647  ,54.1226,-13.8309  ,54.014 ,-14.2262   ,53.7393,-14.4917  ,53.3714,-14.6733  ,52.963 ,-14.7934    ,52.595 ,-14.8926  ,52.2271,-14.9552  ,53.0802,-12.127   ,53.6244,-12.3199   ,54.001 ,-12.6884  ,54.3121,-13.0656  ,54.5392,-13.459   ,54.6012,-13.8819   ,54.459 ,-14.3624   ,54.1596,-14.7091  ,53.7363,-14.9505   ,53.2571,-15.0693  ,52.7929,-15.1298  ,52.2271,-14.9552  ,52.5158,-14.6241  ,52.7918,-14.4841  ,53.114 ,-14.3564   ,53.421 ,-14.2007  ,53.636 ,-13.9837  ,53.6349,-13.6683   ,53.4629,-13.3719  ,53.2503,-13.0677  ,53.0691,-12.7984  ,52.9505,-12.5077  ,53.5991,13.8102   ,-1.35869   ,555,120488,54.2097,13.2432,126.125,0
2346,53.2074,-12.2027  ,53.4216,-12.5485   ,53.6355,-12.8831 ,53.8527,-13.199   ,54.011 ,-13.5153  ,54.0602,-13.8834  ,53.9014,-14.2662   ,53.62  ,-14.4984  ,53.2739,-14.676   ,52.9282,-14.8       ,52.5339,-14.8766  ,52.1882,-14.8614  ,53.2074,-12.2027  ,53.7361,-12.4067   ,54.0518,-12.7566  ,54.3293,-13.1283  ,54.4989,-13.5019  ,54.5247,-13.9588   ,54.344 ,-14.4361   ,54.0193,-14.7511  ,53.6222,-14.9644   ,53.2162,-15.0901  ,52.7128,-15.1296  ,52.1882,-14.8614  ,52.4683,-14.6093  ,52.7466,-14.4794  ,53.0152,-14.3469   ,53.3059,-14.1919  ,53.5246,-14.0129  ,53.6004,-13.7014   ,53.4878,-13.4313  ,53.3199,-13.1833  ,53.1541,-12.9146  ,53.0546,-12.5972  ,53.5564,13.8472   ,-1.27804   ,550,119858,51.7508,12.4305,123.64 ,0
2347,53.1621,-12.2932  ,53.4299,-12.6473   ,53.6613,-12.9562 ,53.874 ,-13.2479  ,54.0347,-13.6031  ,54.0394,-13.9962  ,53.8431,-14.3281   ,53.5408,-14.5395  ,53.1791,-14.7004  ,52.8325,-14.8344    ,52.4474,-14.9447  ,52.1007,-14.9579  ,53.1621,-12.2932  ,53.7489,-12.4989   ,54.0953,-12.8535  ,54.3673,-13.2034  ,54.5281,-13.6239  ,54.4931,-14.1059   ,54.2729,-14.5172   ,53.9346,-14.8061  ,53.5195,-14.9975   ,53.106 ,-15.1339  ,52.621 ,-15.2115  ,52.1007,-14.9579  ,52.3847,-14.6538  ,52.6638,-14.4972  ,52.9316,-14.3649   ,53.2362,-14.2256  ,53.4891,-14.0583  ,53.609 ,-13.7767   ,53.5111,-13.4733  ,53.3167,-13.197   ,53.1497,-12.9578  ,53.0385,-12.6939  ,53.5218,13.9267   ,-1.17129   ,549,118244,52.3358,12.8848,122.711,0
2348,53.2732,-12.3928  ,53.5019,-12.7153   ,53.7429,-13.0582 ,53.9578,-13.3921  ,54.0624,-13.768   ,53.9798,-14.1465  ,53.7221,-14.4273   ,53.411 ,-14.61    ,53.0517,-14.7839  ,52.7016,-14.9255    ,52.3152,-15.0603  ,51.9714,-15.1329  ,53.2732,-12.3928  ,53.8204,-12.5756   ,54.1895,-12.9585  ,54.4494,-13.353   ,54.5364,-13.8042  ,54.4324,-14.2678   ,54.1585,-14.6373   ,53.8095,-14.8736  ,53.4053,-15.0577   ,52.9934,-15.1941  ,52.5119,-15.2855  ,51.9714,-15.1329  ,52.2272,-14.7993  ,52.5162,-14.6165  ,52.7909,-14.4688   ,53.1015,-14.3004  ,53.3713,-14.1513  ,53.5771,-13.926    ,53.5782,-13.6185  ,53.4146,-13.3337  ,53.2269,-13.0615  ,53.1194,-12.7588  ,53.5051,13.9969   ,-1.07887   ,546,118036,52.5526,12.6934,124.125,0
2349,53.3415,-12.4606  ,53.6032,-12.7771   ,53.7961,-13.0787 ,54.0003,-13.4624  ,54.072 ,-13.8486  ,53.9438,-14.217   ,53.6876,-14.458    ,53.3608,-14.6551  ,52.9878,-14.8358  ,52.6214,-14.9791    ,52.2415,-15.0924  ,51.8978,-15.1704  ,53.3415,-12.4606  ,53.9119,-12.6146   ,54.2034,-12.9601  ,54.4676,-13.4227  ,54.5385,-13.8961  ,54.4094,-14.3508   ,54.1248,-14.6788   ,53.7431,-14.9475  ,53.3203,-15.1334   ,52.8779,-15.2511  ,52.4059,-15.304   ,51.8978,-15.1704  ,52.1831,-14.8535  ,52.4728,-14.6683  ,52.7542,-14.4955   ,53.0696,-14.3139  ,53.3443,-14.1668  ,53.5433,-13.9895   ,53.6045,-13.6856  ,53.4932,-13.4024  ,53.3268,-13.0991  ,53.2308,-12.8411  ,53.5023,14.0745   ,-1.0081    ,543,116059,52.838 ,11.9525,123.882,0
2350,53.5686,-12.4297  ,53.7072,-12.7742   ,53.843 ,-13.1257 ,53.9608,-13.455   ,53.9878,-13.8455  ,53.8838,-14.208   ,53.6468,-14.4785   ,53.362 ,-14.664   ,53.0366,-14.833   ,52.6787,-14.9919    ,52.3446,-15.1275  ,52.0225,-15.2359  ,53.5686,-12.4297  ,54.0355,-12.6935   ,54.249 ,-13.0574  ,54.4096,-13.423   ,54.4573,-13.8955  ,54.3715,-14.3458   ,54.1198,-14.6881   ,53.79  ,-14.9227  ,53.4233,-15.0978   ,53.0039,-15.2419  ,52.5774,-15.3397  ,52.0225,-15.2359  ,52.2058,-14.8772  ,52.4475,-14.7032  ,52.7332,-14.5269   ,53.0153,-14.3599  ,53.252 ,-14.2026  ,53.4441,-13.9777   ,53.5249,-13.6815  ,53.487 ,-13.3846  ,53.3972,-13.1067  ,53.3539,-12.7678  ,53.4967,14.1011   ,-1.01039   ,527,114094,49.5836,12.2378,119.64 ,0
2351,53.6488,-12.4284  ,53.7653,-12.8033   ,53.8787,-13.1581 ,53.9772,-13.5084  ,53.9904,-13.8447  ,53.8921,-14.193   ,53.6305,-14.4912   ,53.3342,-14.6896  ,53.0279,-14.8578  ,52.7047,-14.9991    ,52.3611,-15.1365  ,52.0214,-15.2438  ,53.6488,-12.4284  ,54.1276,-12.7473   ,54.2966,-13.143   ,54.416 ,-13.5376  ,54.4394,-13.9237  ,54.3455,-14.3298   ,54.0857,-14.7047   ,53.7566,-14.9502  ,53.4083,-15.1364   ,53.0293,-15.2695  ,52.6017,-15.3706  ,52.0214,-15.2438  ,52.2175,-14.8637  ,52.4758,-14.6888  ,52.7362,-14.5365   ,52.9984,-14.3755  ,53.2546,-14.2131  ,53.4823,-13.9675   ,53.5492,-13.6544  ,53.5183,-13.3714  ,53.4264,-13.083   ,53.3857,-12.7716  ,53.487 ,14.1321   ,-0.998133  ,523,113854,49.3814,11.8425,119.054,0
2352,53.667 ,-12.437   ,53.8095,-12.8038   ,53.912 ,-13.1897 ,53.9564,-13.5443  ,53.9409,-13.9139  ,53.8212,-14.2694  ,53.5879,-14.5411   ,53.2931,-14.7453  ,52.9463,-14.9268  ,52.5788,-15.0683    ,52.2319,-15.1804  ,51.8972,-15.2361  ,53.667 ,-12.437   ,54.147 ,-12.7177   ,54.3124,-13.1247  ,54.3668,-13.5467  ,54.3583,-14.0088  ,54.2587,-14.4425   ,54.0393,-14.7561   ,53.723 ,-14.9995  ,53.3251,-15.2025   ,52.8808,-15.347   ,52.4385,-15.43    ,51.8972,-15.2361  ,52.1236,-14.9002  ,52.3738,-14.7573  ,52.6542,-14.6103   ,52.9496,-14.4397  ,53.2147,-14.2562  ,53.4328,-14.0075   ,53.5386,-13.7008  ,53.5387,-13.4174  ,53.4881,-13.1482  ,53.4483,-12.8024  ,53.454 ,14.1719   ,-0.979272  ,525,113848,50.4797,11.8272,119.397,0
2353,53.6789,-12.4983  ,53.811 ,-12.8476   ,53.917 ,-13.2499 ,53.957 ,-13.6018  ,53.9178,-13.9482  ,53.7499,-14.2851  ,53.4838,-14.575    ,53.1869,-14.7898  ,52.8528,-14.9551  ,52.5177,-15.071     ,52.1474,-15.173   ,51.8247,-15.1934  ,53.6789,-12.4983  ,54.1581,-12.7668   ,54.3145,-13.194   ,54.3682,-13.6086  ,54.3426,-14.0425  ,54.1906,-14.4532   ,53.9186,-14.7912   ,53.5933,-15.0476  ,53.2113,-15.2477   ,52.8025,-15.3725  ,52.3181,-15.4511  ,51.8247,-15.1934  ,52.08  ,-14.8681  ,52.3355,-14.7379  ,52.5806,-14.626    ,52.8651,-14.4811  ,53.1311,-14.2835  ,53.3731,-14.0271   ,53.5189,-13.7458  ,53.5423,-13.4736  ,53.4948,-13.1979  ,53.4399,-12.8354  ,53.4056,14.194    ,-0.947978  ,523,114106,50.0809,11.4913,118.569,0
2354,53.732 ,-12.5108  ,53.815 ,-12.879    ,53.902 ,-13.2427 ,53.9513,-13.644   ,53.8988,-13.9828  ,53.7106,-14.3266  ,53.4335,-14.6025   ,53.129 ,-14.7888  ,52.8135,-14.9355  ,52.4679,-15.0594    ,52.0856,-15.1667  ,51.7447,-15.1984  ,53.732 ,-12.5108  ,54.1503,-12.8218   ,54.3013,-13.1852  ,54.3684,-13.6513  ,54.3308,-14.0714  ,54.1547,-14.4946   ,53.8657,-14.8406   ,53.5357,-15.062   ,53.1678,-15.2343   ,52.7505,-15.3655  ,52.2594,-15.449   ,51.7447,-15.1984  ,52.0193,-14.8561  ,52.2904,-14.7199  ,52.5503,-14.5978   ,52.8116,-14.4685  ,53.0841,-14.2977  ,53.3364,-14.067    ,53.4975,-13.7863  ,53.5331,-13.5188  ,53.477 ,-13.1922  ,53.4605,-12.8369  ,53.3643,14.209    ,-0.917032  ,531,115286,50.3978,11.6717,119.397,0
2355,53.6753,-12.5309  ,53.7908,-12.9138   ,53.8896,-13.2866 ,53.9449,-13.6769  ,53.8512,-14.0863  ,53.6199,-14.385   ,53.3   ,-14.6433   ,52.9817,-14.8284  ,52.654 ,-14.976   ,52.2386,-15.1291    ,51.9125,-15.2291  ,51.5348,-15.3007  ,53.6753,-12.5309  ,54.1103,-12.8375   ,54.2726,-13.2147  ,54.3561,-13.6667  ,54.2975,-14.1666  ,54.0791,-14.5398   ,53.7255,-14.8824   ,53.358 ,-15.1242  ,52.982 ,-15.2879   ,52.5036,-15.4189  ,52.1141,-15.4701  ,51.5348,-15.3007  ,51.8208,-14.9573  ,52.0812,-14.8031  ,52.4234,-14.6236   ,52.6955,-14.4857  ,52.9676,-14.3401  ,53.2427,-14.1482   ,53.4481,-13.913   ,53.531 ,-13.576   ,53.4795,-13.2487  ,53.4447,-12.8874  ,53.2569,14.2772   ,-0.841637  ,547,118958,52.7332,11.4293,125.882,0
2356,53.761 ,-12.5862  ,53.8307,-13.0118   ,53.8772,-13.362  ,53.8959,-13.7838  ,53.8001,-14.137   ,53.5252,-14.4546  ,53.212 ,-14.6838   ,52.9013,-14.8645  ,52.5464,-15.0335  ,52.1556,-15.1983    ,51.8227,-15.312   ,51.4435,-15.3925  ,53.761 ,-12.5862  ,54.1795,-12.9643   ,54.2898,-13.3134  ,54.3511,-13.764   ,54.2825,-14.1601  ,54.0321,-14.588    ,53.6828,-14.9152   ,53.3242,-15.1412  ,52.9141,-15.3208   ,52.4604,-15.4713  ,52.0505,-15.5444  ,51.4435,-15.3925  ,51.7089,-15.0446  ,51.9553,-14.8849  ,52.269 ,-14.7041   ,52.5662,-14.5414  ,52.8315,-14.3935  ,53.1025,-14.2483   ,53.3623,-14.0229  ,53.4455,-13.6897  ,53.4508,-13.2879  ,53.4669,-12.9527  ,53.2079,14.3251   ,-0.826339  ,560,120261,52.8492,12.2448,124.811,0
2357,53.6691,-12.6668  ,53.8122,-13.0745   ,53.8679,-13.4653 ,53.8538,-13.8293  ,53.7134,-14.2014  ,53.434 ,-14.4972  ,53.1054,-14.7252   ,52.7856,-14.8976  ,52.4203,-15.0793  ,52.0483,-15.2498    ,51.694 ,-15.3707  ,51.3102,-15.4259  ,53.6691,-12.6668  ,54.1513,-12.9859   ,54.2699,-13.3908  ,54.2943,-13.8106  ,54.1967,-14.2688  ,53.9131,-14.6564   ,53.5413,-14.9732   ,53.1877,-15.1784  ,52.7733,-15.364    ,52.3329,-15.5325  ,51.8972,-15.6182  ,51.3102,-15.4259  ,51.5945,-15.0935  ,51.8597,-14.9275  ,52.1589,-14.7489   ,52.474 ,-14.572   ,52.7631,-14.4197  ,53.0454,-14.2618   ,53.2895,-14.0379  ,53.4295,-13.7292  ,53.4569,-13.4202  ,53.451 ,-13.0635  ,53.1283,14.3874   ,-0.786761  ,553,119932,53.4107,11.7123,124.468,0
2358,53.8002,-12.7437  ,53.8541,-13.1591   ,53.8669,-13.5167 ,53.8326,-13.8729  ,53.6656,-14.2432  ,53.3928,-14.4994  ,53.0776,-14.7146   ,52.7609,-14.889   ,52.4406,-15.0519  ,52.0655,-15.2258    ,51.7153,-15.3828  ,51.3977,-15.4791  ,53.8002,-12.7437  ,54.1753,-13.1226   ,54.2681,-13.4738  ,54.2763,-13.8681  ,54.1449,-14.3277  ,53.8756,-14.6776   ,53.5206,-14.9696   ,53.1572,-15.1682  ,52.7863,-15.339    ,52.3523,-15.5199  ,51.9421,-15.6436  ,51.3977,-15.4791  ,51.5903,-15.0792  ,51.8737,-14.887   ,52.1878,-14.7195   ,52.4553,-14.5631  ,52.7249,-14.4042  ,52.9974,-14.2516   ,53.2469,-14.0796  ,53.4093,-13.766   ,53.4661,-13.4366  ,53.5241,-13.0852  ,53.0849,14.4408   ,-0.749946  ,543,117900,50.9951,11.9714,121.882,0
2359,53.9248,-12.942   ,53.9072,-13.3676   ,53.8619,-13.6974 ,53.7365,-14.0703  ,53.4976,-14.3936  ,53.2363,-14.6177  ,52.8845,-14.8344   ,52.5741,-14.9942  ,52.2123,-15.168   ,51.8805,-15.3113    ,51.5166,-15.4406  ,51.1762,-15.4999  ,53.9248,-12.942   ,54.2656,-13.4406   ,54.2773,-13.807   ,54.185 ,-14.2209  ,53.9615,-14.5839  ,53.6758,-14.8587   ,53.2781,-15.1214   ,52.9214,-15.2956  ,52.4971,-15.4738   ,52.1123,-15.6052  ,51.6771,-15.6906  ,51.1762,-15.4999  ,51.4613,-15.1572  ,51.7476,-14.9774  ,52.0187,-14.8208   ,52.3167,-14.6473  ,52.5783,-14.4993  ,52.8858,-14.3111   ,53.1146,-14.1173  ,53.3371,-13.8189  ,53.4681,-13.4769  ,53.5575,-13.1898  ,53.0111,14.5261   ,-0.69803   ,541,117026,51.0904,11.8587,121.296,0
2360,53.8545,-13.1006  ,53.8564,-13.4972   ,53.8053,-13.8511 ,53.6593,-14.2009  ,53.3987,-14.493   ,53.1304,-14.6954  ,52.7677,-14.9021   ,52.4626,-15.0526  ,52.1002,-15.2296  ,51.757 ,-15.3779    ,51.406 ,-15.5024  ,51.0935,-15.6014  ,53.8545,-13.1006  ,54.1835,-13.5324   ,54.1933,-13.9757  ,54.0761,-14.3983  ,53.8219,-14.7335  ,53.5279,-14.9808   ,53.1155,-15.2278   ,52.7696,-15.3861  ,52.3669,-15.5448   ,51.9753,-15.6582  ,51.5636,-15.7121  ,51.0935,-15.6014  ,51.3461,-15.2608  ,51.6392,-15.0575  ,51.9276,-14.8703   ,52.2423,-14.6756  ,52.5095,-14.5315  ,52.8238,-14.3492   ,53.0606,-14.1751  ,53.2987,-13.9126  ,53.4416,-13.6133  ,53.5388,-13.3442  ,52.9515,14.5992   ,-0.670735  ,529,115038,50.3414,11.6006,119.054,0
2361,54.129 ,-13.0997  ,53.9522,-13.4735   ,53.8217,-13.8318 ,53.6662,-14.1813  ,53.4282,-14.4703  ,53.1373,-14.7203  ,52.8494,-14.901    ,52.5255,-15.0684  ,52.1563,-15.2521  ,51.8338,-15.3793    ,51.4774,-15.4966  ,51.1309,-15.5899  ,54.129 ,-13.0997  ,54.2722,-13.6111   ,54.189 ,-14.0298  ,54.0515,-14.4158  ,53.8228,-14.7288  ,53.5135,-15.0192   ,53.1998,-15.2277   ,52.8461,-15.3975  ,52.4558,-15.5685   ,52.0925,-15.6664  ,51.6615,-15.7197  ,51.1309,-15.5899  ,51.4131,-15.2366  ,51.6892,-15.0512  ,51.9548,-14.8919   ,52.2951,-14.6927  ,52.5938,-14.5207  ,52.859 ,-14.3486   ,53.1248,-14.1174  ,53.34  ,-13.8493  ,53.4878,-13.5303  ,53.6765,-13.2395  ,52.9669,14.622    ,-0.677073  ,529,114200,50.7397,11.4927,118.468,0
2362,54.2459,-13.2736  ,53.9932,-13.5762   ,53.8109,-13.8888 ,53.6554,-14.2189  ,53.4223,-14.5471  ,53.1607,-14.7857  ,52.8431,-14.9731   ,52.5245,-15.1206  ,52.1947,-15.2696  ,51.8274,-15.4093    ,51.5008,-15.5268  ,51.1873,-15.6341  ,54.2459,-13.2736  ,54.2977,-13.7755   ,54.1449,-14.115   ,53.9984,-14.4661  ,53.7806,-14.8272  ,53.5132,-15.1006   ,53.1824,-15.3092   ,52.8568,-15.4568  ,52.5009,-15.5919   ,52.0758,-15.7001  ,51.6776,-15.7652  ,51.1873,-15.6341  ,51.4296,-15.2498  ,51.6882,-15.0786  ,51.9862,-14.9056   ,52.2839,-14.7426  ,52.5943,-14.5914  ,52.8988,-14.4015   ,53.1425,-14.1765  ,53.3628,-13.8761  ,53.5201,-13.5695  ,53.7532,-13.2962  ,52.9884,14.6533   ,-0.680315  ,529,114179,49.4979,11.4146,119.882,0
2363,54.1849,-13.1896  ,53.9838,-13.5518   ,53.8206,-13.9019 ,53.6595,-14.2082  ,53.422 ,-14.5662  ,53.1592,-14.8432  ,52.8526,-15.0427   ,52.5369,-15.1773  ,52.1482,-15.3202  ,51.7805,-15.4304    ,51.4067,-15.5426  ,51.0919,-15.6446  ,54.1849,-13.1896  ,54.3348,-13.7127   ,54.1797,-14.0985  ,54.017 ,-14.4233  ,53.7932,-14.7934  ,53.5217,-15.1074   ,53.2039,-15.3599   ,52.8786,-15.5147  ,52.4757,-15.6441   ,52.0565,-15.7346  ,51.5949,-15.7899  ,51.0919,-15.6446  ,51.3379,-15.2562  ,51.631 ,-15.0908  ,51.9366,-14.9566   ,52.3017,-14.7991  ,52.6058,-14.6705  ,52.8926,-14.4964   ,53.1274,-14.2377  ,53.3607,-13.8908  ,53.5086,-13.6041  ,53.6821,-13.2944  ,52.9566,14.6948   ,-0.669027  ,539,115753,51.379 ,11.2732,121.054,0
2364,54.211 ,-13.2398  ,53.9507,-13.5768   ,53.7898,-13.9307 ,53.6251,-14.235   ,53.3827,-14.5482  ,53.1292,-14.8042  ,52.824 ,-15.0356   ,52.4921,-15.1931  ,52.1307,-15.3196  ,51.7322,-15.4379    ,51.3525,-15.5118  ,51.0157,-15.5352  ,54.211 ,-13.2398  ,54.2581,-13.7769   ,54.116 ,-14.1575  ,53.962 ,-14.4781  ,53.7316,-14.802   ,53.4673,-15.0838   ,53.1348,-15.3608   ,52.7817,-15.5403  ,52.3916,-15.6645   ,51.9336,-15.7701  ,51.4786,-15.7968  ,51.0157,-15.5352  ,51.3529,-15.2064  ,51.6514,-15.075   ,51.9774,-14.9392   ,52.299 ,-14.8075  ,52.6109,-14.6493  ,52.8959,-14.4274   ,53.1261,-14.1883  ,53.3533,-13.8902  ,53.5068,-13.6009  ,53.7013,-13.2865  ,52.8876,14.7223   ,-0.660597  ,535,116698,51.451 ,10.8377,121.296,0
2365,54.1499,-13.2548  ,53.913 ,-13.6159   ,53.7636,-13.9261 ,53.5766,-14.2808  ,53.3479,-14.58    ,53.0557,-14.8459  ,52.7538,-15.0365   ,52.4023,-15.1977  ,52.0401,-15.3413  ,51.7017,-15.4676    ,51.2838,-15.5935  ,50.9702,-15.6664  ,54.1499,-13.2548  ,54.2307,-13.7941   ,54.107 ,-14.1282  ,53.9383,-14.4823  ,53.7265,-14.7986  ,53.4279,-15.1154   ,53.1031,-15.3547   ,52.7151,-15.536   ,52.321 ,-15.671    ,51.9531,-15.782   ,51.4552,-15.8625  ,50.9702,-15.6664  ,51.2294,-15.2913  ,51.5675,-15.1121  ,51.8661,-14.9701   ,52.1905,-14.8175  ,52.5045,-14.6641  ,52.7848,-14.497    ,53.0565,-14.2636  ,53.2761,-13.9788  ,53.4676,-13.6202  ,53.6522,-13.3393  ,52.8311,14.7513   ,-0.648732  ,539,117274,51.5739,11.2085,122.125,0
2366,54.1384,-13.3414  ,53.8683,-13.6827   ,53.7001,-14.0418 ,53.5024,-14.3589  ,53.2226,-14.6693  ,52.9527,-14.8889  ,52.627 ,-15.0821   ,52.2584,-15.2349  ,51.8888,-15.3793  ,51.4919,-15.5415    ,51.1297,-15.6691  ,50.7977,-15.7625  ,54.1384,-13.3414  ,54.1842,-13.8755   ,54.0383,-14.2675  ,53.8339,-14.6011  ,53.5216,-14.9516  ,53.2289,-15.2188   ,52.9001,-15.4463   ,52.5289,-15.5991  ,52.1371,-15.7306   ,51.7144,-15.8653  ,51.2967,-15.941   ,50.7977,-15.7625  ,51.0823,-15.3578  ,51.3876,-15.1712  ,51.7487,-14.9846   ,52.0922,-14.8307  ,52.4607,-14.6641  ,52.7866,-14.479    ,53.0256,-14.2889  ,53.2501,-14.0097  ,53.4111,-13.712   ,53.6096,-13.3935  ,52.7082,14.809    ,-0.625772  ,559,120927,52.8292,11.0025,125.539,0
2367,53.9517,-13.3506  ,53.795 ,-13.7602   ,53.6114,-14.1254 ,53.3591,-14.4821  ,53.0686,-14.7721  ,52.7667,-14.9852  ,52.4168,-15.1497   ,52.0111,-15.3202  ,51.6495,-15.4715  ,51.2804,-15.6324    ,50.8971,-15.7889  ,50.5462,-15.9328  ,53.9517,-13.3506  ,54.1115,-13.8656   ,53.9908,-14.2893  ,53.7656,-14.6698  ,53.4658,-15.004   ,53.1286,-15.2848   ,52.7444,-15.4975   ,52.3096,-15.6679  ,51.915 ,-15.8023   ,51.5022,-15.9331  ,51.0553,-16.0327  ,50.5462,-15.9328  ,50.8463,-15.4999  ,51.1669,-15.286   ,51.4872,-15.096    ,51.8158,-14.9296  ,52.19  ,-14.7602  ,52.504 ,-14.6273   ,52.7729,-14.4513  ,53.0383,-14.1924  ,53.2881,-13.8595  ,53.5285,-13.5467  ,52.5618,14.8983   ,-0.592042  ,571,122557,54.987 ,11.3145,128.368,0
2368,53.9445,-13.5436  ,53.7253,-13.9324   ,53.4905,-14.2463 ,53.254 ,-14.5074  ,52.9478,-14.7945  ,52.6508,-15.0004  ,52.3112,-15.162    ,51.9312,-15.3373  ,51.5565,-15.5056  ,51.2069,-15.6546    ,50.8433,-15.827   ,50.5448,-15.996   ,53.9445,-13.5436  ,54.0298,-14.079    ,53.8919,-14.4226  ,53.6928,-14.6883  ,53.3815,-15.0099  ,53.0518,-15.2797   ,52.6845,-15.488    ,52.2773,-15.6536  ,51.8705,-15.8124   ,51.4866,-15.9432  ,51.0634,-16.061   ,50.5448,-15.996   ,50.7245,-15.54    ,51.0304,-15.3212  ,51.3378,-15.158    ,51.6789,-14.9771  ,52.035 ,-14.7937  ,52.3468,-14.6649   ,52.6162,-14.4925  ,52.9143,-14.2227  ,53.1756,-13.9655  ,53.4875,-13.6811  ,52.4524,14.9538   ,-0.566351  ,557,120745,52.7969,11.6613,124.368,0
2369,53.9498,-13.7347  ,53.709 ,-14.0524   ,53.4276,-14.3549 ,53.1582,-14.6149  ,52.8911,-14.8426  ,52.5979,-15.0335  ,52.2264,-15.2002   ,51.9107,-15.3512  ,51.5432,-15.5151  ,51.1959,-15.6546    ,50.8353,-15.8072  ,50.5184,-15.9253  ,53.9498,-13.7347  ,54.0072,-14.2304   ,53.8022,-14.5796  ,53.5437,-14.8657  ,53.2578,-15.1258  ,52.9312,-15.3595   ,52.5323,-15.5562   ,52.2038,-15.6979  ,51.8067,-15.8513   ,51.4188,-15.9721  ,51.0072,-16.0758  ,50.5184,-15.9253  ,50.7651,-15.4946  ,51.0752,-15.2953  ,51.3743,-15.1399   ,51.7079,-14.9608  ,52.0119,-14.8042  ,52.3591,-14.6558   ,52.6282,-14.4776  ,52.8821,-14.2627  ,53.1557,-14.0253  ,53.4892,-13.7818  ,52.4031,15.0082   ,-0.538238  ,546,117492,50.9346,11.216 ,120.368,0
2370,53.9338,-13.8872  ,53.6716,-14.1828   ,53.3977,-14.4473 ,53.1087,-14.7062  ,52.8276,-14.9166  ,52.4702,-15.1023  ,52.145 ,-15.2362   ,51.8124,-15.3877  ,51.4753,-15.5389  ,51.1265,-15.6879    ,50.7546,-15.8462  ,50.4456,-15.9523  ,53.9338,-13.8872  ,53.9478,-14.3852   ,53.7277,-14.696   ,53.4475,-14.9929  ,53.1482,-15.2454  ,52.762 ,-15.4734   ,52.423 ,-15.6109   ,52.0775,-15.7477  ,51.7197,-15.881    ,51.3325,-16.0058  ,50.9054,-16.1039  ,50.4456,-15.9523  ,50.7112,-15.5435  ,51.0227,-15.3257  ,51.3282,-15.1552   ,51.6431,-14.9836  ,51.9611,-14.8209  ,52.2682,-14.6925   ,52.5987,-14.5266  ,52.8655,-14.3387  ,53.1638,-14.1075  ,53.4761,-13.9002  ,52.3059,15.0892   ,-0.506118  ,538,116162,50.5018,11.3303,121.539,0
2371,53.7794,-13.9228  ,53.5153,-14.2673   ,53.2748,-14.5197 ,52.9666,-14.7993  ,52.6724,-15.0103  ,52.349 ,-15.1777  ,51.9899,-15.3352   ,51.6762,-15.4751  ,51.2949,-15.6459  ,50.9788,-15.7814    ,50.5969,-15.9511  ,50.302 ,-16.0928  ,53.7794,-13.9228  ,53.799 ,-14.4296   ,53.5921,-14.756   ,53.2742,-15.1073  ,52.9535,-15.3744  ,52.6045,-15.5731   ,52.228 ,-15.7233   ,51.9025,-15.8518  ,51.5048,-15.9906   ,51.1634,-16.0811  ,50.7324,-16.1689  ,50.302 ,-16.0928  ,50.5679,-15.6836  ,50.9027,-15.4356  ,51.1851,-15.2569   ,51.5403,-15.0578  ,51.8414,-14.9082  ,52.1845,-14.7408   ,52.4864,-14.5867  ,52.7612,-14.4057  ,53.0583,-14.1828  ,53.3172,-14.007   ,52.2617,15.1346   ,-0.505375  ,537,114717,51.1276,11.4335,120.711,0
2372,54.0097,-14.0807  ,53.6557,-14.2867   ,53.3161,-14.5342 ,53.0322,-14.7626  ,52.7145,-14.9993  ,52.4267,-15.1719  ,52.055 ,-15.3476   ,51.71  ,-15.4906  ,51.364 ,-15.6367  ,50.9925,-15.7895    ,50.6269,-15.9397  ,50.308 ,-16.0681  ,54.0097,-14.0807  ,53.9042,-14.5362   ,53.5969,-14.8501  ,53.2967,-15.1105  ,52.9528,-15.3785  ,52.6562,-15.5683   ,52.2888,-15.7402   ,51.9266,-15.8657  ,51.5638,-15.9956   ,51.1658,-16.105   ,50.755 ,-16.1793  ,50.308 ,-16.0681  ,50.5966,-15.6596  ,50.9277,-15.4291  ,51.2655,-15.236    ,51.5917,-15.074   ,51.9169,-14.9129  ,52.2897,-14.7266   ,52.578 ,-14.5491  ,52.8793,-14.3261  ,53.1506,-14.1272  ,53.5138,-13.9647  ,52.2684,15.1551   ,-0.504388  ,534,113841,51.85  ,11.2588,121.539,0
2373,54.0024,-14.0851  ,53.6753,-14.2867   ,53.3263,-14.5252 ,53.0179,-14.7556  ,52.7115,-14.9841  ,52.4203,-15.1819  ,52.0466,-15.3701   ,51.706 ,-15.5029  ,51.3746,-15.6459  ,51.0029,-15.7903    ,50.6474,-15.9346  ,50.3125,-16.0816  ,54.0024,-14.0851  ,53.9033,-14.5314   ,53.5761,-14.8596  ,53.2478,-15.126   ,52.9282,-15.3709  ,52.6372,-15.5678   ,52.2752,-15.7502   ,51.9352,-15.878   ,51.593 ,-16.0118   ,51.1964,-16.1324  ,50.7964,-16.1971  ,50.3125,-16.0816  ,50.6164,-15.6212  ,50.9239,-15.4047  ,51.2524,-15.2391   ,51.573 ,-15.089   ,51.9135,-14.9502  ,52.2976,-14.7368   ,52.5955,-14.5234  ,52.8911,-14.3079  ,53.1784,-14.1164  ,53.5429,-13.9745  ,52.2378,15.1733   ,-0.504111  ,540,115204,51.7584,11.1664,120.711,0
2374,53.8615,-14.052   ,53.5742,-14.3338   ,53.2693,-14.5765 ,52.9518,-14.8082  ,52.6438,-15.0189  ,52.3476,-15.2145  ,52.0147,-15.3918   ,51.6229,-15.554   ,51.268 ,-15.6977  ,50.9484,-15.8324    ,50.6103,-15.9627  ,50.2514,-16.0828  ,53.8615,-14.052   ,53.8606,-14.5621   ,53.5668,-14.8679  ,53.221 ,-15.1375  ,52.8904,-15.3772  ,52.5891,-15.5785   ,52.2524,-15.7603   ,51.8532,-15.9207  ,51.4875,-16.0538   ,51.1447,-16.1608  ,50.7712,-16.247   ,50.2514,-16.0828  ,50.5626,-15.636   ,50.8618,-15.4594  ,51.1512,-15.2982   ,51.4927,-15.148   ,51.8723,-14.9791  ,52.2029,-14.7892   ,52.498 ,-14.5927  ,52.7877,-14.404   ,53.0773,-14.2046  ,53.38  ,-14.0265  ,52.1859,15.2037   ,-0.503403  ,540,116675,51.3403,10.7765,122.125,0
2375,53.886 ,-14.0502  ,53.5536,-14.3353   ,53.2321,-14.5911 ,52.9564,-14.8045  ,52.6405,-15.0284  ,52.3003,-15.2327  ,51.9525,-15.3995   ,51.5974,-15.546   ,51.2563,-15.6944  ,50.8984,-15.8539    ,50.5158,-16.0302  ,50.1957,-16.1699  ,53.886 ,-14.0502  ,53.7913,-14.5623   ,53.4782,-14.897   ,53.1793,-15.157   ,52.8366,-15.4175  ,52.4883,-15.6431   ,52.1508,-15.8009   ,51.7905,-15.9291  ,51.4364,-16.066    ,51.0656,-16.1982  ,50.6636,-16.3099  ,50.1957,-16.1699  ,50.4772,-15.7007  ,50.837 ,-15.4607  ,51.1746,-15.2805   ,51.5029,-15.1207  ,51.8572,-14.9542  ,52.2078,-14.7702   ,52.546 ,-14.5708  ,52.8432,-14.3691  ,53.0959,-14.198   ,53.4162,-14.0284  ,52.1375,15.2256   ,-0.505496  ,544,117379,52.569 ,11.2443,123.782,0
2376,53.7913,-14.1924  ,53.4422,-14.4308   ,53.1016,-14.678  ,52.7704,-14.9167  ,52.452 ,-15.1294  ,52.1436,-15.2978  ,51.7772,-15.4516   ,51.4111,-15.598   ,51.0561,-15.758   ,50.6811,-15.9542    ,50.34  ,-16.132   ,49.9995,-16.2896  ,53.7913,-14.1924  ,53.6904,-14.6762   ,53.3597,-14.9973  ,52.996 ,-15.282   ,52.6561,-15.5204  ,52.3376,-15.6993   ,51.9645,-15.8589   ,51.5834,-15.9955  ,51.2128,-16.1419   ,50.8401,-16.2949  ,50.4929,-16.4069  ,49.9995,-16.2896  ,50.2996,-15.7998  ,50.6337,-15.5535  ,51.0021,-15.3257   ,51.3411,-15.1571  ,51.6963,-15.0033  ,52.0527,-14.8462   ,52.3518,-14.6735  ,52.6538,-14.4739  ,52.9564,-14.2756  ,53.3053,-14.1094  ,52.0039,15.2861   ,-0.496886  ,563,119823,53.3602,11.0369,125.782,0
2377,53.6044,-14.2226  ,53.271 ,-14.5101   ,52.982 ,-14.7381 ,52.6293,-14.9857  ,52.2767,-15.2038  ,51.92  ,-15.3873  ,51.5523,-15.532    ,51.1905,-15.6885  ,50.8432,-15.8821  ,50.5181,-16.0628    ,50.1658,-16.2306  ,49.797 ,-16.3821  ,53.6044,-14.2226  ,53.5189,-14.7746   ,53.2586,-15.0429  ,52.8958,-15.317   ,52.5179,-15.5713  ,52.1509,-15.7689   ,51.7703,-15.9186   ,51.3933,-16.073   ,51.0438,-16.2484   ,50.7214,-16.3899  ,50.3393,-16.4957  ,49.797 ,-16.3821  ,50.1092,-15.9125  ,50.4287,-15.6758  ,50.7435,-15.4577   ,51.0879,-15.2538  ,51.4393,-15.1043  ,51.7932,-14.9609   ,52.136 ,-14.7757  ,52.4643,-14.5879  ,52.8026,-14.359   ,53.12  ,-14.1678  ,51.8285,15.3711   ,-0.497205  ,571,121590,54.0215,10.8368,127.782,0
2378,53.4924,-14.335   ,53.1632,-14.5837   ,52.8229,-14.8442 ,52.4967,-15.068   ,52.1916,-15.2386  ,51.8279,-15.4067  ,51.4558,-15.5578   ,51.101 ,-15.7351  ,50.7402,-15.9236  ,50.407 ,-16.084     ,49.989 ,-16.2429  ,49.6599,-16.2964  ,53.4924,-14.335   ,53.3973,-14.8265   ,53.0614,-15.171   ,52.7063,-15.4423  ,52.3834,-15.6401  ,52.0104,-15.8243   ,51.6301,-15.9742   ,51.2653,-16.1354  ,50.9031,-16.3004   ,50.5557,-16.4238  ,50.1028,-16.5207  ,49.6599,-16.2964  ,49.9956,-15.929   ,50.373 ,-15.6912  ,50.6838,-15.494    ,51.037 ,-15.2801  ,51.3862,-15.0967  ,51.7521,-14.9458   ,52.1007,-14.7831  ,52.3922,-14.6285  ,52.6977,-14.4321  ,53.0377,-14.2593  ,51.694 ,15.432    ,-0.483767  ,557,119474,53.2842,11.2307,124.953,0
2379,53.2884,-14.4241  ,52.9899,-14.7111   ,52.6874,-14.9503 ,52.3871,-15.1323  ,52.0389,-15.3064  ,51.6865,-15.4608  ,51.3289,-15.6235   ,51.0169,-15.7842  ,50.6647,-15.9664  ,50.2945,-16.1359    ,49.9441,-16.2656  ,49.6172,-16.3521  ,53.2884,-14.4241  ,53.2451,-14.9192   ,52.9423,-15.2724  ,52.616 ,-15.5097  ,52.2485,-15.7001  ,51.8893,-15.8657   ,51.5434,-16.0255   ,51.2357,-16.1542  ,50.8803,-16.3082   ,50.4921,-16.448   ,50.1077,-16.5263  ,49.6172,-16.3521  ,49.8998,-15.9668  ,50.2074,-15.7758  ,50.5509,-15.5744   ,50.8996,-15.3595  ,51.2196,-15.1722  ,51.5838,-15.0123   ,51.9301,-14.8656  ,52.2571,-14.7015  ,52.5341,-14.5552  ,52.8313,-14.4189  ,51.5889,15.4949   ,-0.466141  ,541,116135,51.3316,11.1922,120.468,0
2380,53.2673,-14.674   ,52.8958,-14.8653   ,52.5622,-15.0516 ,52.2043,-15.2402  ,51.8585,-15.4     ,51.5134,-15.5557  ,51.1555,-15.7162   ,50.8427,-15.8698  ,50.4757,-16.0557  ,50.1411,-16.2057    ,49.8008,-16.3598  ,49.4845,-16.5402  ,53.2673,-14.674   ,53.0791,-15.1334   ,52.7701,-15.4117  ,52.4053,-15.6446  ,52.0508,-15.8086  ,51.698 ,-15.9599   ,51.351 ,-16.1189   ,51.046 ,-16.2493  ,50.6837,-16.3994   ,50.3305,-16.5011  ,49.9614,-16.5748  ,49.4845,-16.5402  ,49.7512,-16.0921  ,50.0653,-15.8603  ,50.3753,-15.6603   ,50.7427,-15.4372  ,51.0644,-15.2654  ,51.4281,-15.1069   ,51.7652,-14.9475  ,52.1034,-14.7864  ,52.4605,-14.6319  ,52.8281,-14.5311  ,51.4572,15.5762   ,-0.451098  ,531,113913,51.7733,11.158 ,122.711,0
2381,53.2715,-14.6893  ,52.9131,-14.8511   ,52.5761,-15.0375 ,52.2213,-15.2392  ,51.8573,-15.4108  ,51.5432,-15.5566  ,51.1774,-15.7194   ,50.8288,-15.9003  ,50.5095,-16.0448  ,50.1226,-16.2233    ,49.8069,-16.3546  ,49.4749,-16.5205  ,53.2715,-14.6893  ,53.0925,-15.1184   ,52.7794,-15.387   ,52.4092,-15.6237  ,52.0497,-15.8165  ,51.7309,-15.9743   ,51.3682,-16.1318   ,51.028 ,-16.2919  ,50.7004,-16.4081   ,50.2933,-16.5279  ,49.9461,-16.5903  ,49.4749,-16.5205  ,49.7673,-16.0809  ,50.0623,-15.869   ,50.4282,-15.6318   ,50.7303,-15.4596  ,51.0883,-15.2566  ,51.4604,-15.0918   ,51.7706,-14.9575  ,52.1337,-14.8008  ,52.48  ,-14.6253  ,52.8482,-14.5305  ,51.4359,15.595    ,-0.456083  ,530,112635,51.7494,11.32  ,123.296,0
2382,53.2152,-14.7795  ,52.8464,-14.8932   ,52.4595,-15.0771 ,52.1481,-15.2655  ,51.8387,-15.43    ,51.4803,-15.5943  ,51.1248,-15.7572   ,50.8274,-15.9032  ,50.4569,-16.0793  ,50.1116,-16.2355    ,49.7512,-16.3938  ,49.4716,-16.5394  ,53.2152,-14.7795  ,53.0198,-15.22     ,52.6651,-15.4219  ,52.3493,-15.6268  ,52.0407,-15.8246  ,51.6892,-16        ,51.3223,-16.1511   ,51.024 ,-16.295   ,50.6484,-16.4439   ,50.289 ,-16.551   ,49.8966,-16.6205  ,49.4716,-16.5394  ,49.7236,-16.1136  ,50.053 ,-15.8683  ,50.3754,-15.6625   ,50.7309,-15.4626  ,51.027 ,-15.3153  ,51.3735,-15.1425   ,51.7405,-14.9856  ,52.0492,-14.8435  ,52.3614,-14.6704  ,52.784 ,-14.5314  ,51.405 ,15.6144   ,-0.459015  ,528,112308,50.8275,11.2064,120.468,0
2383,53.2138,-14.7785  ,52.8514,-14.8956   ,52.4822,-15.0656 ,52.1209,-15.2507  ,51.82  ,-15.4152  ,51.4622,-15.6116  ,51.1529,-15.7621   ,50.7871,-15.9367  ,50.4545,-16.0854  ,50.1139,-16.2314    ,49.751 ,-16.3784  ,49.4056,-16.4652  ,53.2138,-14.7785  ,53.0167,-15.2228   ,52.6604,-15.4219  ,52.2988,-15.6343  ,51.9918,-15.8213  ,51.6236,-16.0241   ,51.3046,-16.1599   ,50.9584,-16.3306  ,50.6343,-16.461    ,50.2707,-16.5746  ,49.8778,-16.6655  ,49.4056,-16.4652  ,49.7463,-16.0456  ,50.0729,-15.838   ,50.3875,-15.6615   ,50.7228,-15.4913  ,51.1034,-15.3158  ,51.4048,-15.1448   ,51.7481,-14.9533  ,52.045 ,-14.8129  ,52.4076,-14.656   ,52.7945,-14.5341  ,51.3678,15.6314   ,-0.460892  ,535,114117,51.2355,11.1121,121.882,0
2384,53.2098,-14.7653  ,52.8438,-14.9047   ,52.4655,-15.0673 ,52.1383,-15.2424  ,51.7537,-15.4524  ,51.4218,-15.6298  ,51.1047,-15.8022   ,50.7365,-15.9756  ,50.4153,-16.1139  ,50.0105,-16.2715    ,49.6288,-16.3995  ,49.3097,-16.4482  ,53.2098,-14.7653  ,53.0067,-15.2243   ,52.6439,-15.4153  ,52.3201,-15.6164  ,51.9509,-15.8351  ,51.6367,-16.0181   ,51.3248,-16.188    ,50.9457,-16.3485  ,50.6079,-16.4794   ,50.166 ,-16.6131  ,49.7483,-16.6777  ,49.3097,-16.4482  ,49.6386,-16.0859  ,49.976 ,-15.8832  ,50.3324,-15.7036   ,50.6326,-15.5555  ,50.989 ,-15.3607  ,51.316 ,-15.183    ,51.6673,-15.0115  ,52.0656,-14.8072  ,52.3952,-14.6656  ,52.7861,-14.5433  ,51.3173,15.6586   ,-0.457539  ,541,115758,52.3442,10.9702,123.882,0
2385,53.1416,-14.864   ,52.6979,-14.9798   ,52.3458,-15.1302 ,52.0226,-15.307   ,51.6481,-15.5067  ,51.3241,-15.6871  ,50.9575,-15.8806   ,50.5891,-16.0437  ,50.2641,-16.1751  ,49.867 ,-16.3295    ,49.5023,-16.4703  ,49.1414,-16.5592  ,53.1416,-14.864   ,52.8412,-15.3125   ,52.5155,-15.4937  ,52.1987,-15.6774  ,51.8319,-15.8994  ,51.5191,-16.0861   ,51.1642,-16.2692   ,50.7824,-16.4231  ,50.4312,-16.5403   ,49.9969,-16.6718  ,49.6056,-16.7534  ,49.1414,-16.5592  ,49.5219,-16.1435  ,49.8545,-15.941   ,50.2063,-15.7664   ,50.503 ,-15.6199  ,50.8538,-15.4404  ,51.2369,-15.2293   ,51.5717,-15.0562  ,51.9527,-14.8765  ,52.2876,-14.7116  ,52.6793,-14.6076  ,51.2265,15.7032   ,-0.455723  ,550,117980,53.5084,11.0644,125.882,0
2386,52.9879,-14.8067  ,52.5851,-15.0145   ,52.2614,-15.1851 ,51.8809,-15.3768  ,51.5547,-15.5473  ,51.177 ,-15.7455  ,50.8501,-15.913    ,50.4797,-16.0778  ,50.1083,-16.253   ,49.7719,-16.4122    ,49.4055,-16.5696  ,49.0523,-16.7003  ,52.9879,-14.8067  ,52.7974,-15.3171   ,52.4804,-15.5288  ,52.0902,-15.7449  ,51.7635,-15.9254  ,51.3852,-16.1379   ,51.0541,-16.3129   ,50.6762,-16.4731  ,50.293 ,-16.6154   ,49.9461,-16.7359  ,49.5604,-16.8333  ,49.0523,-16.7003  ,49.375 ,-16.254   ,49.7136,-16.0358  ,50.032 ,-15.8381   ,50.3869,-15.6358  ,50.7551,-15.4616  ,51.0773,-15.2958   ,51.454 ,-15.1126  ,51.7817,-14.9539  ,52.1488,-14.7848  ,52.483 ,-14.6558  ,51.109 ,15.762    ,-0.462929  ,567,120691,53.6075,11.0657,127.296,0
2387,52.9513,-14.8671  ,52.5529,-15.031    ,52.1964,-15.2105 ,51.8007,-15.415   ,51.4849,-15.5834  ,51.1185,-15.7713  ,50.7545,-15.9417   ,50.3393,-16.1388  ,50.0238,-16.303   ,49.6238,-16.5074    ,49.2335,-16.6756  ,48.9038,-16.7819  ,52.9513,-14.8671  ,52.7457,-15.3064   ,52.4033,-15.5519  ,51.9865,-15.8004  ,51.6586,-15.9888  ,51.2827,-16.1935   ,50.9061,-16.3572   ,50.4856,-16.5467  ,50.167 ,-16.6871   ,49.7716,-16.8463  ,49.3564,-16.934   ,48.9038,-16.7819  ,49.2424,-16.3654  ,49.5989,-16.1087  ,49.9859,-15.8622   ,50.2988,-15.681   ,50.705 ,-15.4768  ,51.0603,-15.2997   ,51.4148,-15.1213  ,51.7249,-14.973   ,52.1043,-14.807   ,52.4843,-14.6972  ,50.9823,15.8274   ,-0.470336  ,570,121216,54.9894,11.2971,128.125,0
2388,52.7958,-15.0073  ,52.3891,-15.1276   ,52.0294,-15.29   ,51.6589,-15.4868  ,51.3511,-15.6565  ,50.9768,-15.8429  ,50.6012,-16.0198   ,50.236 ,-16.1958  ,49.9201,-16.3599  ,49.5385,-16.5602    ,49.1747,-16.7074  ,48.8175,-16.7605  ,52.7958,-15.0073  ,52.5558,-15.4212   ,52.221 ,-15.6537  ,51.8464,-15.8769  ,51.5338,-16.0631  ,51.1437,-16.263    ,50.7418,-16.4442   ,50.3694,-16.609   ,50.0494,-16.7463   ,49.6707,-16.9136  ,49.2895,-16.9985  ,48.8175,-16.7605  ,49.1843,-16.3765  ,49.5208,-16.1499  ,49.8951,-15.9176   ,50.2087,-15.7308  ,50.5651,-15.546   ,50.9187,-15.3704   ,51.2723,-15.1934  ,51.5738,-15.0402  ,51.9508,-14.8713  ,52.3487,-14.7874  ,50.8615,15.8909   ,-0.473608  ,562,120084,53.6142,11.2892,126.125,0
2389,52.5601,-15.0539  ,52.191 ,-15.2111   ,51.8533,-15.3931 ,51.4924,-15.5991  ,51.1868,-15.7664  ,50.8185,-15.9321  ,50.4992,-16.0696   ,50.142 ,-16.261   ,49.8264,-16.4263  ,49.4954,-16.5956    ,49.1078,-16.7918  ,48.8105,-16.9274  ,52.5601,-15.0539  ,52.3998,-15.4973   ,52.0745,-15.7356  ,51.6945,-15.9675  ,51.3837,-16.1532  ,51.0234,-16.3315   ,50.699 ,-16.4634   ,50.344 ,-16.6365  ,50.032 ,-16.7791   ,49.698 ,-16.911   ,49.2887,-17.053   ,48.8105,-16.9274  ,49.0325,-16.4752  ,49.4053,-16.2236  ,49.7287,-16.0185   ,50.0426,-15.8287  ,50.4027,-15.6265  ,50.7222,-15.4892   ,51.0919,-15.3262  ,51.3922,-15.1743  ,51.7393,-14.9878  ,52.1013,-14.867   ,50.7386,15.9628   ,-0.475168  ,537,116430,51.4571,10.9713,122.711,0
2390,52.399 ,-15.1516  ,52.0469,-15.2977   ,51.7044,-15.4792 ,51.3559,-15.6818  ,51.0615,-15.8349  ,50.699 ,-16.0006  ,50.3426,-16.1686   ,50.0426,-16.3182  ,49.6932,-16.5005  ,49.3797,-16.6638    ,49.0439,-16.8759  ,48.7618,-17.0534  ,52.399 ,-15.1516  ,52.2358,-15.5873   ,51.9306,-15.8312  ,51.5641,-16.0651  ,51.2572,-16.2338  ,50.8964,-16.4051   ,50.5559,-16.5651   ,50.2511,-16.692   ,49.8991,-16.8445   ,49.5794,-16.9639  ,49.2247,-17.1144  ,48.7618,-17.0534  ,48.9512,-16.5771  ,49.284 ,-16.307   ,49.59  ,-16.1039   ,49.9327,-15.8939  ,50.2303,-15.7235  ,50.605 ,-15.5482   ,50.9667,-15.3865  ,51.2436,-15.2448  ,51.5866,-15.0656  ,51.9733,-14.9569  ,50.6346,16.0288   ,-0.484254  ,530,114309,50.4093,11.1009,120.711,0
2391,52.2857,-15.0609  ,51.9305,-15.3086   ,51.6647,-15.4982 ,51.3081,-15.7265  ,50.978 ,-15.8931  ,50.6499,-16.0545  ,50.2996,-16.2115   ,49.9487,-16.3816  ,49.6421,-16.5321  ,49.2693,-16.737     ,48.9628,-16.9372  ,48.6776,-17.116   ,52.2857,-15.0609  ,52.1342,-15.5743   ,51.8776,-15.8493  ,51.4961,-16.139   ,51.1523,-16.3175  ,50.8206,-16.4801   ,50.4703,-16.6351   ,50.1172,-16.7884  ,49.8025,-16.9114   ,49.4196,-17.0449  ,49.1056,-17.15    ,48.6776,-17.116   ,48.9181,-16.6606  ,49.2256,-16.3646  ,49.5864,-16.101    ,49.8792,-15.9257  ,50.232 ,-15.7427  ,50.5744,-15.583    ,50.8967,-15.4232  ,51.2179,-15.259   ,51.5584,-15.0714  ,51.8292,-14.9693  ,50.566 ,16.0781   ,-0.491407  ,527,112423,51.0549,11.4096,120.368,0
2392,52.3037,-15.1689  ,51.9599,-15.3084   ,51.6368,-15.5096 ,51.3203,-15.719   ,51.0236,-15.9044  ,50.6929,-16.0764  ,50.348 ,-16.2269   ,49.9826,-16.3933  ,49.6558,-16.5558  ,49.3337,-16.7321    ,49.042 ,-16.9199  ,48.7405,-17.1156  ,52.3037,-15.1689  ,52.1139,-15.6124   ,51.7978,-15.8899  ,51.4668,-16.1371  ,51.1638,-16.3365  ,50.8355,-16.5163   ,50.5043,-16.6708   ,50.1515,-16.812   ,49.8382,-16.926    ,49.5193,-17.0382  ,49.2153,-17.1553  ,48.7405,-17.1156  ,48.9606,-16.6219  ,49.2526,-16.3653  ,49.5829,-16.1292   ,49.9202,-15.9232  ,50.2939,-15.7409  ,50.6448,-15.5908   ,50.9799,-15.4156  ,51.2759,-15.234   ,51.5855,-15.0567  ,51.9076,-14.9539  ,50.5582,16.1032   ,-0.500753  ,519,110400,49.9279,11.6934,118.368,0
2393,52.3202,-15.2272  ,51.9532,-15.3461   ,51.5596,-15.4991 ,51.2451,-15.7049  ,50.9868,-15.8917  ,50.642 ,-16.1057  ,50.2966,-16.2762   ,49.9483,-16.4275  ,49.6476,-16.5747  ,49.286 ,-16.7808    ,48.9885,-16.968   ,48.6875,-17.1521  ,52.3202,-15.2272  ,52.1281,-15.6425   ,51.7722,-15.8444  ,51.4318,-16.0859  ,51.1526,-16.3041  ,50.8013,-16.5339   ,50.4718,-16.6951   ,50.1188,-16.8401  ,49.8106,-16.9634   ,49.4522,-17.1108  ,49.1476,-17.2223  ,48.6875,-17.1521  ,48.9239,-16.6532  ,49.2235,-16.3891  ,49.5866,-16.1328   ,49.8763,-15.9706  ,50.2216,-15.8124  ,50.5795,-15.6245   ,50.9229,-15.4073  ,51.1627,-15.2486  ,51.4548,-15.0979  ,51.8892,-15.0181  ,50.5176,16.1251   ,-0.512495  ,524,111505,50.6592,11.4799,119.539,0
2394,52.3221,-15.2346  ,51.9241,-15.349    ,51.5812,-15.4801 ,51.2264,-15.6866  ,50.9183,-15.8896  ,50.6036,-16.1038  ,50.2485,-16.3185   ,49.8983,-16.4852  ,49.5426,-16.6652  ,49.2202,-16.8407    ,48.8924,-17.0571  ,48.6048,-17.2519  ,52.3221,-15.2346  ,52.0923,-15.6481   ,51.7882,-15.8189  ,51.4234,-16.051   ,51.1075,-16.2722  ,50.7886,-16.5022   ,50.4365,-16.7158   ,50.0838,-16.8721  ,49.7257,-17.025    ,49.4104,-17.1547  ,49.0799,-17.281   ,48.6048,-17.2519  ,48.8105,-16.7589  ,49.1405,-16.4623  ,49.4619,-16.2529   ,49.8147,-16.0504  ,50.1593,-15.8694  ,50.5234,-15.6341   ,50.8334,-15.4365  ,51.1298,-15.2596  ,51.482 ,-15.09    ,51.8739,-15.0181  ,50.4667,16.1539   ,-0.524676  ,530,113562,52.1412,11.133 ,121.539,0
2395,52.2501,-15.2893  ,51.8695,-15.3676   ,51.4864,-15.528  ,51.1889,-15.7111  ,50.8319,-15.9352  ,50.5203,-16.1298  ,50.1721,-16.3429   ,49.8798,-16.5181  ,49.5363,-16.7038  ,49.1757,-16.8949    ,48.8621,-17.0988  ,48.5566,-17.2923  ,52.2501,-15.2893  ,52.0038,-15.6912   ,51.654 ,-15.888   ,51.3406,-16.104   ,50.9832,-16.3481  ,50.6832,-16.541    ,50.3389,-16.7482   ,50.0503,-16.9078  ,49.7122,-17.068    ,49.3523,-17.2164  ,49.0418,-17.3434  ,48.5566,-17.2923  ,48.7837,-16.7845  ,49.104 ,-16.5117  ,49.4604,-16.2898   ,49.8063,-16.0717  ,50.1035,-15.8769  ,50.4596,-15.6554   ,50.785 ,-15.4573  ,51.136 ,-15.2561  ,51.4216,-15.1114  ,51.8494,-15.0156  ,50.4262,16.1776   ,-0.53579   ,533,114592,51.8434,11.2022,122.368,0
2396,52.2392,-15.2344  ,51.813 ,-15.3773   ,51.4965,-15.5148 ,51.1519,-15.7198  ,50.7987,-15.9435  ,50.4842,-16.1448  ,50.1174,-16.3713   ,49.7726,-16.5672  ,49.4283,-16.7631  ,49.113 ,-16.9513    ,48.7949,-17.1773  ,48.4862,-17.396   ,52.2392,-15.2344  ,51.9904,-15.6958   ,51.6918,-15.8553  ,51.3278,-16.0907  ,50.9541,-16.36    ,50.6433,-16.566    ,50.2921,-16.7759   ,49.95  ,-16.9571  ,49.6122,-17.1251   ,49.3106,-17.2636  ,49.0008,-17.4035  ,48.4862,-17.396   ,48.6906,-16.8728  ,49.0238,-16.5716  ,49.3448,-16.3435   ,49.6923,-16.1226  ,50.0452,-15.9046  ,50.4307,-15.6577   ,50.7461,-15.4609  ,51.0747,-15.288   ,51.402 ,-15.1218  ,51.7465,-15.0225  ,50.3643,16.2134   ,-0.542761  ,547,116697,53.3203,11.4409,124.61 ,0
2397,52.1291,-15.264   ,51.7145,-15.4154   ,51.3433,-15.6073 ,51.0393,-15.7875  ,50.6796,-16.0139  ,50.3218,-16.2349  ,49.9724,-16.4331   ,49.6664,-16.6184  ,49.2826,-16.8875  ,48.995 ,-17.0815    ,48.6408,-17.3027  ,48.3111,-17.4847  ,52.1291,-15.264   ,51.8851,-15.7333   ,51.5113,-15.9706  ,51.1912,-16.1812  ,50.8148,-16.4452  ,50.4474,-16.6823   ,50.0933,-16.884    ,49.7879,-17.0649  ,49.4277,-17.2951   ,49.1689,-17.4254  ,48.8211,-17.5472  ,48.3111,-17.4847  ,48.5773,-16.9875  ,48.9382,-16.6613  ,49.2499,-16.4011   ,49.6501,-16.1021  ,49.9505,-15.9285  ,50.2975,-15.7265   ,50.648 ,-15.5157  ,50.9886,-15.3326  ,51.2782,-15.1855  ,51.6517,-15.0508  ,50.2398,16.2949   ,-0.559942  ,566,119484,54.3174,11.9296,126.024,0
2398,51.9649,-15.2617  ,51.5677,-15.489    ,51.2436,-15.6633 ,50.8861,-15.8834  ,50.5381,-16.0967  ,50.1924,-16.3039  ,49.8453,-16.5181   ,49.4905,-16.7453  ,49.1585,-16.976   ,48.8613,-17.1874    ,48.5116,-17.4431  ,48.2293,-17.6502  ,51.9649,-15.2617  ,51.764 ,-15.7775   ,51.4439,-16.0123  ,51.0585,-16.2834  ,50.6971,-16.5154  ,50.3472,-16.7248   ,49.9928,-16.9495   ,49.6412,-17.1673  ,49.3276,-17.3616   ,49.0488,-17.5151  ,48.7058,-17.6698  ,48.2293,-17.6502  ,48.4281,-17.1348  ,48.794 ,-16.7727  ,49.1045,-16.5091   ,49.4442,-16.2535  ,49.7971,-16.0243  ,50.1366,-15.8229   ,50.478 ,-15.618   ,50.8142,-15.4206  ,51.1489,-15.2528  ,51.4793,-15.1467  ,50.1108,16.3793   ,-0.569406  ,564,120065,54.4382,11.5981,126.267,0
2399,51.7812,-15.3043  ,51.4475,-15.5499   ,51.0779,-15.7689 ,50.7716,-15.9582  ,50.4306,-16.1644  ,50.0905,-16.3723  ,49.7503,-16.579    ,49.4013,-16.8062  ,49.0905,-17.022   ,48.7262,-17.2746    ,48.4168,-17.4839  ,48.093 ,-17.6458  ,51.7812,-15.3043  ,51.6635,-15.8061   ,51.303 ,-16.1013  ,50.9753,-16.3257  ,50.6088,-16.5707  ,50.2529,-16.7984   ,49.9023,-17.008    ,49.5492,-17.2241  ,49.2446,-17.4188   ,48.9041,-17.6099  ,48.6007,-17.7493  ,48.093 ,-17.6458  ,48.3352,-17.1531  ,48.6517,-16.8671  ,49.0408,-16.553    ,49.3552,-16.3191  ,49.6961,-16.0891  ,50.0249,-15.8886   ,50.3496,-15.699   ,50.6673,-15.53    ,50.9586,-15.3723  ,51.3326,-15.231   ,49.9796,16.4625   ,-0.57147   ,558,118794,53.652 ,11.5496,124.853,0
2400,51.6415,-15.3995  ,51.3145,-15.6176   ,50.9599,-15.8575 ,50.6687,-16.0351  ,50.3262,-16.2356  ,49.99  ,-16.439   ,49.6623,-16.636    ,49.3219,-16.8617  ,49.0171,-17.0768  ,48.7146,-17.2916    ,48.3812,-17.5292  ,48.0938,-17.6898  ,51.6415,-15.3995  ,51.5164,-15.873    ,51.1521,-16.2268  ,50.8349,-16.441   ,50.49  ,-16.6516  ,50.15  ,-16.872    ,49.8181,-17.0647   ,49.4829,-17.2665  ,49.1939,-17.4479   ,48.9168,-17.6026  ,48.586 ,-17.7656  ,48.0938,-17.6898  ,48.2682,-17.2296  ,48.6115,-16.9096  ,48.9425,-16.6336   ,49.2608,-16.3875  ,49.6007,-16.1498  ,49.9243,-15.9491   ,50.2606,-15.7612  ,50.5993,-15.5729  ,50.8664,-15.4227  ,51.2152,-15.295   ,49.9239,16.5042   ,-0.575552  ,549,117899,51.8351,11.6514,122.024,0
2401,51.666 ,-15.5026  ,51.2593,-15.6855   ,50.9145,-15.8742 ,50.5579,-16.096   ,50.2242,-16.3012  ,49.8919,-16.5     ,49.5539,-16.7119   ,49.1999,-16.9529  ,48.8784,-17.187   ,48.5476,-17.4238    ,48.2335,-17.6299  ,47.9118,-17.8439  ,51.666 ,-15.5026  ,51.4442,-15.9555   ,51.1295,-16.2211  ,50.7505,-16.4938  ,50.4015,-16.71    ,50.0633,-16.9121   ,49.72  ,-17.1307   ,49.3815,-17.3385  ,49.0911,-17.5145   ,48.7773,-17.6852  ,48.4285,-17.8204  ,47.9118,-17.8439  ,48.1388,-17.3757  ,48.4277,-17.087   ,48.7747,-16.7794   ,49.1222,-16.4935  ,49.4857,-16.2296  ,49.8158,-16.0302   ,50.1415,-15.8354  ,50.4626,-15.6365  ,50.8099,-15.4635  ,51.1899,-15.3614  ,49.8382,16.5618   ,-0.581526  ,544,116545,54.3551,11.4181,125.439,0
2402,51.5404,-15.4639  ,51.1669,-15.6852   ,50.8438,-15.9023 ,50.5365,-16.1218  ,50.2054,-16.3248  ,49.8355,-16.54    ,49.5043,-16.7479   ,49.2046,-16.9582  ,48.893 ,-17.183   ,48.5348,-17.4393    ,48.2044,-17.6624  ,47.9154,-17.8505  ,51.5404,-15.4639  ,51.3592,-15.9533   ,51.045 ,-16.2603  ,50.7081,-16.5283  ,50.3503,-16.7604  ,49.9694,-16.9832   ,49.6314,-17.1944   ,49.3367,-17.3904  ,49.0489,-17.5682   ,48.7246,-17.7366  ,48.3783,-17.869   ,47.9154,-17.8505  ,48.1204,-17.397   ,48.4449,-17.0716  ,48.8414,-16.7227   ,49.1745,-16.4526  ,49.474 ,-16.2368  ,49.7942,-16.0426   ,50.1528,-15.8367  ,50.4642,-15.6466  ,50.7488,-15.4689  ,51.0822,-15.3477  ,49.7851,16.5974   ,-0.592733  ,538,114072,53.2671,11.9025,122.853,0
2403,51.5191,-15.4553  ,51.1717,-15.6758   ,50.8597,-15.8906 ,50.5112,-16.1354  ,50.1836,-16.345   ,49.8617,-16.5409  ,49.5337,-16.7547   ,49.246 ,-16.9489  ,48.9022,-17.178   ,48.5571,-17.4179    ,48.2775,-17.6178  ,47.959 ,-17.8182  ,51.5191,-15.4553  ,51.3743,-15.9342   ,51.0735,-16.2297  ,50.6973,-16.5148  ,50.346 ,-16.7473  ,50.0055,-16.9717   ,49.664 ,-17.2008   ,49.3732,-17.3906  ,49.0464,-17.5725   ,48.7283,-17.7352  ,48.4511,-17.8673  ,47.959 ,-17.8182  ,48.1938,-17.3052  ,48.483 ,-17.0314  ,48.8572,-16.717    ,49.2156,-16.4417  ,49.4981,-16.2454  ,49.8103,-16.0525   ,50.1135,-15.8859  ,50.4213,-15.6913  ,50.7493,-15.4779  ,51.0712,-15.351   ,49.7767,16.6096   ,-0.592029  ,533,112699,52.4255,11.8925,122.267,0
2404,51.4852,-15.5451  ,51.1354,-15.7168   ,50.7931,-15.9081 ,50.4494,-16.1472  ,50.1542,-16.3596  ,49.8661,-16.5559  ,49.5353,-16.7741   ,49.2078,-16.9806  ,48.8717,-17.1932  ,48.5758,-17.3963    ,48.2372,-17.6332  ,47.9407,-17.7991  ,51.4852,-15.5451  ,51.3288,-16.0299   ,50.992 ,-16.2585  ,50.6182,-16.5338  ,50.2975,-16.7813  ,49.9935,-16.9948   ,49.6495,-17.2241   ,49.3163,-17.4266  ,48.9934,-17.5987   ,48.7214,-17.7389  ,48.3971,-17.8877  ,47.9407,-17.7991  ,48.1713,-17.3168  ,48.5287,-16.9841  ,48.8479,-16.7239   ,49.1934,-16.4759  ,49.5147,-16.2644  ,49.8341,-16.0527   ,50.1086,-15.8689  ,50.3792,-15.6897  ,50.6919,-15.4957  ,51.0385,-15.3538  ,49.7555,16.621    ,-0.594164  ,531,113122,51.5941,11.8855,121.439,0
2405,51.4925,-15.5608  ,51.1306,-15.7111   ,50.7806,-15.9063 ,50.4295,-16.1537  ,50.1283,-16.3734  ,49.8348,-16.5768  ,49.5028,-16.7884   ,49.1681,-17.0021  ,48.8705,-17.2052  ,48.5136,-17.4691    ,48.2619,-17.6748  ,47.9714,-17.9308  ,51.4925,-15.5608  ,51.3119,-16.0233   ,50.9743,-16.2485  ,50.5972,-16.5337  ,50.2748,-16.7879  ,49.9691,-17.0121   ,49.6355,-17.2192   ,49.3062,-17.4163  ,49.0203,-17.6      ,48.6946,-17.7934  ,48.4575,-17.911   ,47.9714,-17.9308  ,48.1645,-17.3563  ,48.4352,-17.0648  ,48.8211,-16.7402   ,49.1272,-16.5239  ,49.4647,-16.298   ,49.7968,-16.0774   ,50.0815,-15.8869  ,50.3625,-15.7003  ,50.6872,-15.4986  ,51.0477,-15.355   ,49.7092,16.6504   ,-0.600273  ,538,114837,52.2453,11.6565,122.024,0
2406,51.4752,-15.5816  ,51.0923,-15.7288   ,50.7365,-15.9404 ,50.4343,-16.1509  ,50.087 ,-16.3921  ,49.7948,-16.5892  ,49.4569,-16.8105   ,49.159 ,-17.0154  ,48.7969,-17.2789  ,48.4808,-17.5116    ,48.2167,-17.7076  ,47.905 ,-17.9363  ,51.4752,-15.5816  ,51.2587,-16.0444   ,50.9075,-16.3017  ,50.5827,-16.5475  ,50.2135,-16.8276  ,49.9173,-17.0326   ,49.582 ,-17.2485   ,49.2926,-17.4351  ,48.9493,-17.6745   ,48.6646,-17.8501  ,48.4189,-17.9644  ,47.905 ,-17.9363  ,48.1185,-17.3735  ,48.4032,-17.0949  ,48.7493,-16.8063   ,49.1266,-16.5236  ,49.4291,-16.308   ,49.7689,-16.0817   ,50.0586,-15.8897  ,50.3864,-15.6833  ,50.667 ,-15.511   ,51.0276,-15.3599  ,49.6735,16.6765   ,-0.606513  ,545,115531,52.6147,11.8024,123.924,0
2407,51.4491,-15.645   ,51.0582,-15.7829   ,50.7221,-15.9535 ,50.3673,-16.1851  ,50.0773,-16.3857  ,49.7359,-16.6246  ,49.391 ,-16.8661   ,49.0919,-17.0788  ,48.788 ,-17.3086  ,48.4454,-17.5656    ,48.1471,-17.7625  ,47.8233,-17.9453  ,51.4491,-15.645   ,51.2325,-16.0607   ,50.9255,-16.2918  ,50.5523,-16.5633  ,50.2459,-16.7833  ,49.895 ,-17.0374   ,49.5423,-17.2973   ,49.2469,-17.5063  ,48.9603,-17.702    ,48.6314,-17.9086  ,48.3251,-18.0379  ,47.8233,-17.9453  ,48.0705,-17.424   ,48.3557,-17.1535  ,48.7166,-16.8375   ,49.0375,-16.5783  ,49.3388,-16.3652  ,49.6746,-16.1437   ,50.0054,-15.9208  ,50.2801,-15.7391  ,50.6266,-15.5533  ,50.9961,-15.461   ,49.6176,16.7237   ,-0.613596  ,554,118126,52.8799,11.7004,124.853,0
2408,51.4124,-15.6279  ,51.0165,-15.7931   ,50.6367,-16.0079 ,50.3262,-16.214   ,49.9637,-16.4641  ,49.652 ,-16.6821  ,49.3381,-16.9039   ,48.9749,-17.1611  ,48.6783,-17.3844  ,48.3236,-17.6393    ,47.9671,-17.8367  ,47.6348,-17.9617  ,51.4124,-15.6279  ,51.1974,-16.0881   ,50.8178,-16.3695  ,50.4861,-16.6044  ,50.1061,-16.8879  ,49.7889,-17.1206   ,49.4752,-17.3472   ,49.1132,-17.6049  ,48.8108,-17.8157   ,48.4563,-18.029   ,48.1027,-18.1371  ,47.6348,-17.9617  ,47.9514,-17.4778  ,48.302 ,-17.1779  ,48.6409,-16.8805   ,48.9397,-16.6417  ,49.3054,-16.3876  ,49.6194,-16.1702   ,49.9252,-15.9676  ,50.2695,-15.7536  ,50.5608,-15.5798  ,50.9504,-15.4419  ,49.5423,16.7754   ,-0.61281   ,575,121579,54.7008,12.0043,128.267,0
2409,51.4025,-15.6508  ,50.9725,-15.8095   ,50.6291,-16.013  ,50.2398,-16.2854  ,49.9091,-16.5159  ,49.5799,-16.7427  ,49.2504,-16.9704   ,48.87  ,-17.2412  ,48.5219,-17.5076  ,48.1933,-17.7398    ,47.8264,-17.9356  ,47.4613,-18.0651  ,51.4025,-15.6508  ,51.1671,-16.1041   ,50.8208,-16.3685  ,50.4019,-16.6878  ,50.0616,-16.9386  ,49.7319,-17.1751   ,49.4077,-17.399    ,49.028 ,-17.6636  ,48.6597,-17.9071   ,48.3457,-18.0873  ,47.9859,-18.2077  ,47.4613,-18.0651  ,47.7888,-17.6084  ,48.158 ,-17.3163  ,48.4828,-17.0309   ,48.8183,-16.7409  ,49.203 ,-16.4659  ,49.5376,-16.2352   ,49.8667,-16.0162  ,50.1886,-15.8056  ,50.5493,-15.5827  ,50.8958,-15.4614  ,49.4813,16.8199   ,-0.611483  ,590,124128,57.0158,11.7706,132.51 ,0
2410,51.405 ,-15.5848  ,50.9972,-15.7913   ,50.6494,-16.0091 ,50.2573,-16.2829  ,49.929 ,-16.5101  ,49.6017,-16.7364  ,49.2228,-16.993    ,48.8987,-17.2092  ,48.515 ,-17.4685  ,48.1746,-17.6881    ,47.7628,-17.8963  ,47.3988,-17.9451  ,51.405 ,-15.5848  ,51.1818,-16.0669   ,50.8189,-16.3774  ,50.3852,-16.7097  ,50.0396,-16.9554  ,49.6994,-17.1983   ,49.3103,-17.4638   ,48.9836,-17.6747  ,48.6107,-17.9011   ,48.2872,-18.0706  ,47.8735,-18.215   ,47.3988,-17.9451  ,47.77  ,-17.5297  ,48.1773,-17.2366  ,48.531 ,-16.9585   ,48.9215,-16.6734  ,49.2436,-16.449   ,49.6127,-16.2      ,49.9276,-15.9893  ,50.24  ,-15.7789  ,50.594 ,-15.5635  ,50.9284,-15.4465  ,49.4397,16.8343   ,-0.59648   ,595,125237,57.5415,12.4726,133.338,0
2411,51.3937,-15.6887  ,50.9387,-15.8361   ,50.5777,-16.0632 ,50.2324,-16.3082  ,49.8962,-16.5359  ,49.559 ,-16.7695  ,49.1681,-17.0354   ,48.8385,-17.2479  ,48.4441,-17.5058  ,48.0895,-17.7289    ,47.7262,-17.9042  ,47.3423,-18.0115  ,51.3937,-15.6887  ,51.1161,-16.1492   ,50.7411,-16.4425  ,50.3635,-16.7329  ,50.0138,-16.9811  ,49.6716,-17.225    ,49.2782,-17.4964   ,48.9569,-17.6906  ,48.5853,-17.8945   ,48.2444,-18.0685  ,47.8794,-18.1997  ,47.3423,-18.0115  ,47.6959,-17.5591  ,48.0534,-17.3193  ,48.4188,-17.0395   ,48.8296,-16.7363  ,49.1686,-16.5012  ,49.559 ,-16.2354   ,49.8902,-16.0152  ,50.2149,-15.8043  ,50.532 ,-15.6007  ,50.885 ,-15.466   ,49.4175,16.8474   ,-0.589608  ,602,126593,57.7043,12.2799,133.924,0
2412,51.2148,-15.7063  ,50.7776,-15.9326   ,50.4246,-16.1624 ,50.0936,-16.3866  ,49.77  ,-16.6056  ,49.3939,-16.8621  ,49.0172,-17.119    ,48.6904,-17.3445  ,48.3605,-17.5625  ,47.9698,-17.7857    ,47.5505,-17.9775  ,47.2044,-18.0857  ,51.2148,-15.7063  ,50.9828,-16.2483   ,50.6075,-16.557   ,50.2432,-16.8163  ,49.9048,-17.0514  ,49.5201,-17.3221   ,49.144 ,-17.5735   ,48.8282,-17.77    ,48.5105,-17.9516   ,48.1265,-18.1221  ,47.693 ,-18.234   ,47.2044,-18.0857  ,47.5295,-17.6742  ,47.9271,-17.3871  ,48.3205,-17.1054   ,48.6622,-16.8437  ,48.9988,-16.5898  ,49.3748,-16.3296   ,49.7432,-16.0859  ,50.0524,-15.8847  ,50.3559,-15.6894  ,50.693 ,-15.5482  ,49.3216,16.8997   ,-0.588539  ,604,126962,57.4258,12.302 ,133.095,0
2413,51.0166,-15.7601  ,50.6542,-15.9922   ,50.286 ,-16.2278 ,49.9664,-16.4518  ,49.5918,-16.7218  ,49.2732,-16.9486  ,48.9082,-17.1981   ,48.5932,-17.4151  ,48.2208,-17.6541  ,47.8371,-17.8556    ,47.4861,-17.9933  ,47.093 ,-18.1043  ,51.0166,-15.7601  ,50.876 ,-16.2777   ,50.5242,-16.5689  ,50.1788,-16.8232  ,49.773 ,-17.1324  ,49.4331,-17.3887   ,49.0637,-17.6298   ,48.7581,-17.8123  ,48.3923,-18.0086   ,48.0007,-18.1588  ,47.6211,-18.2294  ,47.093 ,-18.1043  ,47.4686,-17.7178  ,47.7871,-17.4995  ,48.1563,-17.2364   ,48.5339,-16.9447  ,48.857 ,-16.6948  ,49.2184,-16.4351   ,49.5176,-16.2342  ,49.8609,-16.004   ,50.1537,-15.816   ,50.5344,-15.6431  ,49.2141,16.9617   ,-0.589221  ,577,121030,56.3855,11.9885,132.51 ,0
2414,50.7938,-15.9094  ,50.4197,-16.1456   ,50.1016,-16.3641 ,49.7956,-16.5781  ,49.4969,-16.7839  ,49.1475,-17.0327  ,48.8508,-17.241    ,48.507 ,-17.4731  ,48.1562,-17.6863  ,47.8455,-17.8458    ,47.4659,-17.982   ,47.1113,-18.068   ,50.7938,-15.9094  ,50.627 ,-16.4337   ,50.3089,-16.7336  ,49.9682,-16.994   ,49.6418,-17.2317  ,49.2784,-17.4957   ,48.9824,-17.6932   ,48.6489,-17.8901  ,48.3076,-18.0467   ,47.9909,-18.1615  ,47.5765,-18.2276  ,47.1113,-18.068   ,47.4634,-17.7051  ,47.8062,-17.4818  ,48.1061,-17.2677   ,48.4635,-16.9919  ,48.8175,-16.7207  ,49.1163,-16.4982   ,49.4513,-16.2671  ,49.7236,-16.0924  ,49.999 ,-15.9205  ,50.3174,-15.791   ,49.1103,17.0314   ,-0.585942  ,546,114954,52.7299,12.3944,124.024,0
2415,50.6079,-15.9496  ,50.3233,-16.1953   ,49.992 ,-16.4351 ,49.7013,-16.6367  ,49.412 ,-16.8376  ,49.0769,-17.0723  ,48.7964,-17.2625   ,48.4743,-17.4729  ,48.1906,-17.65    ,47.8328,-17.8423    ,47.5095,-17.9632  ,47.1687,-18.0279  ,50.6079,-15.9496  ,50.553 ,-16.4507   ,50.2126,-16.7918  ,49.8899,-17.035   ,49.5733,-17.2661  ,49.2133,-17.5343   ,48.9236,-17.7287   ,48.6042,-17.9168  ,48.3312,-18.0521   ,47.9726,-18.1811  ,47.6218,-18.2291  ,47.1687,-18.0279  ,47.5044,-17.6656  ,47.7987,-17.4533  ,48.1471,-17.1893   ,48.4367,-16.9697  ,48.7616,-16.7347  ,49.0356,-16.5436   ,49.3469,-16.3423  ,49.6097,-16.1715  ,49.8678,-16.0108  ,50.1822,-15.8719  ,49.0225,17.0841   ,-0.584604  ,525,110614,49.7724,12.351 ,119.196,0
2416,50.6785,-16.0915  ,50.3002,-16.2591   ,49.991 ,-16.4275 ,49.6914,-16.6329  ,49.3939,-16.8512  ,49.0495,-17.1015  ,48.7653,-17.2921   ,48.441 ,-17.4944  ,48.1046,-17.6961  ,47.7938,-17.8537    ,47.4665,-17.9745  ,47.1118,-18.0784  ,50.6785,-16.0915  ,50.4938,-16.5525   ,50.2054,-16.768   ,49.8832,-17.011   ,49.5575,-17.269   ,49.1876,-17.5601   ,48.8942,-17.7627   ,48.5787,-17.9326  ,48.2561,-18.0821   ,47.9413,-18.1871  ,47.5866,-18.2319  ,47.1118,-18.0784  ,47.4552,-17.6832  ,47.7529,-17.4714  ,48.0524,-17.2536   ,48.3963,-16.9983  ,48.7298,-16.7616  ,49.0085,-16.5745   ,49.3296,-16.3601  ,49.5985,-16.184   ,49.8786,-16.024   ,50.2085,-15.9224  ,48.9717,17.1181   ,-0.577332  ,517,108917,50.3861,12.4423,117.782,0
2417,50.6653,-16.0844  ,50.3294,-16.2511   ,49.9759,-16.441  ,49.6826,-16.6303  ,49.336 ,-16.8759  ,49.0324,-17.0999  ,48.7321,-17.3171   ,48.4408,-17.5117  ,48.1419,-17.6951  ,47.7668,-17.8719    ,47.4282,-17.9685  ,47.0833,-18.017   ,50.6653,-16.0844  ,50.5192,-16.5357   ,50.1948,-16.7885  ,49.887 ,-16.9964  ,49.5184,-17.2686  ,49.1948,-17.5245   ,48.8826,-17.7587   ,48.5958,-17.9331  ,48.2988,-18.0888   ,47.9036,-18.2129  ,47.5224,-18.2294  ,47.0833,-18.017   ,47.4447,-17.6839  ,47.7418,-17.487   ,48.0869,-17.2436   ,48.3828,-17.0269  ,48.6802,-16.8065  ,48.9712,-16.6004   ,49.2541,-16.4096  ,49.5754,-16.1991  ,49.8566,-16.034   ,50.2386,-15.9201  ,48.9609,17.1261   ,-0.576213  ,517,109285,50.4761,11.9389,118.368,0
2418,50.6574,-16.0717  ,50.302 ,-16.2772   ,49.9577,-16.4815 ,49.6637,-16.6733  ,49.3216,-16.9023  ,49.021 ,-17.1203  ,48.7211,-17.338    ,48.4306,-17.5328  ,48.0878,-17.7362  ,47.7105,-17.8961    ,47.3543,-17.9961  ,47.0242,-18.0668  ,50.6574,-16.0717  ,50.5034,-16.5536   ,50.1778,-16.8198  ,49.8701,-17.0384  ,49.5095,-17.3051  ,49.2033,-17.5356   ,48.9067,-17.7471   ,48.6295,-17.9128  ,48.2924,-18.0928   ,47.8879,-18.2189  ,47.4743,-18.2521  ,47.0242,-18.0668  ,47.3525,-17.7117  ,47.6477,-17.5328  ,47.9835,-17.3274   ,48.328 ,-17.0898  ,48.6342,-16.8594  ,48.9397,-16.6306   ,49.2326,-16.4305  ,49.5546,-16.2451  ,49.8365,-16.0808  ,50.1945,-15.9474  ,48.9265,17.1574   ,-0.564266  ,523,111265,51.292 ,11.5602,118.953,0
2419,50.6266,-16.1009  ,50.2649,-16.3039   ,49.9514,-16.4925 ,49.6375,-16.7018  ,49.3286,-16.9137  ,49.0224,-17.1234  ,48.7149,-17.3366   ,48.4153,-17.5287  ,48.072 ,-17.7333  ,47.7631,-17.8822    ,47.3613,-17.9895  ,47.0384,-17.9829  ,50.6266,-16.1009  ,50.4548,-16.5997   ,50.1452,-16.8322  ,49.804 ,-17.0892  ,49.4666,-17.3494  ,49.1458,-17.5834   ,48.8366,-17.7916   ,48.5472,-17.946   ,48.214 ,-18.1122   ,47.8943,-18.243   ,47.4464,-18.2973  ,47.0384,-17.9829  ,47.394 ,-17.6644  ,47.7391,-17.476   ,48.0285,-17.3      ,48.3824,-17.0493  ,48.6948,-16.8137  ,49.0017,-16.5916   ,49.2927,-16.4084  ,49.5748,-16.244   ,49.8634,-16.0841  ,50.174 ,-15.9542  ,48.8801,17.1878   ,-0.560069  ,528,112158,50.5094,12.2909,120.61 ,0
2420,50.5982,-16.2628  ,50.2011,-16.3693   ,49.876 ,-16.537  ,49.5152,-16.7809  ,49.2517,-16.974   ,48.9378,-17.2015  ,48.5859,-17.4353   ,48.2939,-17.6076  ,47.9438,-17.7908  ,47.5691,-17.9554    ,47.2324,-18.0739  ,46.8678,-18.1484  ,50.5982,-16.2628  ,50.3493,-16.6737   ,50.035 ,-16.9021  ,49.6475,-17.1971  ,49.3712,-17.4157  ,49.052 ,-17.6598   ,48.7054,-17.8935   ,48.4241,-18.0492  ,48.0803,-18.1959   ,47.6869,-18.321   ,47.3204,-18.3897  ,46.8678,-18.1484  ,47.2554,-17.7237  ,47.5619,-17.5452  ,47.9102,-17.3351   ,48.2605,-17.1119  ,48.5656,-16.9131  ,48.9265,-16.6714   ,49.2381,-16.4536  ,49.487 ,-16.291   ,49.8213,-16.1084  ,50.1673,-16.0167  ,48.7871,17.2453   ,-0.556576  ,543,114201,51.8148,12.22  ,123.782,0
2421,50.4475,-16.2171  ,50.0548,-16.4198   ,49.7328,-16.6241 ,49.404 ,-16.8528  ,49.0727,-17.0948  ,48.7536,-17.311   ,48.3939,-17.5312   ,48.0938,-17.6974  ,47.7364,-17.884   ,47.3536,-18.0601    ,46.9974,-18.1844  ,46.6205,-18.2613  ,50.4475,-16.2171  ,50.2547,-16.7271   ,49.917 ,-16.9843  ,49.5605,-17.253   ,49.2141,-17.519   ,48.8916,-17.7442   ,48.5379,-17.9493   ,48.2444,-18.0958  ,47.889 ,-18.2593   ,47.4905,-18.4062  ,47.1008,-18.4798  ,46.6205,-18.2613  ,47.0132,-17.8528  ,47.3317,-17.6664  ,47.6884,-17.4559   ,48.0431,-17.2445  ,48.3507,-17.0558  ,48.7206,-16.8089   ,49.0404,-16.592   ,49.3584,-16.3728  ,49.6562,-16.1924  ,49.9626,-16.0504  ,48.6566,17.3099   ,-0.546608  ,556,117653,53.6202,11.6606,126.024,0
2422,50.4092,-16.3143  ,49.9828,-16.4818   ,49.6206,-16.7003 ,49.3251,-16.9091  ,48.9843,-17.1594  ,48.6114,-17.4015  ,48.25  ,-17.6053   ,47.8785,-17.8018  ,47.5028,-17.9835  ,47.1565,-18.1425    ,46.7333,-18.2951  ,46.3903,-18.3776  ,50.4092,-16.3143  ,50.1746,-16.7795   ,49.8218,-17.0542  ,49.5164,-17.2896  ,49.1606,-17.5657  ,48.7796,-17.8254   ,48.4244,-18.0115   ,48.0441,-18.2042  ,47.6573,-18.3643   ,47.2961,-18.4795  ,46.8349,-18.5608  ,46.3903,-18.3776  ,46.7511,-17.9929  ,47.1363,-17.753   ,47.4579,-17.5517   ,47.8196,-17.3439  ,48.1796,-17.1424  ,48.5472,-16.9153   ,48.9189,-16.6741  ,49.2505,-16.4431  ,49.5396,-16.2669  ,49.9108,-16.1252  ,48.499 ,17.398    ,-0.532684  ,574,120069,55.7853,11.5198,130.024,0
2423,50.2329,-16.3436  ,49.8271,-16.552    ,49.4881,-16.7793 ,49.1619,-17.0126  ,48.8435,-17.2364  ,48.537 ,-17.4358  ,48.193 ,-17.6315   ,47.8011,-17.8265  ,47.4449,-18.0068  ,47.0675,-18.1738    ,46.7156,-18.2798  ,46.3411,-18.3445  ,50.2329,-16.3436  ,50.0187,-16.8375   ,49.6722,-17.1534  ,49.3214,-17.4309  ,48.996 ,-17.6638  ,48.6961,-17.8496   ,48.3585,-18.0389   ,47.9715,-18.2221  ,47.6134,-18.3699   ,47.2207,-18.5054  ,46.8307,-18.5702  ,46.3411,-18.3445  ,46.7199,-17.959   ,47.0266,-17.8     ,47.3791,-17.5923   ,47.7314,-17.3805  ,48.124 ,-17.1743  ,48.4788,-16.9581   ,48.7956,-16.7376  ,49.1099,-16.5183  ,49.415 ,-16.326   ,49.7489,-16.199   ,48.3792,17.4525   ,-0.526215  ,559,117964,54.149 ,11.6228,125.782,0
2424,50.0947,-16.3701  ,49.7152,-16.5867   ,49.4434,-16.7791 ,49.1222,-17.029   ,48.8128,-17.2571  ,48.4776,-17.4671  ,48.1544,-17.6481   ,47.8302,-17.8141  ,47.4442,-18.0007  ,47.1361,-18.1317    ,46.7541,-18.2587  ,46.4029,-18.3313  ,50.0947,-16.3701  ,49.9289,-16.8381   ,49.6565,-17.1193  ,49.3057,-17.4271  ,48.9799,-17.6748  ,48.644 ,-17.8829   ,48.3275,-18.0548   ,48.0091,-18.2068  ,47.6174,-18.3645   ,47.2909,-18.4712  ,46.8708,-18.554   ,46.4029,-18.3313  ,46.7477,-17.9336  ,47.087 ,-17.7488  ,47.3692,-17.5921   ,47.7457,-17.3738  ,48.0728,-17.1925  ,48.4047,-16.9961   ,48.7459,-16.7703  ,49.0447,-16.5485  ,49.3386,-16.3573  ,49.6098,-16.2658  ,48.3267,17.4773   ,-0.528634  ,535,113926,51.7232,11.4581,120.368,0
2425,49.9248,-16.5107  ,49.5727,-16.6882   ,49.2622,-16.9082 ,48.9486,-17.1556  ,48.646 ,-17.3756  ,48.3158,-17.5717  ,47.9866,-17.7426   ,47.6544,-17.9168  ,47.3128,-18.0688  ,46.9921,-18.188     ,46.5888,-18.3085  ,46.2731,-18.3763  ,49.9248,-16.5107  ,49.7887,-16.962    ,49.5053,-17.2496  ,49.1789,-17.5249  ,48.8608,-17.762   ,48.5282,-17.9583   ,48.1939,-18.1327   ,47.8541,-18.2947  ,47.5006,-18.4324   ,47.1482,-18.5233  ,46.6912,-18.5712  ,46.2731,-18.3763  ,46.6016,-18.0161  ,46.9471,-17.8134  ,47.2265,-17.6651   ,47.5489,-17.4899  ,47.8748,-17.3033  ,48.1961,-17.1352   ,48.5293,-16.9226  ,48.8224,-16.705   ,49.1233,-16.4866  ,49.4584,-16.3514  ,48.2237,17.5421   ,-0.521129  ,528,111441,50.7762,11.0684,118.711,0
2426,49.817 ,-16.4255  ,49.4823,-16.7005   ,49.215 ,-16.9317 ,48.9401,-17.1633  ,48.6273,-17.3973  ,48.2971,-17.5992  ,47.9819,-17.7562   ,47.6066,-17.9419  ,47.2633,-18.1032  ,46.9469,-18.2262    ,46.571 ,-18.3509  ,46.2312,-18.4701  ,49.817 ,-16.4255  ,49.72  ,-16.9153   ,49.4603,-17.2272  ,49.1597,-17.5243  ,48.8131,-17.81    ,48.4716,-18.0243   ,48.1585,-18.177    ,47.7794,-18.3343  ,47.4247,-18.4649   ,47.0793,-18.5532  ,46.6599,-18.6023  ,46.2312,-18.4701  ,46.5852,-18.0673  ,46.9225,-17.86    ,47.2034,-17.6969   ,47.5286,-17.5018  ,47.8964,-17.2914  ,48.2135,-17.1246   ,48.5417,-16.9153  ,48.8294,-16.7131  ,49.0793,-16.5407  ,49.3444,-16.4022  ,48.1715,17.5828   ,-0.523923  ,516,109426,51.1485,11.4802,121.196,0
2427,49.8581,-16.5573  ,49.5249,-16.7396   ,49.209 ,-16.9653 ,48.8854,-17.2182  ,48.6252,-17.4137  ,48.2885,-17.6381  ,47.9695,-17.799    ,47.6049,-17.9667  ,47.2609,-18.1211  ,46.9355,-18.2399    ,46.5625,-18.3555  ,46.2291,-18.4646  ,49.8581,-16.5573  ,49.7276,-17.0043   ,49.4214,-17.3157  ,49.0665,-17.6247  ,48.7867,-17.842   ,48.4471,-18.0684   ,48.1306,-18.2258   ,47.7615,-18.3821  ,47.408 ,-18.512    ,47.0462,-18.5906  ,46.629 ,-18.6238  ,46.2291,-18.4646  ,46.5962,-18.0596  ,46.9355,-17.8521  ,47.2179,-17.6869   ,47.54  ,-17.5075  ,47.8998,-17.3311  ,48.2227,-17.152    ,48.5653,-16.911   ,48.8113,-16.7285  ,49.1042,-16.5325  ,49.4217,-16.413   ,48.1526,17.615    ,-0.521473  ,518,108279,50.6984,11.7367,120.368,0
2428,49.8464,-16.58    ,49.4877,-16.7748   ,49.1894,-16.964  ,48.8795,-17.1861  ,48.5625,-17.4317  ,48.2591,-17.6551  ,47.9343,-17.8429   ,47.613 ,-17.9886  ,47.2819,-18.1318  ,46.9154,-18.2626    ,46.5281,-18.3729  ,46.2149,-18.4655  ,49.8464,-16.58    ,49.6866,-17.0576   ,49.403 ,-17.3063  ,49.0756,-17.5692  ,48.7376,-17.8484  ,48.4315,-18.0738   ,48.1158,-18.2436   ,47.7914,-18.3785  ,47.449 ,-18.5132   ,47.0485,-18.6118  ,46.6152,-18.6299  ,46.2149,-18.4655  ,46.55  ,-18.0879  ,46.8914,-17.8774  ,47.213 ,-17.7108   ,47.5268,-17.5577  ,47.8436,-17.3965  ,48.1841,-17.1696   ,48.4926,-16.9333  ,48.7883,-16.7243  ,49.0771,-16.5539  ,49.3828,-16.4341  ,48.1386,17.6268   ,-0.525777  ,517,108748,50.6359,11.6182,118.953,0
2429,49.8214,-16.595   ,49.4653,-16.7894   ,49.1596,-16.9967 ,48.8447,-17.218   ,48.5398,-17.4401  ,48.1951,-17.6922  ,47.9109,-17.876    ,47.5422,-18.0631  ,47.211 ,-18.2002  ,46.8463,-18.321     ,46.4628,-18.4376  ,46.1323,-18.5674  ,49.8214,-16.595   ,49.6775,-17.0718   ,49.3998,-17.3267  ,49.0942,-17.5639  ,48.7912,-17.7927  ,48.4477,-18.0494   ,48.168 ,-18.2275   ,47.7967,-18.4108  ,47.4555,-18.5355   ,47.0524,-18.6301  ,46.6127,-18.6907  ,46.1323,-18.5674  ,46.4208,-18.1495  ,46.748 ,-17.9788  ,47.0651,-17.8277   ,47.3791,-17.6735  ,47.7473,-17.4685  ,48.0395,-17.2664   ,48.3886,-17.0138  ,48.699 ,-16.7976  ,49.0242,-16.5939  ,49.3479,-16.4464  ,48.089 ,17.6619   ,-0.522301  ,528,111040,51.7136,10.8297,121.782,0
2430,49.8227,-16.5987  ,49.4519,-16.8106   ,49.1428,-17.0134 ,48.8359,-17.2227  ,48.4821,-17.4676  ,48.1839,-17.6712  ,47.8437,-17.8909   ,47.511 ,-18.0715  ,47.1618,-18.2157  ,46.7911,-18.3491    ,46.4006,-18.449   ,46.0565,-18.4976  ,49.8227,-16.5987  ,49.6443,-17.0965   ,49.3409,-17.3573  ,49.0192,-17.597   ,48.657 ,-17.8624  ,48.3605,-18.0709   ,48.0298,-18.2812   ,47.7089,-18.443   ,47.3479,-18.5702   ,46.9412,-18.6778  ,46.5003,-18.7334  ,46.0565,-18.4976  ,46.4129,-18.1434  ,46.7495,-17.9845  ,47.0785,-17.8219   ,47.4089,-17.6543  ,47.7534,-17.442   ,48.1059,-17.2052   ,48.4078,-17.003   ,48.754 ,-16.7792  ,49.0483,-16.5986  ,49.3588,-16.4653  ,48.036 ,17.6865   ,-0.519681  ,528,112029,52.3276,11.0662,122.368,0
2431,49.804 ,-16.7767  ,49.3982,-16.857    ,49.082 ,-17.0338 ,48.7839,-17.2469  ,48.4435,-17.4938  ,48.1611,-17.6846  ,47.8435,-17.8761   ,47.4879,-18.0745  ,47.1641,-18.2348  ,46.8087,-18.3653    ,46.42  ,-18.4611  ,46.0763,-18.5224  ,49.804 ,-16.7767  ,49.5497,-17.1605   ,49.2526,-17.3855  ,48.9403,-17.6318  ,48.5896,-17.9062  ,48.311 ,-18.1049   ,48.0055,-18.294    ,47.6727,-18.466   ,47.3598,-18.601    ,46.98  ,-18.71    ,46.5376,-18.7626  ,46.0763,-18.5224  ,46.4141,-18.1372  ,46.7436,-17.987   ,47.064 ,-17.8267   ,47.3925,-17.634   ,47.771 ,-17.4064  ,48.1039,-17.2042   ,48.3936,-17.0134  ,48.7257,-16.7903  ,49.0138,-16.6135  ,49.355 ,-16.5087  ,47.9741,17.7185   ,-0.522659  ,534,113447,51.223 ,11.3345,123.196,0
2432,49.7669,-16.7444  ,49.3686,-16.8654   ,49.0288,-17.0731 ,48.7013,-17.3093  ,48.3301,-17.5709  ,48.027 ,-17.7611  ,47.628 ,-17.9914   ,47.2614,-18.1765  ,46.9333,-18.3391  ,46.5267,-18.4868    ,46.1682,-18.5955  ,45.7996,-18.7287  ,49.7669,-16.7444  ,49.5395,-17.1613   ,49.206 ,-17.4254  ,48.8552,-17.7018  ,48.4712,-17.9912  ,48.1728,-18.1812   ,47.7837,-18.403    ,47.434 ,-18.5553  ,47.1343,-18.6853   ,46.7141,-18.8074  ,46.3032,-18.8776  ,45.7996,-18.7287  ,46.1512,-18.2756  ,46.4576,-18.129   ,46.8444,-17.9416   ,47.196 ,-17.7436  ,47.5731,-17.526   ,47.9809,-17.2811   ,48.2927,-17.081   ,48.6557,-16.8376  ,48.9628,-16.6428  ,49.3143,-16.5117  ,47.8556,17.7818   ,-0.516401  ,558,116948,54.8232,11.3763,127.782,0
2433,49.6826,-16.7083  ,49.2739,-16.9192   ,48.9083,-17.1625 ,48.5551,-17.4156  ,48.2192,-17.6424  ,47.8448,-17.8616  ,47.5197,-18.0408   ,47.0919,-18.2425  ,46.7519,-18.4019  ,46.3128,-18.5811    ,45.9181,-18.7057  ,45.5544,-18.7979  ,49.6826,-16.7083  ,49.4663,-17.2092   ,49.0958,-17.5179  ,48.7133,-17.8162  ,48.3639,-18.0632  ,47.9937,-18.2721   ,47.6657,-18.4519   ,47.2236,-18.6467  ,46.8872,-18.7843   ,46.4377,-18.9147  ,46.0168,-18.9627  ,45.5544,-18.7979  ,45.9488,-18.4131  ,46.3182,-18.1993  ,46.7351,-17.9661   ,47.067 ,-17.7865  ,47.4824,-17.5757  ,47.8033,-17.3885   ,48.1836,-17.1524  ,48.5128,-16.9317  ,48.8412,-16.7234  ,49.2018,-16.5585  ,47.7472,17.8417   ,-0.510716  ,574,119231,57.1141,11.3865,132.853,0
2434,49.5952,-16.7412  ,49.1761,-16.9763   ,48.8847,-17.1788 ,48.5391,-17.4246  ,48.1603,-17.6642  ,47.7946,-17.8795  ,47.4199,-18.0807   ,47.0861,-18.2331  ,46.7043,-18.4113  ,46.3149,-18.6079    ,45.9521,-18.7572  ,45.5551,-18.8859  ,49.5952,-16.7412  ,49.4027,-17.2563   ,49.093 ,-17.5243  ,48.7148,-17.815   ,48.3241,-18.0725  ,47.9611,-18.2896   ,47.5851,-18.4902   ,47.2548,-18.6235  ,46.873 ,-18.7765   ,46.4815,-18.9332  ,46.0986,-19.0358  ,45.5551,-18.8859  ,45.9274,-18.4339  ,46.2644,-18.2244  ,46.6428,-17.9945   ,47.0293,-17.7928  ,47.3645,-17.617   ,47.7324,-17.4095   ,48.102 ,-17.1923  ,48.4768,-16.9554  ,48.7928,-16.7505  ,49.0656,-16.622   ,47.6744,17.8794   ,-0.511027  ,581,121475,56.323 ,11.1522,131.196,0
2435,49.4787,-16.6483  ,49.1575,-16.9368   ,48.8173,-17.2146 ,48.482 ,-17.4585  ,48.166 ,-17.6542  ,47.8108,-17.8602  ,47.4401,-18.0598   ,47.0603,-18.2412  ,46.6953,-18.4176  ,46.317 ,-18.5929    ,45.9639,-18.7157  ,45.5718,-18.7844  ,49.4787,-16.6483  ,49.3979,-17.1491   ,49.0636,-17.5286  ,48.6976,-17.8353  ,48.363 ,-18.053   ,48.007 ,-18.2548   ,47.6404,-18.4498   ,47.2573,-18.6227  ,46.8811,-18.7741   ,46.4858,-18.9243  ,46.0996,-19.0222  ,45.5718,-18.7844  ,45.9485,-18.3748  ,46.2606,-18.2127  ,46.613 ,-18.0115   ,46.9698,-17.8082  ,47.3494,-17.6143  ,47.7162,-17.4083   ,48.0718,-17.1944  ,48.3758,-17.0079  ,48.6855,-16.81    ,49.0242,-16.6352  ,47.636 ,17.8904   ,-0.505715  ,580,121115,55.2596,11.1189,130.024,0
2436,49.319 ,-16.8     ,48.962 ,-17.076    ,48.6267,-17.3235 ,48.3457,-17.5268  ,48.0233,-17.7381  ,47.6647,-17.9396  ,47.2994,-18.1222   ,46.9287,-18.3015  ,46.6014,-18.4516  ,46.2021,-18.6311    ,45.8377,-18.7652  ,45.4786,-18.8505  ,49.319 ,-16.8     ,49.2184,-17.3469   ,48.8901,-17.6454  ,48.5858,-17.8769  ,48.2399,-18.12    ,47.8738,-18.328    ,47.4898,-18.5219   ,47.1025,-18.6844  ,46.7732,-18.8166   ,46.3618,-18.9623  ,45.9689,-19.0397  ,45.4786,-18.8505  ,45.8297,-18.451   ,46.1595,-18.2492  ,46.5409,-18.0369   ,46.8621,-17.8673  ,47.214 ,-17.6721  ,47.5578,-17.4972   ,47.9114,-17.2915  ,48.2169,-17.0979  ,48.4767,-16.9184  ,48.8115,-16.7268  ,47.5509,17.9322   ,-0.507211  ,559,118135,53.8134,10.9573,126.368,0
2437,49.1774,-16.9299  ,48.8276,-17.1851   ,48.4888,-17.4285 ,48.2168,-17.6212  ,47.8568,-17.8407  ,47.5049,-18.0213  ,47.1413,-18.2002   ,46.7727,-18.3787  ,46.447 ,-18.5316  ,46.1011,-18.6776    ,45.6838,-18.8341  ,45.3665,-18.9493  ,49.1774,-16.9299  ,49.0895,-17.4207   ,48.7629,-17.7501  ,48.4698,-17.9733  ,48.0918,-18.211   ,47.7307,-18.403    ,47.3461,-18.5848   ,46.9706,-18.7403  ,46.6501,-18.8757   ,46.2809,-18.983   ,45.8156,-19.0626  ,45.3665,-18.9493  ,45.6691,-18.5632  ,46.0387,-18.3254  ,46.3555,-18.1367   ,46.6805,-17.9666  ,47.0407,-17.7643  ,47.3817,-17.5876   ,47.7217,-17.4164  ,48.0709,-17.1955  ,48.326 ,-17.0263  ,48.677 ,-16.8718  ,47.4309,18.0071   ,-0.493018  ,543,114368,53.1601,10.8779,124.125,0
2438,49.1079,-17.0362  ,48.7349,-17.272    ,48.4104,-17.5016 ,48.1429,-17.6909  ,47.7906,-17.895   ,47.4533,-18.0627  ,47.0966,-18.2299   ,46.7173,-18.3959  ,46.4061,-18.5505  ,46.0136,-18.7122    ,45.6629,-18.831   ,45.3422,-18.9841  ,49.1079,-17.0362  ,48.9622,-17.547    ,48.6549,-17.8409  ,48.3717,-18.0595  ,48.0012,-18.2977  ,47.6637,-18.4696   ,47.3081,-18.6255   ,46.922 ,-18.7634  ,46.6123,-18.8984   ,46.1965,-19.0146  ,45.803 ,-19.0439  ,45.3422,-18.9841  ,45.6357,-18.5802  ,45.9476,-18.3663  ,46.3055,-18.1526   ,46.6173,-17.9788  ,46.9927,-17.787   ,47.3395,-17.6081   ,47.6776,-17.4418  ,48.0195,-17.2517  ,48.2743,-17.0828  ,48.6136,-16.9238  ,47.3642,18.0556   ,-0.480414  ,534,109856,52.2199,11.2889,123.539,0
2439,49.0498,-17.1535  ,48.6806,-17.3391   ,48.3509,-17.5533 ,48.0919,-17.7223  ,47.7503,-17.9263  ,47.4193,-18.0993  ,47.0754,-18.2622   ,46.765 ,-18.4058  ,46.3847,-18.579   ,46.0526,-18.7184    ,45.7253,-18.846   ,45.396 ,-18.9689  ,49.0498,-17.1535  ,48.878 ,-17.6248   ,48.5549,-17.9112  ,48.2723,-18.1171  ,47.919 ,-18.3331  ,47.5919,-18.5038   ,47.2644,-18.664    ,46.9648,-18.7893  ,46.5871,-18.9211   ,46.2319,-19.0169  ,45.8709,-19.085   ,45.396 ,-18.9689  ,45.6856,-18.5683  ,45.9843,-18.3745  ,46.2931,-18.188    ,46.6704,-17.9744  ,46.9876,-17.8127  ,47.3413,-17.6485   ,47.6776,-17.464   ,48.012 ,-17.2652  ,48.2551,-17.121   ,48.5928,-16.9852  ,47.3311,18.0915   ,-0.482     ,509,107684,50.1778,11.0626,119.296,0
2440,49.0546,-17.167   ,48.7112,-17.3156   ,48.3436,-17.5366 ,48.0874,-17.7176  ,47.7428,-17.9498  ,47.4156,-18.1327  ,47.0754,-18.2861   ,46.7372,-18.4294  ,46.3943,-18.5865  ,46.0687,-18.7146    ,45.7265,-18.844   ,45.4049,-18.9733  ,49.0546,-17.167   ,48.8938,-17.6004   ,48.5434,-17.8761  ,48.2682,-18.0901  ,47.9011,-18.3651  ,47.5732,-18.5564   ,47.2419,-18.6938   ,46.9033,-18.8307  ,46.5514,-18.9664   ,46.2013,-19.0553  ,45.8244,-19.0971  ,45.4049,-18.9733  ,45.7405,-18.5477  ,46.049 ,-18.332   ,46.3396,-18.1614   ,46.6664,-17.9856  ,47.0077,-17.8384  ,47.352 ,-17.6599   ,47.6801,-17.4747  ,48.0081,-17.2732  ,48.2479,-17.1263  ,48.6323,-16.9815  ,47.3178,18.1101   ,-0.487998  ,509,107588,50.138 ,11.3249,118.711,0
2441,49.0591,-17.2793  ,48.6459,-17.367    ,48.3295,-17.523  ,48.0145,-17.7278  ,47.7028,-17.9367  ,47.3471,-18.1572  ,47.0535,-18.3056   ,46.6662,-18.4809  ,46.3527,-18.6093  ,45.9659,-18.7663    ,45.6326,-18.9274  ,45.3422,-19.0972  ,49.0591,-17.2793  ,48.8045,-17.7007   ,48.51  ,-17.8815  ,48.2004,-18.1029  ,47.8946,-18.3243  ,47.5411,-18.5417   ,47.2429,-18.6827   ,46.8578,-18.8484  ,46.5501,-18.9626   ,46.1517,-19.0788  ,45.7977,-19.1684  ,45.3422,-19.0972  ,45.5761,-18.6293  ,45.892 ,-18.4064  ,46.2635,-18.2127   ,46.5744,-18.0707  ,46.9598,-17.8823  ,47.254 ,-17.7157   ,47.6137,-17.4808  ,47.9342,-17.2828  ,48.253 ,-17.1017  ,48.596 ,-16.9904  ,47.2559,18.1339   ,-0.487621  ,524,109662,51.0772,10.9041,121.296,0
2442,49.0552,-17.2155  ,48.6681,-17.3429   ,48.3418,-17.5232 ,48.0234,-17.7202  ,47.6593,-17.9497  ,47.3609,-18.1278  ,47.0207,-18.3156   ,46.6815,-18.4862  ,46.326 ,-18.6365  ,45.9444,-18.7813    ,45.5966,-18.9369  ,45.3116,-19.0972  ,49.0552,-17.2155  ,48.8473,-17.6408   ,48.5437,-17.8566  ,48.2262,-18.0775  ,47.8632,-18.3336  ,47.5674,-18.5156   ,47.2402,-18.6797   ,46.91  ,-18.8406  ,46.545 ,-18.9785   ,46.1391,-19.0989  ,45.7669,-19.1889  ,45.3116,-19.0972  ,45.5399,-18.6284  ,45.8633,-18.4196  ,46.2109,-18.2532   ,46.5512,-18.086   ,46.8981,-17.8987  ,47.2524,-17.6847   ,47.5574,-17.5012  ,47.9268,-17.2982  ,48.2465,-17.1229  ,48.6   ,-16.9917  ,47.2289,18.1447   ,-0.491252  ,526,110581,51.5724,10.8978,121.296,0
2443,48.9892,-17.1519  ,48.6402,-17.343    ,48.272 ,-17.5692 ,47.9649,-17.7536  ,47.6548,-17.9485  ,47.3004,-18.165   ,46.9474,-18.3693   ,46.6378,-18.5085  ,46.273 ,-18.6565  ,45.8982,-18.8059    ,45.558 ,-18.9546  ,45.2248,-19.1124  ,48.9892,-17.1519  ,48.8724,-17.618    ,48.5161,-17.8761  ,48.1954,-18.0871  ,47.8732,-18.3174  ,47.5179,-18.5454   ,47.1714,-18.7433   ,46.8525,-18.8759  ,46.467 ,-19.0032   ,46.0704,-19.1324  ,45.7093,-19.2321  ,45.2248,-19.1124  ,45.5195,-18.6241  ,45.8365,-18.4355  ,46.1835,-18.2675   ,46.5269,-18.0979  ,46.8251,-17.9413  ,47.1828,-17.7261   ,47.5401,-17.5128  ,47.8365,-17.3595  ,48.1319,-17.1967  ,48.5119,-17.0078  ,47.1751,18.1752   ,-0.489334  ,535,112030,52.1843,10.8564,124.368,0
2444,48.9607,-17.2881  ,48.5531,-17.4252   ,48.2316,-17.5929 ,47.9277,-17.782   ,47.5764,-17.9956  ,47.2787,-18.1706  ,46.9316,-18.3582   ,46.5679,-18.5313  ,46.2156,-18.6985  ,45.897 ,-18.8298    ,45.5463,-18.9758  ,45.2083,-19.1118  ,48.9607,-17.2881  ,48.7372,-17.7181   ,48.4232,-17.9309  ,48.1001,-18.1554  ,47.7369,-18.4034  ,47.4405,-18.5786   ,47.1059,-18.7463   ,46.758 ,-18.903   ,46.4029,-19.0568   ,46.0716,-19.1821  ,45.6928,-19.2763  ,45.2083,-19.1118  ,45.5181,-18.6243  ,45.8341,-18.4335  ,46.1281,-18.2943   ,46.4823,-18.1104  ,46.8582,-17.9183  ,47.2152,-17.7075   ,47.5161,-17.5266  ,47.856 ,-17.3465  ,48.1431,-17.1933  ,48.4829,-17.083   ,47.0932,18.2226   ,-0.48855   ,539,114240,51.3205,11.0881,123.539,0
2445,48.8829,-17.3763  ,48.4434,-17.4675   ,48.1043,-17.6727 ,47.7775,-17.8761  ,47.4032,-18.1     ,47.0399,-18.29    ,46.6741,-18.4648   ,46.3007,-18.6392  ,45.9221,-18.8304  ,45.5936,-18.9876    ,45.2176,-19.1797  ,44.8914,-19.3762  ,48.8829,-17.3763  ,48.6005,-17.7901   ,48.2575,-18.0353  ,47.9177,-18.2827  ,47.5507,-18.5191  ,47.2037,-18.6979   ,46.8503,-18.8648   ,46.4785,-19.0196  ,46.1116,-19.178    ,45.7855,-19.3089  ,45.3697,-19.4339  ,44.8914,-19.3762  ,45.169 ,-18.8718  ,45.5127,-18.6123  ,45.8416,-18.4303   ,46.2288,-18.2055  ,46.6046,-18.0163  ,46.9791,-17.831    ,47.3617,-17.6191  ,47.745 ,-17.4047  ,48.0619,-17.2375  ,48.4041,-17.0934  ,46.943 ,18.2999   ,-0.492382  ,564,116209,55.0872,11.2785,130.61 ,0
2446,48.6838,-17.3295  ,48.3053,-17.5233   ,47.9731,-17.7433 ,47.6075,-17.9639  ,47.3003,-18.145   ,46.9495,-18.3346  ,46.5378,-18.5308   ,46.2174,-18.6858  ,45.849 ,-18.8698  ,45.4777,-19.0672    ,45.1376,-19.2618  ,44.8293,-19.4667  ,48.6838,-17.3295  ,48.4972,-17.7955   ,48.1488,-18.1027  ,47.7629,-18.3617  ,47.4593,-18.5408  ,47.1112,-18.7423   ,46.6967,-18.9364   ,46.3595,-19.0883  ,45.9847,-19.2446   ,45.6234,-19.4035  ,45.2847,-19.5175  ,44.8293,-19.4667  ,45.1029,-18.9383  ,45.4416,-18.6703  ,45.8181,-18.4437   ,46.1817,-18.2309  ,46.4852,-18.0752  ,46.8871,-17.8766   ,47.2432,-17.6899  ,47.5551,-17.5052  ,47.9049,-17.314   ,48.227 ,-17.1821  ,46.8008,18.3767   ,-0.499507  ,552,115452,54.1332,10.9666,126.61 ,0
2447,48.5295,-17.446   ,48.1456,-17.6229   ,47.8113,-17.8431 ,47.4894,-18.0431  ,47.1147,-18.2423  ,46.7909,-18.4047  ,46.4162,-18.5847   ,46.0962,-18.7437  ,45.7262,-18.9353  ,45.3916,-19.1057    ,45.0267,-19.2625  ,44.6722,-19.3466  ,48.5295,-17.446   ,48.3514,-17.9121   ,48.0203,-18.1793  ,47.6778,-18.4117  ,47.3061,-18.6348  ,46.9868,-18.7949   ,46.5926,-18.9708   ,46.2534,-19.1355  ,45.8795,-19.3063   ,45.5409,-19.4436  ,45.1535,-19.5298  ,44.6722,-19.3466  ,45.0221,-18.951   ,45.3585,-18.7095  ,45.6804,-18.5107   ,46.0442,-18.2983  ,46.3469,-18.145   ,46.7024,-17.9639   ,47.0322,-17.7927  ,47.4061,-17.6151  ,47.7132,-17.4309  ,48.0486,-17.2717  ,46.6938,18.4315   ,-0.491138  ,537,112318,52.9548,10.8602,124.368,0
2448,48.3787,-17.54    ,48.0022,-17.7351   ,47.7264,-17.9072 ,47.3725,-18.1232  ,47.0371,-18.2906  ,46.7032,-18.4567  ,46.368 ,-18.6231   ,46.0704,-18.7639  ,45.7211,-18.9444  ,45.407 ,-19.1051    ,45.0787,-19.2794  ,44.744 ,-19.4194  ,48.3787,-17.54    ,48.1955,-17.9957   ,47.9241,-18.2544  ,47.5421,-18.5267  ,47.2028,-18.6982  ,46.8715,-18.8619   ,46.538 ,-19.0287   ,46.2367,-19.1601  ,45.8844,-19.3125   ,45.5727,-19.4413  ,45.2412,-19.563   ,44.744 ,-19.4194  ,45.0248,-18.9389  ,45.3492,-18.713   ,45.6577,-18.5246   ,46.0049,-18.3198  ,46.2945,-18.1705  ,46.6303,-18.0038   ,46.9667,-17.8361  ,47.3009,-17.6665  ,47.6353,-17.4901  ,47.9254,-17.4014  ,46.6023,18.4953   ,-0.487056  ,521,108849,50.2477,10.9622,118.125,0
2449,48.2209,-17.6522  ,47.8641,-17.828    ,47.5358,-18.0183 ,47.2284,-18.2068  ,46.8765,-18.3911  ,46.5334,-18.5447  ,46.2013,-18.7077   ,45.8628,-18.884   ,45.5578,-19.0335  ,45.2341,-19.1928    ,44.8696,-19.3861  ,44.5832,-19.5482  ,48.2209,-17.6522  ,48.0521,-18.1199   ,47.729 ,-18.3901  ,47.4044,-18.6062  ,47.0549,-18.8098  ,46.7009,-18.9586   ,46.3614,-19.1166   ,46.0248,-19.2783  ,45.7134,-19.402    ,45.3792,-19.5138  ,44.9902,-19.615   ,44.5832,-19.5482  ,44.8471,-19.1041  ,45.1983,-18.8166  ,45.506 ,-18.6138   ,45.8001,-18.4392  ,46.1356,-18.2504  ,46.4627,-18.0867   ,46.7969,-17.9257  ,47.1544,-17.7467  ,47.4478,-17.5816  ,47.7916,-17.474   ,46.507 ,18.5533   ,-0.485624  ,518,107582,50.3474,11.295 ,119.296,0
2450,48.2973,-17.6305  ,47.8975,-17.8067   ,47.6118,-17.9582 ,47.29  ,-18.1601  ,46.9344,-18.3763  ,46.6019,-18.5492  ,46.2603,-18.7076   ,45.9099,-18.8749  ,45.5632,-19.0514  ,45.2472,-19.213     ,44.9309,-19.375   ,44.5917,-19.5388  ,48.2973,-17.6305  ,48.078 ,-18.0866   ,47.8214,-18.2892  ,47.4915,-18.5321  ,47.1304,-18.7705  ,46.7999,-18.9416   ,46.4647,-19.0993   ,46.112 ,-19.2471  ,45.7617,-19.3986   ,45.4393,-19.5152  ,45.1007,-19.6047  ,44.5917,-19.5388  ,44.8634,-19.0956  ,45.1622,-18.854   ,45.4665,-18.6537   ,45.8055,-18.4535  ,46.1568,-18.2704  ,46.4978,-18.1108   ,46.8369,-17.9261  ,47.1933,-17.7202  ,47.5144,-17.5645  ,47.8316,-17.4763  ,46.5159,18.5584   ,-0.49184   ,513,106711,51.1723,10.9637,120.953,0
2451,48.3124,-17.6863  ,47.932 ,-17.8017   ,47.5853,-17.9478 ,47.2724,-18.1388  ,46.9678,-18.34    ,46.6227,-18.5402  ,46.2876,-18.7053   ,45.9417,-18.8617  ,45.6406,-19.0006  ,45.2633,-19.198     ,44.9776,-19.3358  ,44.6363,-19.4673  ,48.3124,-17.6863  ,48.094 ,-18.0959   ,47.7891,-18.2678  ,47.4665,-18.4904  ,47.1423,-18.7308  ,46.7892,-18.9477   ,46.454 ,-19.1123   ,46.0974,-19.2644  ,45.785 ,-19.3921   ,45.4079,-19.5397  ,45.1113,-19.6099  ,44.6363,-19.4673  ,44.9561,-19.0115  ,45.232 ,-18.7972  ,45.5984,-18.56     ,45.8856,-18.4149  ,46.2177,-18.2518  ,46.5523,-18.0828   ,46.8949,-17.8824  ,47.1799,-17.7208  ,47.4925,-17.5711  ,47.8872,-17.474   ,46.5094,18.5577   ,-0.495615  ,510,106618,50.2732,10.9988,119.296,0
2452,48.3079,-17.6675  ,47.8966,-17.8198   ,47.5656,-17.9619 ,47.2098,-18.1561  ,46.918 ,-18.3401  ,46.5826,-18.5531  ,46.2492,-18.7389   ,45.901 ,-18.8984  ,45.563 ,-19.0602  ,45.2037,-19.2462    ,44.8633,-19.4327  ,44.5412,-19.5973  ,48.3079,-17.6675  ,48.0709,-18.1204   ,47.7711,-18.2944  ,47.4196,-18.5044  ,47.1183,-18.7063  ,46.7694,-18.9379   ,46.4318,-19.124    ,46.0828,-19.2714  ,45.7386,-19.4237   ,45.3761,-19.5738  ,45.0159,-19.6805  ,44.5412,-19.5973  ,44.8247,-19.1224  ,45.1395,-18.8591  ,45.4838,-18.6503   ,45.8188,-18.4798  ,46.1632,-18.3044  ,46.491 ,-18.1101   ,46.8142,-17.9122  ,47.0991,-17.7479  ,47.4666,-17.5804  ,47.8346,-17.4803  ,46.4508,18.5902   ,-0.500865  ,524,109213,52.0167,10.7113,122.125,0
2453,48.2903,-17.6163  ,47.9018,-17.7924   ,47.5811,-17.946  ,47.2155,-18.1549  ,46.9077,-18.3458  ,46.5578,-18.5563  ,46.2153,-18.742    ,45.8666,-18.9181  ,45.5117,-19.0971  ,45.1948,-19.2699    ,44.8609,-19.4797  ,44.5683,-19.6809  ,48.2903,-17.6163  ,48.1073,-18.06     ,47.8059,-18.259   ,47.4386,-18.4927  ,47.1267,-18.6998  ,46.7704,-18.9213   ,46.4197,-19.1284   ,46.0671,-19.2938  ,45.704 ,-19.4459   ,45.3946,-19.5822  ,45.0644,-19.7145  ,44.5683,-19.6809  ,44.7689,-19.1718  ,45.1039,-18.8955  ,45.4207,-18.6951   ,45.7682,-18.4915  ,46.1083,-18.3054  ,46.444 ,-18.1346   ,46.7901,-17.9285  ,47.0969,-17.7541  ,47.4604,-17.5778  ,47.8057,-17.4728  ,46.4252,18.6056   ,-0.506357  ,528,110409,52.2754,10.7923,122.368,0
2454,48.238 ,-17.7917  ,47.8281,-17.841    ,47.4971,-17.9904 ,47.141 ,-18.2051  ,46.783 ,-18.4205  ,46.4725,-18.5947  ,46.1064,-18.7923   ,45.7581,-18.9756  ,45.4497,-19.157   ,45.1131,-19.3601    ,44.7628,-19.5762  ,44.474 ,-19.7582  ,48.238 ,-17.7917  ,47.953 ,-18.1689   ,47.6415,-18.3438  ,47.2706,-18.5899  ,46.9036,-18.8349  ,46.6027,-19.007    ,46.2521,-19.2102   ,45.9112,-19.3837  ,45.6204,-19.5286   ,45.3022,-19.6791  ,44.9449,-19.8245  ,44.474 ,-19.7582  ,44.6946,-19.2572  ,45.0402,-18.9703  ,45.3848,-18.7215   ,45.7047,-18.5127  ,46.0626,-18.3207  ,46.4473,-18.1255   ,46.7647,-17.9458  ,47.1129,-17.7597  ,47.4576,-17.5766  ,47.8212,-17.4809  ,46.3636,18.648    ,-0.52021   ,539,112221,52.5163,11.1539,123.782,0
2455,48.2389,-17.6661  ,47.8398,-17.825    ,47.4552,-18.0147 ,47.1364,-18.2049  ,46.7614,-18.4338  ,46.3969,-18.6337  ,46.0289,-18.8282   ,45.703 ,-18.9974  ,45.3214,-19.236   ,45.0303,-19.4343    ,44.6526,-19.6327  ,44.2818,-19.7439  ,48.2389,-17.6661  ,48.0248,-18.1228   ,47.6469,-18.3408  ,47.3081,-18.5655  ,46.9171,-18.8274  ,46.5493,-19.0272   ,46.171 ,-19.2403   ,45.8256,-19.4144  ,45.4443,-19.637    ,45.1781,-19.797   ,44.8085,-19.9264  ,44.2818,-19.7439  ,44.6246,-19.2843  ,45.0024,-18.993   ,45.3103,-18.7591   ,45.6891,-18.5197  ,45.9937,-18.3618  ,46.3477,-18.186    ,46.7122,-17.9759  ,47.071 ,-17.7814  ,47.3706,-17.6251  ,47.7688,-17.4751  ,46.2731,18.7025   ,-0.524032  ,561,115605,55.0248,11.0995,128.61 ,0
2456,48.0911,-17.675   ,47.6785,-17.8895   ,47.3425,-18.0859 ,46.9686,-18.3006  ,46.6439,-18.4968  ,46.256 ,-18.7122  ,45.8844,-18.9071   ,45.5134,-19.1187  ,45.1847,-19.3356  ,44.8422,-19.5494    ,44.4488,-19.6968  ,44.0583,-19.7579  ,48.0911,-17.675   ,47.883 ,-18.1883   ,47.5285,-18.4295  ,47.1305,-18.6746  ,46.799 ,-18.8861  ,46.4169,-19.1174   ,46.0441,-19.3161   ,45.6719,-19.5129  ,45.3519,-19.7059   ,45.0312,-19.8726  ,44.6079,-19.9588  ,44.0583,-19.7579  ,44.425 ,-19.3989  ,44.7734,-19.1603  ,45.1276,-18.8904   ,45.4629,-18.6579  ,45.8289,-18.4443  ,46.2055,-18.2462   ,46.5981,-18.0429  ,46.9132,-17.8637  ,47.2657,-17.678   ,47.5889,-17.5282  ,46.1622,18.7604   ,-0.520896  ,574,117709,56.0488,11.0128,131.439,0
2457,48.0387,-17.7595  ,47.628 ,-17.9294   ,47.2719,-18.132  ,46.9422,-18.3269  ,46.5663,-18.5309  ,46.1845,-18.7541  ,45.8659,-18.916    ,45.4941,-19.1055  ,45.1079,-19.3372  ,44.7549,-19.5213    ,44.3722,-19.6465  ,44.0047,-19.654   ,48.0387,-17.7595  ,47.8141,-18.2167   ,47.4487,-18.4902  ,47.0951,-18.7232  ,46.7092,-18.9463  ,46.3236,-19.1706   ,45.9996,-19.3395   ,45.6257,-19.5256  ,45.2528,-19.7146   ,44.896 ,-19.8604  ,44.474 ,-19.9413  ,44.0047,-19.654   ,44.4004,-19.3226  ,44.7359,-19.1259  ,45.0752,-18.8927   ,45.4701,-18.6266  ,45.8376,-18.4408  ,46.1535,-18.2775   ,46.5313,-18.0558  ,46.8975,-17.8686  ,47.2088,-17.705   ,47.5655,-17.5832  ,46.0883,18.7844   ,-0.503772  ,568,117095,55.2466,11.1996,129.196,0
2458,47.7769,-17.7935  ,47.4242,-18.0206   ,47.0928,-18.219  ,46.726 ,-18.426   ,46.4093,-18.6212  ,46.0464,-18.8271  ,45.693 ,-19.0011   ,45.3841,-19.1701  ,45.0119,-19.3942  ,44.6709,-19.5614    ,44.2928,-19.6652  ,43.9282,-19.667   ,47.7769,-17.7935  ,47.6264,-18.301    ,47.2882,-18.5691  ,46.8966,-18.803   ,46.5682,-19.0185  ,46.1949,-19.242    ,45.8344,-19.4213   ,45.5267,-19.5756  ,45.1654,-19.7567   ,44.813 ,-19.8904  ,44.3854,-19.9422  ,43.9282,-19.667   ,44.3294,-19.3649  ,44.6472,-19.183   ,44.9666,-18.9693   ,45.346 ,-18.703   ,45.6527,-18.5305  ,45.9995,-18.3602   ,46.3563,-18.157   ,46.6599,-17.988   ,47.0049,-17.8075  ,47.3335,-17.6714  ,45.9709,18.8424   ,-0.506025  ,545,113665,53.1844,11.1507,124.953,0
2459,47.6001,-17.8424  ,47.2697,-18.0923   ,46.9478,-18.2963 ,46.5885,-18.5037  ,46.2835,-18.6823  ,45.9308,-18.8829  ,45.5851,-19.0586   ,45.2306,-19.2643  ,44.919 ,-19.4419  ,44.5781,-19.6013    ,44.2   ,-19.7112  ,43.8346,-19.7613  ,47.6001,-17.8424  ,47.4866,-18.3491   ,47.1688,-18.6345  ,46.7838,-18.8788  ,46.4691,-19.069   ,46.1081,-19.2817   ,45.7568,-19.4607   ,45.4093,-19.6357  ,45.1045,-19.7833   ,44.749 ,-19.9047  ,44.3144,-19.9599  ,43.8346,-19.7613  ,44.2137,-19.4337  ,44.5262,-19.2512  ,44.8404,-19.042    ,45.1538,-18.8318  ,45.5129,-18.6041  ,45.8527,-18.4322   ,46.1999,-18.2347  ,46.4948,-18.0702  ,46.8319,-17.8948  ,47.1598,-17.7623  ,45.8635,18.897    ,-0.502171  ,529,110092,52.3248,10.9234,122.125,0
2460,47.4494,-17.9291  ,47.1035,-18.1788   ,46.8022,-18.3691 ,46.4576,-18.5767  ,46.1585,-18.7492  ,45.8144,-18.9481  ,45.4837,-19.1357   ,45.1497,-19.3336  ,44.7957,-19.5201  ,44.4612,-19.6405    ,44.108 ,-19.7207  ,43.7368,-19.8046  ,47.4494,-17.9291  ,47.3202,-18.4344   ,47.0287,-18.7019  ,46.6626,-18.9544  ,46.3476,-19.1444  ,45.9878,-19.3539   ,45.6549,-19.5515   ,45.3374,-19.7147  ,44.989 ,-19.8567   ,44.6245,-19.9338  ,44.2103,-19.9436  ,43.7368,-19.8046  ,44.1212,-19.4738  ,44.4138,-19.3147  ,44.7081,-19.133    ,45.0584,-18.8969  ,45.407 ,-18.6655  ,45.7371,-18.4874   ,46.0699,-18.2962  ,46.3511,-18.1412  ,46.6751,-17.975   ,46.9867,-17.8577  ,45.7479,18.9626   ,-0.500872  ,516,106921,51.4592,11.2836,122.125,0
2461,47.4739,-18.016   ,47.0802,-18.208    ,46.7606,-18.379  ,46.4609,-18.563   ,46.1156,-18.7748  ,45.8252,-18.9378  ,45.4872,-19.1262   ,45.1481,-19.3292  ,44.7867,-19.5209  ,44.4321,-19.6428    ,44.0696,-19.7186  ,43.7444,-19.7684  ,47.4739,-18.016   ,47.2808,-18.4788   ,46.975 ,-18.7118  ,46.6539,-18.9344  ,46.296 ,-19.1714  ,46.0035,-19.3388   ,45.662 ,-19.5363   ,45.3304,-19.7212  ,44.9739,-19.8757   ,44.5763,-19.9433  ,44.1451,-19.9347  ,43.7444,-19.7684  ,44.1095,-19.4821  ,44.4104,-19.309   ,44.7102,-19.1167   ,45.0627,-18.8787  ,45.4095,-18.6596  ,45.7427,-18.4857   ,46.0337,-18.3179  ,46.3668,-18.131   ,46.6488,-17.9857  ,46.9903,-17.879   ,45.7196,18.9743   ,-0.50332   ,506,105209,50.9845,11.1892,119.296,0
2462,47.473 ,-18.1653  ,47.054 ,-18.2463   ,46.7359,-18.389  ,46.3876,-18.5957  ,46.0863,-18.782   ,45.7867,-18.9598  ,45.4394,-19.162    ,45.1454,-19.3277  ,44.784 ,-19.5236  ,44.4389,-19.6728    ,44.0804,-19.7665  ,43.7435,-19.771   ,47.473 ,-18.1653  ,47.1932,-18.5862   ,46.8945,-18.7506  ,46.5347,-18.9854  ,46.2276,-19.1908  ,45.9259,-19.379    ,45.5787,-19.5856   ,45.2918,-19.7376  ,44.9384,-19.8959   ,44.5691,-19.9951  ,44.1631,-20.021   ,43.7435,-19.771   ,44.1158,-19.4942  ,44.4273,-19.3057  ,44.7383,-19.0969   ,45.0973,-18.8619  ,45.3989,-18.6811  ,45.7466,-18.4842   ,46.046 ,-18.3098  ,46.34  ,-18.1459  ,46.6791,-17.972   ,47.0258,-17.8764  ,45.6948,18.9925   ,-0.506582  ,509,105153,50.5211,11.3099,118.711,0
2463,47.4193,-18.1199  ,47.0349,-18.2602   ,46.7077,-18.4177 ,46.3901,-18.6002  ,46.0385,-18.8148  ,45.7405,-18.9915  ,45.3918,-19.1987   ,45.0504,-19.3913  ,44.7531,-19.5529  ,44.3534,-19.7098    ,44.0377,-19.7908  ,43.6735,-19.8656  ,47.4193,-18.1199  ,47.2097,-18.5807   ,46.9053,-18.7565  ,46.5928,-18.9579  ,46.2386,-19.1838  ,45.9376,-19.3716   ,45.5899,-19.5787   ,45.2558,-19.7556  ,44.9677,-19.9001   ,44.5402,-20.0185  ,44.1737,-20.0432  ,43.6735,-19.8656  ,44.0283,-19.5093  ,44.2888,-19.3619  ,44.6413,-19.1544   ,44.9416,-18.9729  ,45.2927,-18.7614  ,45.6431,-18.5516   ,45.9378,-18.3861  ,46.2901,-18.1816  ,46.6194,-18.0182  ,46.9646,-17.8932  ,45.6424,19.0262   ,-0.499933  ,515,107249,51.0369,10.6862,119.882,0
2464,47.41  ,-18.0849  ,47.0375,-18.2638   ,46.6765,-18.4433 ,46.3581,-18.6211  ,46.0312,-18.8138  ,45.7149,-19.0134  ,45.4139,-19.1889   ,45.0693,-19.3796  ,44.7103,-19.5647  ,44.3483,-19.6987    ,44.0077,-19.7755  ,43.6413,-19.798   ,47.41  ,-18.0849  ,47.2188,-18.5698   ,46.8613,-18.7729  ,46.5436,-18.9789  ,46.2268,-19.1926  ,45.9119,-19.4014   ,45.6076,-19.5768   ,45.2656,-19.7493  ,44.9061,-19.9134   ,44.5179,-20.0171  ,44.1211,-20.043   ,43.6413,-19.798   ,44.0301,-19.4833  ,44.3094,-19.3409  ,44.6227,-19.1662   ,44.9712,-18.9559  ,45.3192,-18.7458  ,45.621 ,-18.5599   ,45.9441,-18.3692  ,46.281 ,-18.2019  ,46.5949,-18.057   ,46.9577,-17.9141  ,45.6084,19.0419   ,-0.494018  ,518,108571,51.3326,10.9198,121.054,0
2465,47.423 ,-18.2368  ,46.9872,-18.3113   ,46.6435,-18.4677 ,46.3382,-18.6461  ,45.9802,-18.8598  ,45.6707,-19.0489  ,45.3163,-19.2363   ,45.0015,-19.4025  ,44.6823,-19.5769  ,44.3413,-19.7348    ,43.9701,-19.8241  ,43.5946,-19.8008  ,47.423 ,-18.2368  ,47.1321,-18.623    ,46.8069,-18.8211  ,46.4852,-19.0245  ,46.1144,-19.268   ,45.798 ,-19.4718   ,45.4445,-19.6585   ,45.1474,-19.8074  ,44.8412,-19.9542   ,44.4841,-20.075   ,44.0526,-20.1167  ,43.5946,-19.8008  ,44.0119,-19.5147  ,44.3171,-19.3484  ,44.6315,-19.1418   ,44.9613,-18.9408  ,45.2906,-18.7608  ,45.6455,-18.5667   ,45.9495,-18.3884  ,46.2919,-18.2087  ,46.5871,-18.0543  ,46.9645,-17.966   ,45.5686,19.073    ,-0.495392  ,525,109168,51.661 ,11.2565,121.882,0
2466,47.3237,-18.2045  ,46.9   ,-18.3435   ,46.5681,-18.5085 ,46.2609,-18.6906  ,45.9027,-18.908   ,45.5451,-19.1209  ,45.2405,-19.2847   ,44.879 ,-19.4684  ,44.4989,-19.6598  ,44.1366,-19.8054    ,43.7648,-19.8791  ,43.4259,-19.8693  ,47.3237,-18.2045  ,47.0589,-18.6585   ,46.7254,-18.8659  ,46.3987,-19.0769  ,46.0236,-19.3285  ,45.6579,-19.5503   ,45.3563,-19.702    ,45.0082,-19.8783  ,44.6316,-20.0429   ,44.2561,-20.1451  ,43.8587,-20.1615  ,43.4259,-19.8693  ,43.7937,-19.5852  ,44.1405,-19.4242  ,44.4815,-19.2223   ,44.8531,-19.0042  ,45.2271,-18.8146  ,45.5335,-18.635    ,45.8849,-18.4239  ,46.2247,-18.2434  ,46.5164,-18.0915  ,46.8573,-17.9833  ,45.4678,19.1185   ,-0.486554  ,536,112670,52.7001,11.329 ,124.711,0
2467,47.3073,-18.176   ,46.9151,-18.3278   ,46.5082,-18.5445 ,46.1803,-18.7379  ,45.7949,-18.9749  ,45.4678,-19.1649  ,45.0825,-19.3638   ,44.6974,-19.5648  ,44.3437,-19.7243  ,43.9443,-19.8499    ,43.5319,-19.914   ,43.1669,-19.9746  ,47.3073,-18.176   ,47.0833,-18.6142   ,46.677 ,-18.898   ,46.3328,-19.1222  ,45.9368,-19.3852  ,45.6084,-19.5763   ,45.2372,-19.7609   ,44.8689,-19.9482  ,44.5206,-20.0919   ,44.0886,-20.1816  ,43.6117,-20.1707  ,43.1669,-19.9746  ,43.5813,-19.6456  ,43.9392,-19.4824  ,44.2913,-19.3083   ,44.6359,-19.1241  ,45.0394,-18.9116  ,45.4358,-18.6934   ,45.7633,-18.4955  ,46.1369,-18.2889  ,46.4506,-18.1264  ,46.8683,-17.9857  ,45.3354,19.1761   ,-0.473729  ,561,115175,55.92  ,11.1173,133.196,0
2468,47.1667,-18.296   ,46.7429,-18.4238   ,46.4115,-18.5938 ,46.0554,-18.8033  ,45.7006,-19.0159  ,45.3506,-19.2146  ,45.0069,-19.3959   ,44.6027,-19.5981  ,44.2115,-19.7518  ,43.8344,-19.8641    ,43.4387,-19.9149  ,43.0798,-19.8904  ,47.1667,-18.296   ,46.907 ,-18.7369   ,46.5816,-18.9517  ,46.2122,-19.1882  ,45.8546,-19.4209  ,45.5086,-19.6241   ,45.174 ,-19.7945   ,44.7778,-19.9751  ,44.38  ,-20.1083   ,43.9686,-20.1831  ,43.5113,-20.1776  ,43.0798,-19.8904  ,43.4957,-19.6452  ,43.8304,-19.515   ,44.1619,-19.3519   ,44.5316,-19.1756  ,44.9385,-18.9431  ,45.291 ,-18.7535   ,45.6482,-18.5491  ,45.9998,-18.3574  ,46.3466,-18.1765  ,46.6946,-18.0638  ,45.242 ,19.2104   ,-0.460737  ,556,115829,54.7065,11.0061,127.882,0
2469,46.9987,-18.2604  ,46.6391,-18.4692   ,46.3028,-18.6496 ,45.9311,-18.8722  ,45.6168,-19.0583  ,45.2554,-19.2625  ,44.9003,-19.448    ,44.5198,-19.6246  ,44.1721,-19.7486  ,43.8059,-19.866     ,43.3767,-19.9707  ,43.0317,-19.975   ,46.9987,-18.2604  ,46.8613,-18.7341   ,46.5366,-18.9729  ,46.1407,-19.2372  ,45.8161,-19.4448  ,45.452 ,-19.6541   ,45.0986,-19.8322   ,44.7229,-19.9934  ,44.3554,-20.1056   ,43.9382,-20.1988  ,43.453 ,-20.2718  ,43.0317,-19.975   ,43.4162,-19.6486  ,43.7986,-19.4959  ,44.1067,-19.3509   ,44.43  ,-19.2117  ,44.8049,-19.0085  ,45.1602,-18.8184   ,45.5224,-18.6084  ,45.8269,-18.4439  ,46.1776,-18.2643  ,46.5305,-18.1458  ,45.1302,19.2607   ,-0.451868  ,550,113461,53.6406,10.8719,126.468,0
2470,46.909 ,-18.3617  ,46.5417,-18.5139   ,46.1573,-18.7275 ,45.8494,-18.914   ,45.4884,-19.1355  ,45.1386,-19.3223  ,44.7887,-19.4977   ,44.4605,-19.6432  ,44.0597,-19.7881  ,43.7004,-19.9026    ,43.3349,-19.9857  ,42.961 ,-19.9992  ,46.909 ,-18.3617  ,46.7387,-18.7685   ,46.3846,-19.061   ,46.0591,-19.2801  ,45.6897,-19.5204  ,45.3381,-19.7126   ,44.9921,-19.8836   ,44.6688,-20.0122  ,44.2377,-20.1341   ,43.8223,-20.2215  ,43.4102,-20.276   ,42.961 ,-19.9992  ,43.3786,-19.6756  ,43.7008,-19.5483  ,43.9985,-19.4027   ,44.3646,-19.2291  ,44.6887,-19.0606  ,45.0375,-18.8825   ,45.3897,-18.6887  ,45.7422,-18.4859  ,46.0348,-18.3309  ,46.4583,-18.2049  ,45.0302,19.3069   ,-0.448771  ,534,110724,53.0035,10.8439,123.882,0
2471,46.6604,-18.4418  ,46.3025,-18.6351   ,45.9666,-18.8346 ,45.6597,-19.0291  ,45.3152,-19.235   ,44.9678,-19.4128  ,44.6198,-19.5718   ,44.2602,-19.7192  ,43.8592,-19.8518  ,43.492 ,-19.944     ,43.1576,-19.9938  ,42.7883,-20.0934  ,46.6604,-18.4418  ,46.5355,-18.8924   ,46.2314,-19.1631  ,45.9074,-19.3857  ,45.553 ,-19.6043  ,45.1945,-19.7968   ,44.8307,-19.9538   ,44.4488,-20.0849  ,44.0123,-20.1912   ,43.6052,-20.2393  ,43.2396,-20.2117  ,42.7883,-20.0934  ,43.1814,-19.7624  ,43.4985,-19.6233  ,43.8273,-19.477    ,44.1776,-19.3125  ,44.5088,-19.1462  ,44.8413,-18.9809   ,45.1751,-18.8117  ,45.5122,-18.609   ,45.8096,-18.4391  ,46.1847,-18.3105  ,44.9179,19.3563   ,-0.436387  ,520,107295,52.086 ,10.904 ,124.468,0
2472,46.5097,-18.3612  ,46.2122,-18.6378   ,45.9207,-18.87   ,45.578 ,-19.0922  ,45.2506,-19.2729  ,44.9105,-19.455   ,44.5698,-19.6074   ,44.2304,-19.7516  ,43.8389,-19.8696  ,43.4903,-19.9492    ,43.1256,-20.0046  ,42.7922,-20.112   ,46.5097,-18.3612  ,46.4723,-18.858    ,46.1885,-19.1693  ,45.8263,-19.4407  ,45.4918,-19.6428  ,45.163 ,-19.8283   ,44.825 ,-19.9739   ,44.477 ,-20.1063  ,44.0522,-20.2055   ,43.6392,-20.2429  ,43.2242,-20.2073  ,42.7922,-20.112   ,43.1255,-19.7895  ,43.4536,-19.6315  ,43.7438,-19.504    ,44.0854,-19.3577  ,44.409 ,-19.1981  ,44.7575,-19.0335   ,45.1028,-18.8515  ,45.4253,-18.6879  ,45.7524,-18.4961  ,46.0426,-18.34    ,44.8715,19.3887   ,-0.43303   ,509,104788,51.2413,10.9429,121.882,0
2473,46.6622,-18.515   ,46.2839,-18.663    ,45.9588,-18.8378 ,45.6549,-19.0431  ,45.3167,-19.2618  ,44.9932,-19.4371  ,44.6696,-19.593    ,44.3151,-19.7306  ,43.9401,-19.8613  ,43.5913,-19.946     ,43.1831,-20.0045  ,42.8699,-20.0873  ,46.6622,-18.515   ,46.4841,-18.9178   ,46.2034,-19.1505  ,45.8889,-19.3856  ,45.5394,-19.6252  ,45.2151,-19.8157   ,44.8964,-19.9699   ,44.5377,-20.0997  ,44.1363,-20.2145   ,43.7349,-20.2665  ,43.2647,-20.2411  ,42.8699,-20.0873  ,43.2103,-19.7531  ,43.5673,-19.6027  ,43.8553,-19.4735   ,44.1965,-19.3233  ,44.538 ,-19.1731  ,44.8623,-19.0121   ,45.1889,-18.841   ,45.5198,-18.6333  ,45.8197,-18.4598  ,46.1914,-18.3628  ,44.8644,19.4128   ,-0.439741  ,504,104648,50.8585,10.7639,120.468,0
2474,46.6072,-18.5846  ,46.2397,-18.7103   ,45.8906,-18.8805 ,45.5583,-19.0857  ,45.2786,-19.2657  ,44.9603,-19.4514  ,44.6036,-19.627    ,44.2688,-19.7636  ,43.8985,-19.8837  ,43.5493,-19.9658    ,43.1901,-20.0183  ,42.8302,-20.0573  ,46.6072,-18.5846  ,46.4142,-19.0135   ,46.1031,-19.2148  ,45.7734,-19.4323  ,45.4935,-19.627   ,45.1796,-19.8278   ,44.8326,-20.0021   ,44.5011,-20.1271  ,44.1137,-20.2284   ,43.7168,-20.2772  ,43.2919,-20.2721  ,42.8302,-20.0573  ,43.2044,-19.7505  ,43.5027,-19.6316  ,43.7934,-19.5067   ,44.1365,-19.3635  ,44.4655,-19.2102  ,44.8302,-19.0272   ,45.1566,-18.845   ,45.4367,-18.6795  ,45.776 ,-18.4917  ,46.1644,-18.3692  ,44.8252,19.4318   ,-0.43521   ,503,105226,50.3053,10.7123,118.225,0
2475,46.602 ,-18.584   ,46.2385,-18.7227   ,45.8971,-18.8941 ,45.567 ,-19.0728  ,45.2402,-19.28    ,44.9155,-19.4842  ,44.6071,-19.6536   ,44.2381,-19.8213  ,43.8915,-19.911   ,43.5009,-19.9736    ,43.1102,-20.0055  ,42.7733,-19.9835  ,46.602 ,-18.584   ,46.4133,-19.031    ,46.1031,-19.2292  ,45.7846,-19.4129  ,45.4591,-19.6302  ,45.1339,-19.848    ,44.8347,-20.0104   ,44.4791,-20.1777  ,44.1089,-20.2569   ,43.6493,-20.287   ,43.1693,-20.2555  ,42.7733,-19.9835  ,43.177 ,-19.7506  ,43.4854,-19.643   ,43.7973,-19.5392   ,44.0995,-19.428   ,44.4658,-19.2512  ,44.7883,-19.066    ,45.1154,-18.8678  ,45.442 ,-18.6797  ,45.7881,-18.5076  ,46.1608,-18.3719  ,44.7917,19.456    ,-0.430637  ,510,107495,51.0126,10.4863,119.397,0
2476,46.5909,-18.6089  ,46.1934,-18.7406   ,45.8399,-18.9261 ,45.5388,-19.1005  ,45.1926,-19.3145  ,44.8562,-19.5203  ,44.5309,-19.6866   ,44.1952,-19.8394  ,43.8021,-19.9649  ,43.4139,-20.0343    ,43.018 ,-20.06    ,42.6811,-20.0277  ,46.5909,-18.6089  ,46.3651,-19.0545   ,46.0292,-19.2545  ,45.7376,-19.4354  ,45.3968,-19.6645  ,45.0609,-19.8822   ,44.7385,-20.0525   ,44.4011,-20.1968  ,43.9904,-20.3137   ,43.5518,-20.3566  ,43.0863,-20.3212  ,42.6811,-20.0277  ,43.0769,-19.7976  ,43.4093,-19.694   ,43.736 ,-19.5864   ,44.0887,-19.4394  ,44.4162,-19.2757  ,44.7458,-19.105    ,45.086 ,-18.9029  ,45.4409,-18.7061  ,45.7502,-18.5407  ,46.1237,-18.3745  ,44.7325,19.4899   ,-0.436587  ,515,108412,52.0813,10.314 ,122.468,0
2477,46.6036,-18.6219  ,46.2211,-18.7375   ,45.8233,-18.9371 ,45.4953,-19.1301  ,45.1845,-19.3181  ,44.8385,-19.5129  ,44.4819,-19.6901   ,44.1055,-19.8462  ,43.7218,-19.9911  ,43.3587,-20.0879    ,42.9822,-20.1337  ,42.5991,-20.1122  ,46.6036,-18.6219  ,46.3759,-19.0391   ,45.9857,-19.2769  ,45.6533,-19.4915  ,45.3414,-19.7019  ,44.9901,-19.924    ,44.644 ,-20.0926   ,44.2658,-20.2294  ,43.8579,-20.3577   ,43.4584,-20.4335  ,43.0389,-20.4291  ,42.5991,-20.1122  ,43.0494,-19.8324  ,43.3828,-19.7147  ,43.7008,-19.5863   ,44.0516,-19.4196  ,44.426 ,-19.2388  ,44.7851,-19.0495   ,45.1287,-18.8742  ,45.4447,-18.7046  ,45.7727,-18.5322  ,46.1782,-18.3849  ,44.6759,19.5149   ,-0.436599  ,531,109611,53.2622,11.0158,125.296,0
2478,46.5215,-18.726   ,46.0909,-18.8074   ,45.7278,-18.9763 ,45.3908,-19.1747  ,45.0618,-19.3756  ,44.7304,-19.5641  ,44.3742,-19.7378   ,44.0199,-19.8931  ,43.6582,-20.0328  ,43.2263,-20.1236    ,42.8341,-20.152   ,42.4864,-20.1202  ,46.5215,-18.726   ,46.2437,-19.1075   ,45.9077,-19.3166  ,45.5693,-19.5477  ,45.2457,-19.7562  ,44.9247,-19.9464   ,44.5774,-20.1136   ,44.212 ,-20.2631  ,43.8325,-20.3888   ,43.3413,-20.44    ,42.8772,-20.4023  ,42.4864,-20.1202  ,42.9191,-19.9     ,43.2411,-19.7877  ,43.5953,-19.642    ,43.9263,-19.4796  ,44.2748,-19.3147  ,44.6331,-19.1296   ,44.9716,-18.9386  ,45.3066,-18.7446  ,45.6484,-18.5809  ,46.0481,-18.469   ,44.5964,19.5513   ,-0.434859  ,537,111879,53.4212,10.6374,125.64 ,0
2479,46.5193,-18.7038  ,46.1068,-18.8013   ,45.7389,-18.9769 ,45.3464,-19.2092  ,45.0216,-19.4051  ,44.6467,-19.6117  ,44.245 ,-19.7931   ,43.8948,-19.9326  ,43.4505,-20.0897  ,43.1065,-20.1744    ,42.6956,-20.2112  ,42.2874,-20.192   ,46.5193,-18.7038  ,46.2414,-19.0909   ,45.8855,-19.3341  ,45.4785,-19.6085  ,45.147 ,-19.8145  ,44.7676,-20.0378   ,44.3701,-20.2076   ,44.0023,-20.3324  ,43.5363,-20.464    ,43.1496,-20.5188  ,42.6799,-20.4953  ,42.2874,-20.192   ,42.8402,-19.9265  ,43.2034,-19.8026  ,43.4978,-19.6731   ,43.9053,-19.4865  ,44.2384,-19.332   ,44.6341,-19.1291   ,45.0035,-18.9333  ,45.3238,-18.7421  ,45.7104,-18.5554  ,46.1017,-18.464   ,44.5011,19.5896   ,-0.426048  ,560,114534,55.955 ,11.2638,134.125,0
2480,46.5003,-18.6931  ,46.0801,-18.7989   ,45.6893,-18.9983 ,45.3225,-19.2232  ,44.9677,-19.4333  ,44.6108,-19.6216  ,44.2334,-19.7947   ,43.8441,-19.9452  ,43.4356,-20.0786  ,42.9804,-20.1872    ,42.5689,-20.2443  ,42.2037,-20.2566  ,46.5003,-18.6931  ,46.2575,-19.0776   ,45.8844,-19.3338  ,45.5169,-19.5838  ,45.1691,-19.8023  ,44.8164,-20.0049   ,44.4229,-20.1765   ,44.0138,-20.313   ,43.5941,-20.4282   ,43.1058,-20.5138  ,42.6427,-20.5305  ,42.2037,-20.2566  ,42.629 ,-19.9451  ,42.9908,-19.8338  ,43.3984,-19.6929   ,43.7871,-19.5374  ,44.1538,-19.3657  ,44.5095,-19.187    ,44.8665,-19.0083  ,45.2314,-18.7971  ,45.6027,-18.6009  ,46.0194,-18.4728  ,44.441 ,19.6051   ,-0.414634  ,568,116825,56.8184,10.714 ,133.296,0
2481,46.432 ,-18.7128  ,46.0091,-18.8377   ,45.621 ,-19.0426 ,45.2586,-19.2637  ,44.9062,-19.4682  ,44.5514,-19.6464  ,44.1389,-19.8274   ,43.7499,-19.9671  ,43.3253,-20.091   ,42.933 ,-20.1807    ,42.5237,-20.2341  ,42.1241,-20.2276  ,46.432 ,-18.7128  ,46.1683,-19.1481   ,45.7899,-19.4048  ,45.4273,-19.6424  ,45.0822,-19.8541  ,44.7284,-20.0416   ,44.3151,-20.2077   ,43.928 ,-20.3344  ,43.4863,-20.4402   ,43.0629,-20.5108  ,42.6041,-20.5231  ,42.1241,-20.2276  ,42.5778,-19.9346  ,42.9376,-19.8243  ,43.2899,-19.7082   ,43.6867,-19.5615  ,44.0687,-19.4042  ,44.4767,-19.2041   ,44.8305,-19.0268  ,45.1919,-18.8212  ,45.5591,-18.6191  ,45.9645,-18.4782  ,44.4031,19.611    ,-0.405028  ,576,118188,56.8256,10.7254,133.054,0
2482,46.4166,-18.6568  ,45.9925,-18.827    ,45.6057,-19.0457 ,45.2382,-19.2761  ,44.88  ,-19.4806  ,44.4672,-19.6871  ,44.0941,-19.8446   ,43.6923,-19.9824  ,43.2666,-20.1098  ,42.8635,-20.2018    ,42.4357,-20.2631  ,42.0131,-20.2948  ,46.4166,-18.6568  ,46.2104,-19.1172   ,45.8255,-19.3809  ,45.453 ,-19.6257  ,45.1002,-19.8434  ,44.687 ,-20.0597   ,44.3148,-20.2058   ,43.9088,-20.3275  ,43.4752,-20.4415   ,43.0424,-20.5163  ,42.5449,-20.5336  ,42.0131,-20.2948  ,42.4664,-19.9766  ,42.8251,-19.8604  ,43.184 ,-19.7433   ,43.5927,-19.5988  ,43.9841,-19.4416  ,44.3516,-19.2668   ,44.7618,-19.0619  ,45.1275,-18.8616  ,45.4926,-18.6456  ,45.8905,-18.4827  ,44.3724,19.6205   ,-0.402565  ,585,119466,58.3051,10.5586,135.054,0
2483,46.3281,-18.6457  ,45.96  ,-18.8539   ,45.5997,-19.0649 ,45.2289,-19.2801  ,44.8561,-19.4882  ,44.4785,-19.6757  ,44.0957,-19.8376   ,43.7094,-19.9791  ,43.2407,-20.1148  ,42.8479,-20.2054    ,42.4602,-20.2618  ,42.0827,-20.3287  ,46.3281,-18.6457  ,46.1576,-19.1116   ,45.8066,-19.3812  ,45.4366,-19.6369  ,45.0586,-19.8623  ,44.6731,-20.0563   ,44.2811,-20.2191   ,43.8833,-20.3484  ,43.4001,-20.4611   ,42.9944,-20.5209  ,42.5929,-20.5152  ,42.0827,-20.3287  ,42.4797,-19.9894  ,42.8584,-19.8564  ,43.2383,-19.7298   ,43.6904,-19.5562  ,44.0644,-19.3965  ,44.436 ,-19.2247   ,44.8033,-19.0336  ,45.1693,-18.8363  ,45.5379,-18.6579  ,45.8988,-18.5157  ,44.3612,19.6283   ,-0.399523  ,589,120384,56.5803,10.6348,140.125,0
2484,46.3219,-18.6457  ,45.9543,-18.8553   ,45.5205,-19.1102 ,45.2234,-19.2833  ,44.8497,-19.4916  ,44.4706,-19.6763  ,44.0868,-19.8378   ,43.699 ,-19.976   ,43.2296,-20.114   ,42.8359,-20.2044    ,42.4424,-20.2639  ,42.0573,-20.3159  ,46.3219,-18.6457  ,46.15  ,-19.1128   ,45.7291,-19.4404  ,45.4309,-19.6408  ,45.0516,-19.866   ,44.6649,-20.0601   ,44.2716,-20.2224   ,43.8726,-20.3515  ,43.3881,-20.4638   ,42.9811,-20.5218  ,42.5727,-20.5182  ,42.0573,-20.3159  ,42.4689,-19.9871  ,42.8483,-19.8541  ,43.2287,-19.727    ,43.6816,-19.5525  ,44.0564,-19.3937  ,44.4287,-19.2221   ,44.7979,-19.0365  ,45.1644,-18.8388  ,45.461 ,-18.6949  ,45.895 ,-18.5165  ,44.343 ,19.6324   ,-0.396807  ,593,121060,56.7825,10.6782,139.296,0
2485,46.2526,-18.6708  ,45.8461,-18.9024   ,45.5029,-19.1031 ,45.1489,-19.3158  ,44.7835,-19.5147  ,44.4136,-19.6933  ,44.0365,-19.8354   ,43.6566,-19.9593  ,43.275 ,-20.0694  ,42.8926,-20.1706    ,42.4357,-20.2719  ,42.0958,-20.3346  ,46.2526,-18.6708  ,46.0561,-19.1679   ,45.7326,-19.422   ,45.3819,-19.6571  ,45.011 ,-19.8752  ,44.631 ,-20.0634   ,44.2444,-20.2186   ,43.8517,-20.338   ,43.4549,-20.4232   ,43.0569,-20.4966  ,42.5758,-20.5407  ,42.0958,-20.3346  ,42.4423,-19.9718  ,42.8821,-19.8095  ,43.2475,-19.669    ,43.6147,-19.5398  ,43.9803,-19.4002  ,44.3447,-19.2545   ,44.7023,-19.0755  ,45.0584,-18.8897  ,45.4144,-18.7037  ,45.7671,-18.5591  ,44.2883,19.6417   ,-0.390084  ,588,121013,55.3769,10.5469,138.468,0
2486,46.2653,-18.7316  ,45.8227,-18.9061   ,45.4955,-19.0974 ,45.138 ,-19.3104  ,44.7402,-19.5211  ,44.3863,-19.6849  ,43.9527,-19.8526   ,43.5401,-19.9776  ,43.1754,-20.0838  ,42.7214,-20.1922    ,42.324 ,-20.2555  ,41.9383,-20.2798  ,46.2653,-18.7316  ,46.0167,-19.1961   ,45.6925,-19.4432  ,45.3225,-19.6895  ,44.9295,-19.9171  ,44.5792,-20.0699   ,44.1578,-20.2314   ,43.7492,-20.3482  ,43.3685,-20.4382   ,42.8645,-20.5147  ,42.4035,-20.5264  ,41.9383,-20.2798  ,42.3722,-19.9677  ,42.7123,-19.8429  ,43.1057,-19.6938   ,43.4505,-19.5716  ,43.8617,-19.4358  ,44.2965,-19.2545   ,44.6498,-19.0759  ,45.0544,-18.8732  ,45.4033,-18.6867  ,45.7444,-18.5598  ,44.2333,19.6485   ,-0.38542   ,577,119004,56.9692,10.8717,132.468,0
2487,46.0232,-18.7518  ,45.6613,-18.9693   ,45.3249,-19.188  ,44.9935,-19.383   ,44.6661,-19.5544  ,44.2988,-19.723   ,43.9597,-19.8506   ,43.6013,-19.9688  ,43.2231,-20.0811  ,42.8143,-20.1708    ,42.4542,-20.2159  ,42.0791,-20.218   ,46.0232,-18.7518  ,45.8858,-19.2268   ,45.5541,-19.5228  ,45.2005,-19.7543  ,44.8551,-19.9452  ,44.4815,-20.1105   ,44.1517,-20.2334   ,43.7894,-20.34    ,43.3928,-20.4385   ,42.9427,-20.5054  ,42.5291,-20.5004  ,42.0791,-20.218   ,42.4983,-19.9222  ,42.8053,-19.8146  ,43.1655,-19.6935   ,43.5167,-19.5635  ,43.868 ,-19.4334  ,44.2088,-19.2958   ,44.5693,-19.1173  ,44.8814,-18.9593  ,45.1902,-18.7933  ,45.5351,-18.6492  ,44.1858,19.6756   ,-0.384584  ,544,113311,52.4117,10.7415,124.225,0
2488,45.9135,-18.8335  ,45.5709,-19.0616   ,45.2329,-19.2679 ,44.8918,-19.4402  ,44.4995,-19.6318  ,44.1475,-19.7772  ,43.7889,-19.9141   ,43.4027,-20.0358  ,42.9849,-20.1451  ,42.6057,-20.2315    ,42.2228,-20.3217  ,41.8974,-20.4368  ,45.9135,-18.8335  ,45.8016,-19.3266   ,45.4691,-19.5879  ,45.1335,-19.7797  ,44.7565,-19.9901  ,44.4134,-20.1368   ,44.0652,-20.2678   ,43.6864,-20.3824  ,43.2379,-20.4684   ,42.8009,-20.5185  ,42.3502,-20.5404  ,41.8974,-20.4368  ,42.2173,-20.0704  ,42.5395,-19.9161  ,42.8551,-19.7924   ,43.2344,-19.6573  ,43.617 ,-19.5222  ,43.982 ,-19.3768   ,44.3413,-19.2276  ,44.7483,-19.0543  ,45.0944,-18.8918  ,45.4317,-18.7395  ,44.0664,19.7366   ,-0.366291  ,527,108872,53.4253,10.7178,125.64 ,0
2489,45.8034,-19.0823  ,45.3958,-19.2004   ,45.0916,-19.3409 ,44.7585,-19.5133  ,44.4208,-19.668   ,44.0476,-19.8297  ,43.7014,-19.9538   ,43.3217,-20.0605  ,42.9824,-20.1428  ,42.627 ,-20.2129    ,42.218 ,-20.2982  ,41.9109,-20.413   ,45.8034,-19.0823  ,45.5756,-19.5065   ,45.303 ,-19.6845  ,44.9655,-19.8752  ,44.6228,-20.0436  ,44.2631,-20.2093   ,43.9356,-20.3329   ,43.5496,-20.426   ,43.1813,-20.4857   ,42.7762,-20.5118  ,42.3097,-20.4895  ,41.9109,-20.413   ,42.2356,-20.0798  ,42.5981,-19.8915  ,42.8985,-19.7743   ,43.2052,-19.6661  ,43.5699,-19.541   ,43.9266,-19.4118   ,44.3136,-19.2497  ,44.6481,-19.1047  ,44.977 ,-18.9478  ,45.3225,-18.854   ,43.9999,19.7767   ,-0.356034  ,500,104874,50.704 ,10.6973,121.154,0
2490,45.796 ,-19.094   ,45.4205,-19.1946   ,45.0784,-19.334  ,44.7515,-19.4966  ,44.3894,-19.6873  ,44.0631,-19.8438  ,43.7145,-19.9709   ,43.3981,-20.0706  ,42.9961,-20.1763  ,42.62  ,-20.2486    ,42.2671,-20.3321  ,41.9662,-20.443   ,45.796 ,-19.094   ,45.586 ,-19.5038   ,45.2827,-19.6714  ,44.972 ,-19.848   ,44.6227,-20.0469  ,44.3043,-20.2129   ,43.9767,-20.3421   ,43.6645,-20.4335  ,43.2301,-20.5165   ,42.7933,-20.5569  ,42.3723,-20.5634  ,41.9662,-20.443   ,42.272 ,-20.0699  ,42.5718,-19.9164  ,42.884 ,-19.8094   ,43.2392,-19.6745  ,43.5547,-19.5654  ,43.9184,-19.435    ,44.2463,-19.2781  ,44.6235,-19.1     ,44.9686,-18.9506  ,45.3557,-18.8568  ,43.9849,19.796    ,-0.364023  ,497,104016,50.0514,10.8411,117.983,0
2491,45.7907,-19.1297  ,45.4022,-19.2134   ,45.0397,-19.3453 ,44.6977,-19.5073  ,44.3712,-19.6773  ,44.0463,-19.83    ,43.6644,-19.9936   ,43.3439,-20.0939  ,42.95  ,-20.2013  ,42.5974,-20.2834    ,42.2402,-20.355   ,41.8917,-20.4472  ,45.7907,-19.1297  ,45.5417,-19.5372   ,45.1914,-19.6972  ,44.8589,-19.8695  ,44.5477,-20.0573  ,44.2472,-20.2198   ,43.8757,-20.3717   ,43.5544,-20.4596  ,43.1479,-20.5498   ,42.7577,-20.6013  ,42.3498,-20.6092  ,41.8917,-20.4472  ,42.2452,-20.0763  ,42.5575,-19.9409  ,42.8669,-19.8233   ,43.243 ,-19.6964  ,43.5546,-19.5787  ,43.9369,-19.3968   ,44.2877,-19.2506  ,44.6318,-19.0977  ,44.9898,-18.9499  ,45.3664,-18.864   ,43.9209,19.8221   ,-0.36724   ,504,105002,50.7287,10.7863,119.397,0
2492,45.7784,-19.1502  ,45.4034,-19.2271   ,45.0373,-19.3505 ,44.6558,-19.5216  ,44.3248,-19.6849  ,43.9729,-19.8632  ,43.6326,-20.0185   ,43.2755,-20.1529  ,42.9143,-20.242   ,42.5271,-20.3235    ,42.2113,-20.3926  ,41.8525,-20.4944  ,45.7784,-19.1502  ,45.5507,-19.5368   ,45.2142,-19.6981  ,44.8568,-19.867   ,44.547 ,-20.0292  ,44.2235,-20.2148   ,43.8906,-20.3656   ,43.5432,-20.4933  ,43.1741,-20.5758   ,42.7356,-20.6374  ,42.3556,-20.665   ,41.8525,-20.4944  ,42.189 ,-20.0913  ,42.4488,-19.9831  ,42.7798,-19.8799   ,43.1189,-19.7791  ,43.4694,-19.6284  ,43.8231,-19.463    ,44.2002,-19.2917  ,44.5479,-19.1319  ,44.9601,-18.9626  ,45.3648,-18.8838  ,43.8889,19.8412   ,-0.368445  ,509,106758,51.1692,10.4465,120.569,0
2493,45.7881,-19.1993  ,45.3881,-19.256    ,45.0274,-19.3635 ,44.6506,-19.5239  ,44.2917,-19.6924  ,43.935 ,-19.8616  ,43.57  ,-20.0247   ,43.2439,-20.1566  ,42.8166,-20.2865  ,42.4786,-20.3583    ,42.0722,-20.4206  ,41.7223,-20.4416  ,45.7881,-19.1993  ,45.5359,-19.5407   ,45.2283,-19.6861  ,44.8768,-19.8585  ,44.5269,-20.034   ,44.1777,-20.21     ,43.8161,-20.3761   ,43.4853,-20.5052  ,43.0275,-20.6223   ,42.6457,-20.6774  ,42.1638,-20.6888  ,41.7223,-20.4416  ,42.1106,-20.1359  ,42.4487,-20.0128  ,42.7361,-19.9182   ,43.1135,-19.7649  ,43.4317,-19.6295  ,43.793 ,-19.4641   ,44.1601,-19.3037  ,44.5278,-19.141   ,44.94  ,-18.9991  ,45.3659,-18.9474  ,43.8328,19.8645   ,-0.369832  ,517,107886,52.5919,10.2993,122.569,0
2494,45.7763,-19.1257  ,45.3679,-19.2424   ,45.0168,-19.3661 ,44.6357,-19.536   ,44.2793,-19.7218  ,43.9078,-19.8883  ,43.5316,-20.0384   ,43.2097,-20.1684  ,42.7908,-20.3013  ,42.4522,-20.3797    ,42.0471,-20.4563  ,41.6724,-20.4901  ,45.7763,-19.1257  ,45.5586,-19.5167   ,45.2473,-19.6675  ,44.8722,-19.8579  ,44.5196,-20.059   ,44.1484,-20.2411   ,43.7757,-20.3902   ,43.4596,-20.5203  ,43.0205,-20.6414   ,42.6352,-20.7033  ,42.1454,-20.7382  ,41.6724,-20.4901  ,42.0766,-20.1518  ,42.4082,-20.0271  ,42.689 ,-19.9263   ,43.0697,-19.7747  ,43.395 ,-19.644   ,43.7756,-19.4924   ,44.1409,-19.3298  ,44.5041,-19.1652  ,44.9004,-19.0196  ,45.2956,-18.9354  ,43.7806,19.8888   ,-0.368795  ,522,109710,53.3782,10.3194,125.397,0
2495,45.6182,-19.2326  ,45.2113,-19.3103   ,44.825 ,-19.4579 ,44.4754,-19.6146  ,44.1351,-19.786   ,43.7799,-19.9398  ,43.42  ,-20.0794   ,43.0404,-20.2049  ,42.7104,-20.3136  ,42.3041,-20.4357    ,41.9385,-20.5435  ,41.6104,-20.6498  ,45.6182,-19.2326  ,45.338 ,-19.6258   ,44.9746,-19.8126  ,44.6464,-19.9756  ,44.3136,-20.1521  ,43.9705,-20.3181   ,43.6312,-20.4606   ,43.2546,-20.5749  ,42.9157,-20.6705   ,42.4758,-20.7727  ,42.0707,-20.8303  ,41.6104,-20.6498  ,41.9274,-20.2195  ,42.2513,-20.0635  ,42.6168,-19.9209   ,42.9359,-19.7996  ,43.3137,-19.6599  ,43.691 ,-19.5198   ,44.0559,-19.3713  ,44.4012,-19.2073  ,44.7807,-19.0588  ,45.2017,-18.9584  ,43.6504,19.9388   ,-0.371553  ,539,112079,52.3087,10.5643,124.811,0
2496,45.5571,-19.2694  ,45.1294,-19.3415   ,44.7247,-19.4983 ,44.3555,-19.6772  ,44.0303,-19.8269  ,43.6506,-19.9841  ,43.2603,-20.1291   ,42.8315,-20.2598  ,42.4653,-20.3797  ,42.0935,-20.5211    ,41.7286,-20.7205  ,41.4195,-20.9508  ,45.5571,-19.2694  ,45.2635,-19.6335   ,44.9012,-19.8309  ,44.5419,-20.0317  ,44.2184,-20.2015  ,43.8367,-20.3683   ,43.4465,-20.5125   ,43.0154,-20.631   ,42.6462,-20.7331   ,42.2726,-20.8362  ,41.8995,-20.9409  ,41.4195,-20.9508  ,41.6736,-20.4264  ,42.0394,-20.1512  ,42.406 ,-19.9858   ,42.7716,-19.85    ,43.1908,-19.7072  ,43.5733,-19.5573   ,43.952 ,-19.4048  ,44.2747,-19.272   ,44.6571,-19.1142  ,45.1167,-19.0208  ,43.484 ,20.0088   ,-0.376609  ,549,114571,55.1657,10.4581,129.054,0
2497,45.3429,-19.1939  ,44.9788,-19.3745   ,44.5688,-19.5715 ,44.2466,-19.7231  ,43.8662,-19.8942  ,43.464 ,-20.0506  ,43.1025,-20.1748   ,42.737 ,-20.2959  ,42.3383,-20.4518  ,41.984 ,-20.5933    ,41.6363,-20.8101  ,41.3338,-21.0631  ,45.3429,-19.1939  ,45.1526,-19.6485   ,44.7558,-19.924   ,44.4386,-20.0801  ,44.0761,-20.26    ,43.6883,-20.425    ,43.3285,-20.5488   ,42.9554,-20.6623  ,42.5293,-20.7993   ,42.1484,-20.9085  ,41.7938,-21.0452  ,41.3338,-21.0631  ,41.5896,-20.491   ,41.9392,-20.2234  ,42.2619,-20.0607   ,42.6359,-19.8861  ,43.0005,-19.7618  ,43.3568,-19.6328   ,43.7664,-19.4801  ,44.161 ,-19.3161  ,44.4944,-19.167   ,44.9224,-19.0353  ,43.3533,20.07     ,-0.392498  ,549,114424,54.559 ,10.5327,127.296,0
2498,45.0835,-19.24    ,44.7499,-19.4761   ,44.4462,-19.6438 ,44.0909,-19.8027  ,43.7355,-19.9568  ,43.4174,-20.0794  ,43.0326,-20.2136   ,42.6902,-20.3346  ,42.3519,-20.4718  ,42.0215,-20.6107    ,41.7   ,-20.8     ,41.43  ,-21.0277  ,45.0835,-19.24    ,44.9461,-19.7529   ,44.6444,-19.9816  ,44.2971,-20.1525  ,43.9569,-20.3146  ,43.6456,-20.4423   ,43.2708,-20.5832   ,42.9289,-20.69    ,42.5856,-20.7971   ,42.2417,-20.9074  ,41.8999,-21.0311  ,41.43  ,-21.0277  ,41.6038,-20.495   ,41.9108,-20.2652  ,42.2288,-20.0995   ,42.5665,-19.9364  ,42.9065,-19.8059  ,43.2964,-19.6766   ,43.6171,-19.5559  ,43.9848,-19.4082  ,44.3508,-19.2558  ,44.6497,-19.1378  ,43.2613,20.1211   ,-0.391188  ,518,109620,50.223 ,10.5284,122.711,0
2499,44.9201,-19.2914  ,44.5903,-19.5382   ,44.281 ,-19.7213 ,43.9374,-19.9037  ,43.5954,-20.0489  ,43.2739,-20.1522  ,42.8926,-20.2703   ,42.5774,-20.38    ,42.2215,-20.5298  ,41.8628,-20.7003    ,41.5504,-20.8811  ,41.267 ,-21.0482  ,44.9201,-19.2914  ,44.819 ,-19.7911   ,44.531 ,-20.0416  ,44.1803,-20.2523  ,43.8384,-20.4093  ,43.5141,-20.5173   ,43.1269,-20.6402   ,42.793 ,-20.7426  ,42.4141,-20.8678   ,42.037 ,-21.0005  ,41.7089,-21.1136  ,41.267 ,-21.0482  ,41.4943,-20.5858  ,41.7927,-20.3463  ,42.1299,-20.1466   ,42.4654,-19.9791  ,42.7662,-19.8658  ,43.1422,-19.7531   ,43.4553,-19.6516  ,43.789 ,-19.5077  ,44.1342,-19.3426  ,44.4605,-19.2226  ,43.169 ,20.1741   ,-0.392278  ,507,107033,50.0014,10.4776,118.225,0
2500,44.9668,-19.4233  ,44.6075,-19.5609   ,44.2401,-19.7431 ,43.9373,-19.908   ,43.6004,-20.0676  ,43.2361,-20.1931  ,42.8517,-20.3052   ,42.4881,-20.4364  ,42.1767,-20.5619  ,41.8065,-20.7299    ,41.4865,-20.9124  ,41.1829,-21.0962  ,44.9668,-19.4233  ,44.7862,-19.8172   ,44.4517,-20.0683  ,44.1507,-20.2616  ,43.8236,-20.4308  ,43.4698,-20.5681   ,43.0765,-20.6813   ,42.6947,-20.8018  ,42.3681,-20.9062   ,41.9743,-21.0247  ,41.6402,-21.1225  ,41.1829,-21.0962  ,41.4382,-20.6397  ,41.7454,-20.3806  ,42.0897,-20.1747   ,42.3846,-20.0314  ,42.7341,-19.8952  ,43.1118,-19.7859   ,43.4739,-19.6626  ,43.8223,-19.5025  ,44.1323,-19.3618  ,44.5322,-19.2638  ,43.1098,20.2127   ,-0.390086  ,500,105705,50.9097,10.5497,120.468,0
2501,44.989 ,-19.5072  ,44.5963,-19.599    ,44.261 ,-19.7346 ,43.9151,-19.9292  ,43.5694,-20.0939  ,43.2497,-20.2151  ,42.9029,-20.3184   ,42.5104,-20.4466  ,42.1887,-20.5696  ,41.7998,-20.7345    ,41.457 ,-20.8984  ,41.1733,-21.0326  ,44.989 ,-19.5072  ,44.733 ,-19.9085   ,44.4213,-20.079   ,44.0663,-20.2974  ,43.732 ,-20.4772  ,43.4232,-20.603    ,43.0771,-20.7042   ,42.6733,-20.8229  ,42.3374,-20.9353   ,41.9219,-21.0541  ,41.5667,-21.1288  ,41.1733,-21.0326  ,41.4603,-20.6135  ,41.7913,-20.3643  ,42.1479,-20.1614   ,42.4567,-20.0318  ,42.8446,-19.8983  ,43.1883,-19.7905   ,43.5078,-19.6667  ,43.8605,-19.5078  ,44.2059,-19.3379  ,44.5766,-19.2593  ,43.1382,20.2156   ,-0.387949  ,497,104974,50.5682,10.3728,119.64 ,0
2502,44.9789,-19.449   ,44.558 ,-19.5935   ,44.2118,-19.7298 ,43.9041,-19.8847  ,43.5656,-20.0705  ,43.205 ,-20.2451  ,42.862 ,-20.3597   ,42.4608,-20.4845  ,42.1339,-20.6116  ,41.7509,-20.7741    ,41.4112,-20.9178  ,41.1083,-21.0653  ,44.9789,-19.449   ,44.744 ,-19.8763   ,44.4462,-20.0397  ,44.1466,-20.1998  ,43.7991,-20.4012  ,43.4347,-20.5946   ,43.0932,-20.7239   ,42.6785,-20.8412  ,42.3361,-20.9504   ,41.9288,-21.0807  ,41.5569,-21.1619  ,41.1083,-21.0653  ,41.3758,-20.623   ,41.6855,-20.4226  ,42.0394,-20.2267   ,42.3547,-20.0897  ,42.7478,-19.9609  ,43.0843,-19.8503   ,43.4291,-19.6879  ,43.7601,-19.5148  ,44.0876,-19.3739  ,44.4913,-19.2707  ,43.0809,20.236    ,-0.398625  ,506,106453,51.555 ,10.2722,121.054,0
2503,44.9818,-19.4711  ,44.5792,-19.5797   ,44.2313,-19.711  ,43.8555,-19.8891  ,43.5478,-20.0503  ,43.2082,-20.2262  ,42.8569,-20.3783   ,42.4781,-20.509   ,42.1016,-20.6454  ,41.7722,-20.785     ,41.4292,-20.9578  ,41.1155,-21.1361  ,44.9818,-19.4711  ,44.7272,-19.8572   ,44.4312,-20.0187  ,44.0835,-20.2139  ,43.7894,-20.3836  ,43.4482,-20.5759   ,43.0897,-20.7261   ,42.7036,-20.8544  ,42.3174,-20.9836   ,41.9828,-21.101   ,41.6175,-21.2103  ,41.1155,-21.1361  ,41.3555,-20.6436  ,41.6733,-20.4184  ,41.9936,-20.2659   ,42.3614,-20.1269  ,42.7291,-19.9905  ,43.0639,-19.8289   ,43.407 ,-19.6632  ,43.7318,-19.5122  ,44.1443,-19.3553  ,44.5478,-19.2698  ,43.0275,20.2613   ,-0.413533  ,514,108109,51.7789,10.3022,121.64 ,0
2504,44.9614,-19.4537  ,44.551 ,-19.5799   ,44.1945,-19.7241 ,43.8613,-19.8861  ,43.4878,-20.0809  ,43.1644,-20.2338  ,42.7709,-20.3923   ,42.4393,-20.5169  ,42.0726,-20.6764  ,41.6911,-20.8493    ,41.3474,-21.0047  ,41.0118,-21.1272  ,44.9614,-19.4537  ,44.7295,-19.851    ,44.4242,-20.0213  ,44.1109,-20.1996  ,43.7487,-20.4073  ,43.4145,-20.5784   ,43.0009,-20.753    ,42.6527,-20.8744  ,42.2653,-21.0232   ,41.8611,-21.1672  ,41.4973,-21.2875  ,41.0118,-21.1272  ,41.3126,-20.6704  ,41.6328,-20.4797  ,41.9854,-20.2834   ,42.3336,-20.1168  ,42.6531,-19.9891  ,43.0251,-19.8404   ,43.3326,-19.6995  ,43.7201,-19.5181  ,44.0809,-19.3747  ,44.492 ,-19.2724  ,42.9924,20.2803   ,-0.422076  ,522,109244,52.6916,10.2941,124.468,0
2505,44.893 ,-19.525   ,44.4951,-19.604    ,44.0893,-19.7784 ,43.7671,-19.9366  ,43.4005,-20.1088  ,43.0357,-20.2827  ,42.644 ,-20.4373   ,42.3091,-20.5692  ,41.9387,-20.7415  ,41.6121,-20.9132    ,41.2356,-21.055   ,40.8636,-21.1361  ,44.893 ,-19.525   ,44.6208,-19.8953   ,44.2377,-20.1159  ,43.9193,-20.2967  ,43.5597,-20.4776  ,43.2008,-20.6578   ,42.8128,-20.8176   ,42.4657,-20.9434  ,42.0787,-21.1036   ,41.7543,-21.2546  ,41.3518,-21.3399  ,40.8636,-21.1361  ,41.2493,-20.731   ,41.5853,-20.5155  ,41.9029,-20.326    ,42.2607,-20.1486  ,42.5896,-20.0147  ,42.9781,-19.8603   ,43.344 ,-19.6892  ,43.7218,-19.5273  ,44.0513,-19.3855  ,44.4934,-19.2745  ,42.9109,20.3168   ,-0.429721  ,528,111628,53.4666,10.22  ,125.882,0
2506,44.8113,-19.5269  ,44.3617,-19.653    ,44.0127,-19.8132 ,43.681 ,-19.9692  ,43.3137,-20.1522  ,42.9261,-20.3213  ,42.5249,-20.4801   ,42.1873,-20.621   ,41.7935,-20.8044  ,41.4526,-20.9827    ,41.0681,-21.1179  ,40.6865,-21.1201  ,44.8113,-19.5269  ,44.5079,-19.9666   ,44.1678,-20.1586  ,43.8412,-20.3369  ,43.4708,-20.5229  ,43.0847,-20.6989   ,42.6783,-20.8602   ,42.3301,-20.9984  ,41.9357,-21.1683   ,41.5977,-21.3224  ,41.1838,-21.4082  ,40.6865,-21.1201  ,41.0857,-20.8004  ,41.4255,-20.5828  ,41.7623,-20.3826   ,42.1569,-20.196   ,42.4863,-20.0552  ,42.8825,-19.8987   ,43.2618,-19.7293  ,43.628 ,-19.5501  ,43.9719,-19.4128  ,44.3357,-19.2937  ,42.7926,20.3652   ,-0.427926  ,550,114025,54.7142,10.1496,129.296,0
2507,44.6816,-19.4255  ,44.2977,-19.6484   ,43.9558,-19.8385 ,43.5648,-20.0224  ,43.1904,-20.2039  ,42.8058,-20.366   ,42.4018,-20.5148   ,42.0189,-20.6852  ,41.6484,-20.8808  ,41.3117,-21.0363    ,40.9226,-21.1541  ,40.5194,-21.2222  ,44.6816,-19.4255  ,44.4879,-19.9154   ,44.1496,-20.1729  ,43.749 ,-20.3743  ,43.3748,-20.5699  ,42.9986,-20.7328   ,42.6094,-20.8866   ,42.2209,-21.0416  ,41.8506,-21.2096   ,41.5095,-21.3455  ,41.0761,-21.4215  ,40.5194,-21.2222  ,40.9046,-20.8568  ,41.2327,-20.6763  ,41.5518,-20.4981   ,41.9249,-20.2761  ,42.3085,-20.0996  ,42.7248,-19.9542   ,43.1139,-19.79    ,43.4891,-19.6159  ,43.876 ,-19.4473  ,44.2202,-19.313   ,42.6657,20.4097   ,-0.424103  ,554,115607,55.8923,10.3338,130.125,0
2508,44.6561,-19.5447  ,44.2652,-19.6755   ,43.8462,-19.872  ,43.5067,-20.0428  ,43.121 ,-20.2175  ,42.7315,-20.3799  ,42.3931,-20.5167   ,42.0106,-20.6844  ,41.6335,-20.8668  ,41.2204,-21.0433    ,40.8373,-21.1271  ,40.4733,-21.1017  ,44.6561,-19.5447  ,44.4341,-19.9532   ,44.0369,-20.214   ,43.6818,-20.4084  ,43.2945,-20.5989  ,42.9083,-20.7613   ,42.5747,-20.9008   ,42.1796,-21.0593  ,41.7958,-21.2287   ,41.3553,-21.3696  ,40.915 ,-21.4097  ,40.4733,-21.1017  ,40.8891,-20.8302  ,41.207 ,-20.6731  ,41.583 ,-20.4513   ,41.949 ,-20.2604  ,42.324 ,-20.0867  ,42.6655,-19.9514   ,43.058 ,-19.7891  ,43.4444,-19.6228  ,43.7701,-19.4707  ,44.2206,-19.3462  ,42.6261,20.4144   ,-0.417758  ,553,115289,55.3329,10.4473,128.468,0
2509,44.4245,-19.5974  ,44.0377,-19.7859   ,43.7093,-19.9407 ,43.3457,-20.1169  ,42.9647,-20.2781  ,42.5963,-20.4351  ,42.2261,-20.5901   ,41.8674,-20.7543  ,41.557 ,-20.9106  ,41.1622,-21.0721    ,40.7831,-21.1468  ,40.4192,-21.1418  ,44.4245,-19.5974  ,44.2345,-20.0653   ,43.92  ,-20.2689  ,43.5544,-20.4491  ,43.1759,-20.6322  ,42.8216,-20.8008   ,42.4468,-20.9525   ,42.0729,-21.105   ,41.7602,-21.2449   ,41.3368,-21.3793  ,40.8914,-21.4092  ,40.4192,-21.1418  ,40.8032,-20.87    ,41.1061,-20.7262  ,41.4607,-20.5234   ,41.763 ,-20.3544  ,42.1092,-20.182   ,42.4773,-20.0256   ,42.8609,-19.8797  ,43.2435,-19.7339  ,43.6038,-19.5639  ,43.9559,-19.4502  ,42.5248,20.4622   ,-0.413196  ,533,112478,53.1524,10.4032,125.054,0
2510,44.2701,-19.6141  ,43.9218,-19.8361   ,43.5438,-20.0263 ,43.2216,-20.1722  ,42.8405,-20.323   ,42.4695,-20.4737  ,42.1609,-20.6191   ,41.7935,-20.7944  ,41.424 ,-20.9572  ,41.0772,-21.0948    ,40.6948,-21.186   ,40.325 ,-21.2306  ,44.2701,-19.6141  ,44.1405,-20.0768   ,43.7759,-20.3426  ,43.452 ,-20.5055  ,43.0778,-20.6771  ,42.7077,-20.8318   ,42.4017,-20.974    ,42.0385,-21.1347  ,41.6499,-21.281    ,41.2686,-21.3849  ,40.8155,-21.4301  ,40.325 ,-21.2306  ,40.703 ,-20.9189  ,41.0069,-20.7627  ,41.3076,-20.5872   ,41.6526,-20.406   ,42.0241,-20.2142  ,42.3346,-20.0699   ,42.7108,-19.9268  ,43.1008,-19.7927  ,43.4178,-19.6607  ,43.8135,-19.5269  ,42.4089,20.5097   ,-0.405843  ,519,109691,52.6403,10.4052,122.225,0
2511,44.1749,-19.8602  ,43.7506,-19.9488   ,43.41  ,-20.0746 ,43.0418,-20.2329  ,42.7257,-20.3678  ,42.3584,-20.525   ,41.9929,-20.6898   ,41.6766,-20.845   ,41.2994,-21.0074  ,40.9386,-21.1251    ,40.5747,-21.189   ,40.2203,-21.2701  ,44.1749,-19.8602  ,43.8765,-20.2829   ,43.5683,-20.4362  ,43.2259,-20.6039  ,42.9242,-20.7449  ,42.5576,-20.8984   ,42.2074,-21.0644   ,41.8922,-21.1953  ,41.5009,-21.3383   ,41.0987,-21.4067  ,40.6746,-21.386   ,40.2203,-21.2701  ,40.5902,-20.9781  ,40.9029,-20.8093  ,41.2109,-20.6335   ,41.565 ,-20.4427  ,41.8846,-20.2666  ,42.2613,-20.1046   ,42.6345,-19.9474  ,42.9622,-19.8162  ,43.3595,-19.6693  ,43.746 ,-19.5819  ,42.3215,20.5427   ,-0.400516  ,507,106682,51.7505,10.555 ,122.811,0
2512,44.1657,-19.8232  ,43.7817,-19.9163   ,43.4304,-20.0292 ,43.0575,-20.1948  ,42.7041,-20.3566  ,42.3537,-20.5203  ,41.9999,-20.681    ,41.6955,-20.8228  ,41.3251,-20.9986  ,40.9746,-21.1102    ,40.6006,-21.18    ,40.2439,-21.2527  ,44.1657,-19.8232  ,43.9377,-20.2149   ,43.6157,-20.3623  ,43.2531,-20.5471  ,42.9175,-20.7165  ,42.5824,-20.8849   ,42.2416,-21.0501   ,41.9321,-21.1783  ,41.556 ,-21.3225   ,41.1666,-21.4037  ,40.723 ,-21.4119  ,40.2439,-21.2527  ,40.6015,-20.929   ,40.9044,-20.7858  ,41.2042,-20.6285   ,41.5606,-20.4175  ,41.859 ,-20.2657  ,42.2267,-20.1101   ,42.5907,-19.9499  ,42.9637,-19.7952  ,43.3594,-19.6521  ,43.7415,-19.591   ,42.2815,20.5444   ,-0.405132  ,504,105087,51.4562,10.7024,120.811,0
2513,44.1585,-19.9047  ,43.7388,-19.9626   ,43.4142,-20.0487 ,43.0459,-20.1749  ,42.7119,-20.3313  ,42.3681,-20.5033  ,42.0137,-20.6636   ,41.6448,-20.8469  ,41.2977,-21.011   ,40.9494,-21.1203    ,40.58  ,-21.1882  ,40.2391,-21.2343  ,44.1585,-19.9047  ,43.8746,-20.2816   ,43.572 ,-20.3958  ,43.2322,-20.5224  ,42.9175,-20.6773  ,42.5785,-20.8626   ,42.2196,-21.0372   ,41.8553,-21.2142  ,41.516 ,-21.3544   ,41.1244,-21.4221  ,40.6786,-21.4305  ,40.2391,-21.2343  ,40.603 ,-20.9273  ,40.8954,-20.7885  ,41.1871,-20.6229   ,41.525 ,-20.4324  ,41.9055,-20.2451  ,42.2601,-20.0968   ,42.5997,-19.9368  ,42.9607,-19.7882  ,43.3639,-19.6686  ,43.7109,-19.6258  ,42.2482,20.5604   ,-0.400814  ,499,105786,51.1806,10.4512,119.397,0
2514,44.1265,-19.9663  ,43.7376,-20.0053   ,43.3726,-20.087  ,42.999 ,-20.2283  ,42.6522,-20.3853  ,42.3116,-20.5453  ,41.964 ,-20.7001   ,41.6128,-20.8518  ,41.2552,-21.0053  ,40.901 ,-21.1116    ,40.5165,-21.1827  ,40.1607,-21.2206  ,44.1265,-19.9663  ,43.8709,-20.3022   ,43.5497,-20.4213  ,43.2063,-20.5696  ,42.8818,-20.7351  ,42.5481,-20.8947   ,42.1967,-21.0404   ,41.8566,-21.1938  ,41.4906,-21.3374   ,41.0867,-21.4164  ,40.6161,-21.4308  ,40.1607,-21.2206  ,40.5439,-20.9156  ,40.84  ,-20.7758  ,41.1278,-20.632    ,41.4689,-20.4661  ,41.8311,-20.316   ,42.1731,-20.1508   ,42.5209,-19.9903  ,42.8934,-19.8431  ,43.3108,-19.7194  ,43.7282,-19.6913  ,42.2113,20.5802   ,-0.383354  ,504,106919,51.4303,10.2175,119.983,0
2515,44.1282,-19.9318  ,43.7307,-19.9978   ,43.3785,-20.0939 ,42.9962,-20.2329  ,42.6427,-20.3886  ,42.3056,-20.5544  ,41.9612,-20.715    ,41.5944,-20.8585  ,41.2776,-20.9852  ,40.9166,-21.0872    ,40.5257,-21.1505  ,40.1618,-21.1524  ,44.1282,-19.9318  ,43.8648,-20.3008   ,43.5447,-20.4213  ,43.1984,-20.5736  ,42.8689,-20.7404  ,42.5392,-20.9073   ,42.2011,-21.0678   ,41.8318,-21.2043  ,41.5007,-21.3181   ,41.1059,-21.4035  ,40.635 ,-21.4144  ,40.1618,-21.1524  ,40.5461,-20.8724  ,40.8541,-20.7415  ,41.1643,-20.6117   ,41.4607,-20.4706  ,41.8238,-20.3195  ,42.1673,-20.1534   ,42.5156,-19.9916  ,42.899 ,-19.8496  ,43.3258,-19.7306  ,43.7151,-19.6718  ,42.181 ,20.5893   ,-0.375789  ,508,107825,51.3712,10.3099,120.569,0
2516,44.0742,-20.0418  ,43.6374,-20.0355   ,43.2836,-20.132  ,42.9623,-20.2645  ,42.6063,-20.427   ,42.2529,-20.5901  ,41.8807,-20.7394   ,41.5528,-20.8602  ,41.1611,-21.0014  ,40.7921,-21.1101    ,40.424 ,-21.2005  ,40.0965,-21.225   ,44.0742,-20.0418  ,43.7251,-20.3626   ,43.4015,-20.4785  ,43.1096,-20.6181  ,42.7763,-20.788   ,42.4373,-20.9539   ,42.0759,-21.1028   ,41.76  ,-21.2252  ,41.3566,-21.3517   ,40.9492,-21.4405  ,40.5189,-21.493   ,40.0965,-21.225   ,40.4464,-20.8827  ,40.7613,-20.7455  ,41.0814,-20.6116   ,41.4559,-20.4557  ,41.7925,-20.3338  ,42.1723,-20.182    ,42.5366,-20.0189  ,42.9186,-19.8647  ,43.2777,-19.7455  ,43.6735,-19.6925  ,42.1223,20.6113   ,-0.36723   ,511,109178,51.4405,10.1476,121.983,0
2517,44.0609,-19.9447  ,43.6603,-20.0224   ,43.2953,-20.1326 ,42.8967,-20.2938  ,42.5212,-20.4669  ,42.2012,-20.6165  ,41.8076,-20.776    ,41.4471,-20.8974  ,41.0775,-21.0163  ,40.6996,-21.1311    ,40.299 ,-21.1957  ,39.9453,-21.1953  ,44.0609,-19.9447  ,43.7805,-20.3336   ,43.4333,-20.4648  ,43.0623,-20.6425  ,42.6984,-20.8265  ,42.3856,-20.9834   ,41.9991,-21.1505   ,41.6407,-21.2765  ,41.2479,-21.3845   ,40.8255,-21.4795  ,40.3596,-21.491   ,39.9453,-21.1953  ,40.3677,-20.8876  ,40.705 ,-20.7498  ,41.0293,-20.6067   ,41.3769,-20.4798  ,41.7316,-20.3582  ,42.1258,-20.2013   ,42.4495,-20.0568  ,42.8405,-19.8963  ,43.2773,-19.7588  ,43.6588,-19.6805  ,42.0398,20.6423   ,-0.362395  ,525,111369,53.1706,10.2928,125.397,0
2518,43.9987,-20.0421  ,43.5843,-20.0711   ,43.1829,-20.1754 ,42.7695,-20.3423  ,42.4049,-20.5227  ,42.0254,-20.6912  ,41.6837,-20.8246   ,41.2546,-20.9611  ,40.8871,-21.0792  ,40.5096,-21.1965    ,40.1116,-21.3228  ,39.7485,-21.4168  ,43.9987,-20.0421  ,43.7009,-20.3637   ,43.3519,-20.5125  ,42.9515,-20.7021  ,42.5873,-20.8821  ,42.2231,-21.0593   ,41.8863,-21.1944   ,41.4535,-21.3261  ,41.0583,-21.426    ,40.6472,-21.5271  ,40.2197,-21.6099  ,39.7485,-21.4168  ,40.1369,-20.9929  ,40.5013,-20.8266  ,40.8376,-20.6924   ,41.181 ,-20.5588  ,41.5972,-20.4116  ,41.9386,-20.2765   ,42.3268,-20.1124  ,42.6966,-19.9321  ,43.1429,-19.7958  ,43.6022,-19.7595  ,41.9102,20.6935   ,-0.362667  ,544,115179,55.0794,10.2336,128.811,0
2519,43.8413,-19.987   ,43.4214,-20.1032   ,42.9958,-20.2533 ,42.6544,-20.4018  ,42.2713,-20.5838  ,41.8682,-20.7506  ,41.4947,-20.8754   ,41.1075,-21.0073  ,40.6665,-21.1653  ,40.2942,-21.2979    ,39.881 ,-21.4136  ,39.5197,-21.482   ,43.8413,-19.987   ,43.5754,-20.3982   ,43.1934,-20.5789  ,42.8709,-20.7392  ,42.4969,-20.9287  ,42.1058,-21.1057   ,41.737 ,-21.2323   ,41.3625,-21.355   ,40.9036,-21.4865   ,40.4862,-21.5971  ,40.0096,-21.6691  ,39.5197,-21.482   ,39.8954,-21.1227  ,40.2304,-20.9561  ,40.5519,-20.799    ,40.9816,-20.6133  ,41.3795,-20.4772  ,41.7505,-20.3515   ,42.1567,-20.1884  ,42.5486,-20.0129  ,42.9161,-19.8808  ,43.3893,-19.7637  ,41.7356,20.7599   ,-0.364738  ,556,117919,56.224 ,10.2462,131.397,0
2520,43.6796,-20.0512  ,43.2723,-20.1434   ,42.847 ,-20.3005 ,42.519 ,-20.4582  ,42.1565,-20.6305  ,41.7819,-20.781   ,41.3725,-20.9138   ,40.9515,-21.0564  ,40.6142,-21.1869  ,40.1956,-21.3186    ,39.807 ,-21.3985  ,39.4355,-21.4309  ,43.6796,-20.0512  ,43.4291,-20.4197   ,43.0495,-20.6279  ,42.7169,-20.8064  ,42.3588,-20.9976  ,41.9894,-21.1483   ,41.5895,-21.2783   ,41.1744,-21.3995  ,40.8266,-21.5127   ,40.3741,-21.6292  ,39.9216,-21.6644  ,39.4355,-21.4309  ,39.8224,-21.1115  ,40.1433,-20.9753  ,40.513 ,-20.8179   ,40.8458,-20.6704  ,41.2758,-20.5112  ,41.6866,-20.3744   ,42.0564,-20.216   ,42.4274,-20.0571  ,42.7588,-19.9227  ,43.2429,-19.8333  ,41.6279,20.7905   ,-0.362488  ,543,115897,55.0276,10.2777,128.569,0
2521,43.4671,-19.9789  ,43.0844,-20.1893   ,42.7622,-20.3394 ,42.4028,-20.5142  ,42.0504,-20.6767  ,41.6675,-20.8132  ,41.2787,-20.9455   ,40.9457,-21.0596  ,40.5488,-21.2026  ,40.1817,-21.3174    ,39.8034,-21.3886  ,39.4496,-21.3987  ,43.4671,-19.9789  ,43.2669,-20.4606   ,42.9591,-20.6682  ,42.606 ,-20.8665  ,42.2613,-21.0434  ,41.8853,-21.1837   ,41.4863,-21.3093   ,41.1343,-21.4113  ,40.7331,-21.5428   ,40.3416,-21.6341  ,39.8972,-21.654   ,39.4496,-21.3987  ,39.8348,-21.107   ,40.147 ,-20.9674  ,40.4815,-20.8201   ,40.868 ,-20.6691  ,41.1824,-20.5442  ,41.5616,-20.4053   ,41.9421,-20.266   ,42.301 ,-20.113   ,42.6708,-19.9626  ,43.0094,-19.864   ,41.5553,20.8175   ,-0.361875  ,520,110790,52.6876,10.3396,123.397,0
2522,43.3381,-20.0819  ,42.9574,-20.2461   ,42.642 ,-20.395  ,42.2903,-20.5711  ,41.9375,-20.7264  ,41.5678,-20.8627  ,41.231 ,-20.9776   ,40.8881,-21.0954  ,40.4943,-21.2255  ,40.1477,-21.3351    ,39.7912,-21.4331  ,39.4352,-21.495   ,43.3381,-20.0819  ,43.1415,-20.512    ,42.8464,-20.7133  ,42.5003,-20.9151  ,42.1564,-21.088   ,41.7995,-21.2304   ,41.4808,-21.3437   ,41.1439,-21.4454  ,40.7312,-21.5594   ,40.3321,-21.6444  ,39.912 ,-21.7074  ,39.4352,-21.495   ,39.7885,-21.1294  ,40.0807,-20.99    ,40.3701,-20.8544   ,40.7461,-20.7075  ,41.0956,-20.5724  ,41.4443,-20.4569   ,41.821 ,-20.3237  ,42.1801,-20.178   ,42.5405,-20.027   ,42.881 ,-19.9234  ,41.4558,20.8622   ,-0.360445  ,506,107818,51.0792,10.574 ,119.983,0
2523,43.2548,-20.2115  ,42.8514,-20.294    ,42.491 ,-20.4566 ,42.1434,-20.6343  ,41.7932,-20.7897  ,41.4665,-20.8993  ,41.0717,-21.035    ,40.7312,-21.1558  ,40.3784,-21.2731  ,39.958 ,-21.3935    ,39.6005,-21.4912  ,39.2751,-21.5978  ,43.2548,-20.2115  ,42.9867,-20.6164   ,42.6478,-20.8102  ,42.3137,-21.0098  ,41.976 ,-21.1761  ,41.664 ,-21.2848   ,41.2935,-21.4074   ,40.9656,-21.5085  ,40.6043,-21.5962   ,40.1327,-21.6769  ,39.7171,-21.7108  ,39.2751,-21.5978  ,39.5992,-21.2384  ,39.904 ,-21.0775  ,40.272 ,-20.9126   ,40.6118,-20.7637  ,40.9626,-20.6213  ,41.3802,-20.4778   ,41.7149,-20.3642  ,42.0707,-20.2086  ,42.4351,-20.0528  ,42.8199,-19.926   ,41.3808,20.891    ,-0.359437  ,509,107702,51.8763,10.4914,122.225,0
2524,43.256 ,-20.2383  ,42.8424,-20.2859   ,42.4896,-20.4311 ,42.1501,-20.6112  ,41.8091,-20.7879  ,41.4476,-20.9321  ,41.0694,-21.0561   ,40.7366,-21.1653  ,40.3769,-21.2762  ,40.005 ,-21.3847    ,39.6451,-21.4809  ,39.2714,-21.5671  ,43.256 ,-20.2383  ,42.9668,-20.6238   ,42.6379,-20.7823  ,42.3098,-20.9763  ,41.9696,-21.1656  ,41.6213,-21.3189   ,41.2539,-21.4385   ,40.9231,-21.533   ,40.5622,-21.6188   ,40.1508,-21.6823  ,39.7293,-21.7113  ,39.2714,-21.5671  ,39.676 ,-21.2229  ,39.9833,-21.0513  ,40.3144,-20.8969   ,40.6644,-20.761   ,40.9938,-20.6384  ,41.3797,-20.5078   ,41.7485,-20.3631  ,42.0858,-20.1941  ,42.4406,-20.0326  ,42.8224,-19.9227  ,41.3872,20.8943   ,-0.365797  ,503,106986,51.8223,10.3797,122.811,0
2525,43.2756,-20.2964  ,42.86  ,-20.3341   ,42.5085,-20.4195 ,42.1539,-20.5705  ,41.8241,-20.7523  ,41.4935,-20.9163  ,41.1254,-21.0486   ,40.7441,-21.1737  ,40.4051,-21.2792  ,40.0441,-21.3761    ,39.6894,-21.4656  ,39.3337,-21.5413  ,43.2756,-20.2964  ,42.9727,-20.644    ,42.6687,-20.7643  ,42.3447,-20.9235  ,42.0195,-21.1184  ,41.6959,-21.2865   ,41.3452,-21.4187   ,40.9634,-21.5325  ,40.6032,-21.6207   ,40.1956,-21.6935  ,39.7793,-21.7328  ,39.3337,-21.5413  ,39.7136,-21.1701  ,40.0142,-21.0276  ,40.3231,-20.9037   ,40.6351,-20.7797  ,41.0142,-20.643   ,41.3888,-20.503    ,41.7217,-20.335   ,42.06  ,-20.1685  ,42.4581,-20.0408  ,42.8693,-20.0077  ,41.3759,20.9003   ,-0.364137  ,502,107014,51.0508,10.3433,120.569,0
2526,43.2766,-20.3267  ,42.8565,-20.3473   ,42.4969,-20.4334 ,42.1302,-20.5808  ,41.7904,-20.7536  ,41.4331,-20.9293  ,41.1076,-21.0666   ,40.7114,-21.1987  ,40.3658,-21.3045  ,40.0067,-21.4043    ,39.5806,-21.4857  ,39.2558,-21.4995  ,43.2766,-20.3267  ,42.9596,-20.6694   ,42.6399,-20.7836  ,42.3033,-20.939   ,41.971 ,-21.1142  ,41.6114,-21.2996   ,41.2986,-21.4289   ,40.9082,-21.5496  ,40.5571,-21.6506   ,40.1608,-21.7295  ,39.6547,-21.7462  ,39.2558,-21.4995  ,39.6258,-21.2101  ,39.9737,-21.0474  ,40.2918,-20.9236   ,40.6286,-20.8123  ,41.0274,-20.6613  ,41.3603,-20.5113   ,41.7073,-20.3413  ,42.0569,-20.1768  ,42.4664,-20.0476  ,42.8773,-20.0104  ,41.3345,20.9198   ,-0.364919  ,511,108498,51.8948,10.1459,121.74 ,0
2527,43.2726,-20.2668  ,42.8492,-20.3337   ,42.4976,-20.4323 ,42.1311,-20.5802  ,41.7951,-20.7473  ,41.4552,-20.9104  ,41.102 ,-21.064    ,40.7197,-21.1972  ,40.3171,-21.323   ,39.9466,-21.4196    ,39.5451,-21.484   ,39.2256,-21.518   ,43.2726,-20.2668  ,42.984 ,-20.639    ,42.6681,-20.7662  ,42.3338,-20.925   ,42.0056,-21.0909  ,41.6777,-21.2574   ,41.3363,-21.4139   ,40.9501,-21.5385  ,40.5389,-21.6583   ,40.1219,-21.7334  ,39.6479,-21.7429  ,39.2256,-21.518   ,39.5759,-21.2076  ,39.8996,-21.0771  ,40.2135,-20.9523   ,40.6019,-20.8199  ,40.9711,-20.672   ,41.332 ,-20.5185   ,41.6796,-20.3556  ,42.0281,-20.1896  ,42.4382,-20.0613  ,42.8365,-20.0065  ,41.2927,20.932    ,-0.363106  ,516,110560,52.305 ,10.1421,123.154,0
2528,43.2217,-20.3824  ,42.805 ,-20.3484   ,42.4478,-20.4441 ,42.0794,-20.6197  ,41.728 ,-20.7843  ,41.3734,-20.9429  ,41.004 ,-21.0913   ,40.6137,-21.2265  ,40.2612,-21.335   ,39.903 ,-21.4449    ,39.5332,-21.5324  ,39.156 ,-21.5895  ,43.2217,-20.3824  ,42.8732,-20.6634   ,42.5598,-20.7863  ,42.212 ,-20.9811  ,41.8826,-21.1548  ,41.5467,-21.3135   ,41.1902,-21.4582   ,40.8103,-21.5875  ,40.4518,-21.683    ,40.0626,-21.7717  ,39.6481,-21.8266  ,39.156 ,-21.5895  ,39.5401,-21.2131  ,39.8662,-21.0842  ,40.1873,-20.9493   ,40.5332,-20.8296  ,40.9244,-20.6828  ,41.3045,-20.5292   ,41.6729,-20.3672  ,42.048 ,-20.2082  ,42.4487,-20.0587  ,42.8589,-20.0224  ,41.2247,20.9558   ,-0.366313  ,522,112501,52.6583,10.0671,126.225,0
2529,43.1902,-20.225   ,42.7898,-20.3413   ,42.3635,-20.4801 ,42.0343,-20.6387  ,41.6664,-20.8123  ,41.2949,-20.9807  ,40.9058,-21.1369   ,40.4874,-21.2752  ,40.1232,-21.3948  ,39.733 ,-21.4985    ,39.3203,-21.5511  ,38.9614,-21.535   ,43.1902,-20.225   ,42.9465,-20.6377   ,42.5425,-20.7962  ,42.2201,-20.9766  ,41.8643,-21.163   ,41.5083,-21.3394   ,41.127 ,-21.4988   ,40.7103,-21.6357  ,40.3228,-21.7398   ,39.8867,-21.8202  ,39.3996,-21.8159  ,38.9614,-21.535   ,39.3744,-21.2786  ,39.7154,-21.1477  ,40.0452,-21.0091   ,40.3877,-20.8774  ,40.7978,-20.7316  ,41.1897,-20.5751   ,41.5722,-20.4119  ,41.9555,-20.2491  ,42.3008,-20.1156  ,42.7547,-20.0033  ,41.152 ,20.986    ,-0.362089  ,535,114743,54.8172,10.2377,127.983,0
2530,43.1086,-20.2623  ,42.6562,-20.3776   ,42.2981,-20.5137 ,41.9132,-20.6965  ,41.5423,-20.8714  ,41.1606,-21.0389  ,40.7574,-21.1907   ,40.3929,-21.3075  ,39.9603,-21.4435  ,39.5659,-21.5531    ,39.1437,-21.622   ,38.7739,-21.6034  ,43.1086,-20.2623  ,42.792 ,-20.6931   ,42.4527,-20.8449  ,42.0824,-21.0518  ,41.7267,-21.2323  ,41.3605,-21.4049   ,40.9538,-21.5478   ,40.5911,-21.6607  ,40.155 ,-21.7909   ,39.7312,-21.8871  ,39.2379,-21.9117  ,38.7739,-21.6034  ,39.1892,-21.3183  ,39.5364,-21.1855  ,39.8908,-21.0566   ,40.3177,-20.9161  ,40.6801,-20.7932  ,41.0714,-20.6262   ,41.4639,-20.4606  ,41.852 ,-20.2917  ,42.2591,-20.13    ,42.6411,-20.0275  ,40.9957,21.0425   ,-0.359204  ,556,119020,56.1788,10.1871,131.983,0
2531,43.0104,-20.3393  ,42.5434,-20.415    ,42.1774,-20.5607 ,41.7966,-20.7408  ,41.4148,-20.9085  ,41.0193,-21.067   ,40.6138,-21.2194   ,40.1805,-21.3539  ,39.813 ,-21.4752  ,39.35  ,-21.5973    ,38.9865,-21.6475  ,38.5813,-21.6978  ,43.0104,-20.3393  ,42.6834,-20.7148   ,42.3567,-20.9025  ,41.9919,-21.0998  ,41.6316,-21.2761  ,41.2358,-21.4278   ,40.8389,-21.5794   ,40.4113,-21.7108  ,40.0209,-21.8139   ,39.5043,-21.906   ,39.0877,-21.9137  ,38.5813,-21.6978  ,39.0289,-21.3646  ,39.3381,-21.2617  ,39.7276,-21.0952   ,40.0726,-20.9574  ,40.5097,-20.8194  ,40.9152,-20.6603   ,41.3092,-20.4944  ,41.7088,-20.3323  ,42.1127,-20.1659  ,42.5337,-20.0808  ,40.8763,21.0675   ,-0.349756  ,564,120335,57.1733,10.3701,132.811,0
2532,42.7444,-20.2444  ,42.3679,-20.444    ,41.9786,-20.6292 ,41.6085,-20.815   ,41.2846,-20.9522  ,40.8976,-21.0985  ,40.4928,-21.2351   ,40.084 ,-21.3711  ,39.7156,-21.4806  ,39.3274,-21.5739    ,38.9246,-21.622   ,38.5517,-21.621   ,42.7444,-20.2444  ,42.5729,-20.7193   ,42.1953,-20.9566  ,41.8242,-21.169   ,41.4984,-21.318   ,41.1177,-21.4698   ,40.7149,-21.6089   ,40.28  ,-21.7284  ,39.8937,-21.8319   ,39.4554,-21.9035  ,38.9968,-21.9028  ,38.5517,-21.621   ,38.9858,-21.3337  ,39.3314,-21.2175  ,39.6632,-21.0939   ,40.0061,-20.9753  ,40.3885,-20.8235  ,40.7887,-20.6854   ,41.1805,-20.5439  ,41.4976,-20.4089  ,41.8701,-20.249   ,42.2745,-20.1173  ,40.758 ,21.0915   ,-0.341782  ,548,116655,54.6797,10.4333,127.983,0
2533,42.595 ,-20.3623  ,42.198 ,-20.529    ,41.8408,-20.6896 ,41.5052,-20.8428  ,41.1702,-20.9895  ,40.8115,-21.1194  ,40.4422,-21.2419   ,40.0586,-21.3609  ,39.7002,-21.4534  ,39.3072,-21.528     ,38.8992,-21.5693  ,38.5636,-21.5758  ,42.595 ,-20.3623  ,42.3782,-20.8252   ,42.0391,-21.0331  ,41.718 ,-21.1966  ,41.4038,-21.3502  ,41.0616,-21.4852   ,40.6989,-21.6055   ,40.3045,-21.7118  ,39.9199,-21.7911   ,39.4624,-21.8389  ,38.9757,-21.8305  ,38.5636,-21.5758  ,38.9547,-21.2988  ,39.2881,-21.1968  ,39.604 ,-21.086    ,39.926 ,-20.977   ,40.2918,-20.8437  ,40.6659,-20.718    ,41.0346,-20.5885  ,41.3873,-20.4465  ,41.7419,-20.3008  ,42.1202,-20.189   ,40.6852,21.103    ,-0.324219  ,522,112434,52.0746,10.5935,122.912,0
2534,42.4803,-20.457   ,42.0898,-20.5993   ,41.7449,-20.7448 ,41.4209,-20.8884  ,41.0894,-21.0233  ,40.7432,-21.1481  ,40.3835,-21.2642   ,40.009 ,-21.376   ,39.6615,-21.4649  ,39.2783,-21.5309    ,38.892 ,-21.5598  ,38.5787,-21.5435  ,42.4803,-20.457   ,42.2493,-20.8983   ,41.9311,-21.0938  ,41.625 ,-21.243   ,41.3187,-21.3881  ,40.9908,-21.5197   ,40.6382,-21.635    ,40.2556,-21.7385  ,39.8715,-21.8101   ,39.4137,-21.8417  ,38.9488,-21.8141  ,38.5787,-21.5435  ,38.9582,-21.3015  ,39.2742,-21.2029  ,39.572 ,-21.0918   ,39.8723,-20.9818  ,40.2333,-20.8612  ,40.5956,-20.7413   ,40.9572,-20.6215  ,41.3086,-20.493   ,41.6545,-20.3547  ,42.0321,-20.2504  ,40.623 ,21.1344   ,-0.315958  ,502,108155,50.151 ,10.7111,117.497,0
2535,42.3996,-20.6356  ,41.9866,-20.6681   ,41.6309,-20.7891 ,41.3137,-20.9317  ,40.9399,-21.0776  ,40.601 ,-21.1966  ,40.2534,-21.3103   ,39.8846,-21.4181  ,39.5299,-21.4966  ,39.1501,-21.5579    ,38.7733,-21.5991  ,38.4462,-21.6385  ,42.3996,-20.6356  ,42.1232,-20.9711   ,41.823 ,-21.141   ,41.5323,-21.289   ,41.192 ,-21.4408  ,40.8761,-21.5615   ,40.5427,-21.6706   ,40.1749,-21.7701  ,39.7791,-21.8256   ,39.3208,-21.8457  ,38.869 ,-21.8261  ,38.4462,-21.6385  ,38.7977,-21.3601  ,39.108 ,-21.253   ,39.4035,-21.1433   ,39.7052,-21.0372  ,40.0643,-20.9176  ,40.4241,-20.7986   ,40.7835,-20.6797  ,41.1855,-20.535   ,41.534 ,-20.3975  ,41.9562,-20.3435  ,40.5365,21.1647   ,-0.305912  ,499,107650,50.375 ,10.9417,117.497,0
2536,42.4135,-20.5813  ,42.0049,-20.6567   ,41.6596,-20.7833 ,41.2977,-20.9541  ,40.9235,-21.1029  ,40.5848,-21.2175  ,40.2414,-21.3306   ,39.8672,-21.4289  ,39.4807,-21.5204  ,39.0934,-21.5854    ,38.7406,-21.6016  ,38.3745,-21.6482  ,42.4135,-20.5813  ,42.1406,-20.962    ,41.8231,-21.1279  ,41.4712,-21.3201  ,41.113 ,-21.4809  ,40.7748,-21.5969   ,40.4357,-21.7143   ,40.0466,-21.8074  ,39.617 ,-21.8792   ,39.1743,-21.9053  ,38.7888,-21.8396  ,38.3745,-21.6482  ,38.7996,-21.3634  ,39.1404,-21.2507  ,39.473 ,-21.1323   ,39.8159,-21.0189  ,40.1654,-20.9111  ,40.5066,-20.799    ,40.8458,-20.6859  ,41.2256,-20.5408  ,41.6054,-20.3901  ,41.9888,-20.324   ,40.5033,21.1883   ,-0.307382  ,502,106857,51.5996,10.3947,123.154,0
2537,42.4271,-20.594   ,42.0364,-20.6667   ,41.6593,-20.7796 ,41.307 ,-20.9265  ,40.9685,-21.0812  ,40.6145,-21.2241  ,40.2323,-21.347    ,39.8347,-21.4667  ,39.4521,-21.5503  ,39.1058,-21.6002    ,38.6991,-21.6298  ,38.3552,-21.6183  ,42.4271,-20.594   ,42.1742,-20.9801   ,41.8261,-21.1218  ,41.4869,-21.2674  ,41.1682,-21.4294  ,40.8368,-21.5821   ,40.4726,-21.7096   ,40.0764,-21.8238  ,39.6682,-21.8958   ,39.2617,-21.9164  ,38.7673,-21.8795  ,38.3552,-21.6183  ,38.7595,-21.3756  ,39.0901,-21.2676  ,39.3698,-21.1802   ,39.7111,-21.0768  ,40.1031,-20.9504  ,40.4975,-20.8283   ,40.8656,-20.689   ,41.2243,-20.5412  ,41.599 ,-20.4004  ,42.0053,-20.3321  ,40.4751,21.2081   ,-0.309594  ,504,107715,51.9768,10.3555,120.912,0
2538,42.4427,-20.6043  ,42.0212,-20.683    ,41.645 ,-20.802  ,41.276 ,-20.9463  ,40.928 ,-21.0871  ,40.5713,-21.2161  ,40.2163,-21.3468   ,39.8372,-21.4672  ,39.3951,-21.5602  ,39.051 ,-21.607     ,38.6429,-21.6314  ,38.2918,-21.6078  ,42.4427,-20.6043  ,42.1566,-21.0069   ,41.8029,-21.1447  ,41.4443,-21.2996  ,41.1176,-21.4496  ,40.7781,-21.5785   ,40.4291,-21.6997   ,40.0681,-21.8219  ,39.6011,-21.902    ,39.1944,-21.9166  ,38.7025,-21.8764  ,38.2918,-21.6078  ,38.7137,-21.3844  ,39.0467,-21.282   ,39.3225,-21.1953   ,39.7217,-21.081   ,40.1059,-20.957   ,40.4664,-20.8167   ,40.8385,-20.6861  ,41.2087,-20.5509  ,41.5965,-20.4212  ,41.9888,-20.335   ,40.4443,21.2153   ,-0.303426  ,512,109732,52.8773,10.0942,122.912,0
2539,42.4457,-20.6152  ,42.0423,-20.6699   ,41.6185,-20.8055 ,41.2639,-20.9524  ,40.909 ,-21.0965  ,40.5467,-21.2356  ,40.1707,-21.3664   ,39.7656,-21.4839  ,39.3679,-21.5631  ,39.002 ,-21.6065    ,38.5733,-21.6293  ,38.2115,-21.5998  ,42.4457,-20.6152  ,42.149 ,-20.9848   ,41.7486,-21.1411  ,41.4272,-21.2981  ,41.105 ,-21.4557  ,40.7623,-21.5973   ,40.4016,-21.7274   ,39.9848,-21.8313  ,39.5595,-21.8979   ,39.1397,-21.9169  ,38.6278,-21.8791  ,38.2115,-21.5998  ,38.6547,-21.3777  ,39.0127,-21.2823  ,39.3171,-21.2059   ,39.668 ,-21.105   ,40.049 ,-20.9689  ,40.4361,-20.8351   ,40.8154,-20.6971  ,41.2013,-20.5644  ,41.5919,-20.4298  ,42.0419,-20.3359  ,40.4023,21.2237   ,-0.298371  ,516,111568,53.9025,10.2581,124.912,0
2540,42.3259,-20.5881  ,41.9375,-20.7001   ,41.5512,-20.838  ,41.1747,-20.9897  ,40.8534,-21.1187  ,40.4705,-21.264   ,40.1238,-21.377    ,39.7547,-21.4789  ,39.3635,-21.5718  ,38.9582,-21.6418    ,38.561 ,-21.6716  ,38.2249,-21.6737  ,42.3259,-20.5881  ,42.0717,-21.0154   ,41.6915,-21.1713  ,41.3425,-21.3408  ,41.0376,-21.4848  ,40.6613,-21.6373   ,40.3164,-21.7529   ,39.9343,-21.8508  ,39.5066,-21.9331   ,39.0574,-21.9856  ,38.6342,-21.9653  ,38.2249,-21.6737  ,38.6166,-21.3727  ,38.9939,-21.2796  ,39.3541,-21.1819   ,39.7011,-21.0741  ,40.0495,-20.9649  ,40.3916,-20.8509   ,40.7772,-20.7104  ,41.1134,-20.5949  ,41.5209,-20.4633  ,41.9138,-20.3417  ,40.3532,21.2416   ,-0.297947  ,521,112599,52.3974,10.2043,124.326,0
2541,42.3605,-20.7084  ,41.9252,-20.7351   ,41.511 ,-20.8472 ,41.1451,-20.9996  ,40.7864,-21.1526  ,40.4052,-21.2889  ,40.0004,-21.4101   ,39.6377,-21.5079  ,39.2517,-21.5983  ,38.8338,-21.6675    ,38.4131,-21.7043  ,38.0539,-21.6937  ,42.3605,-20.7084  ,42.032 ,-21.0329   ,41.673 ,-21.1778  ,41.3408,-21.342   ,40.9999,-21.5013  ,40.6318,-21.6415   ,40.2387,-21.7643   ,39.8876,-21.8656  ,39.4817,-21.9475   ,39.006 ,-21.9892  ,38.5029,-21.9652  ,38.0539,-21.6937  ,38.4568,-21.4358  ,38.8049,-21.3271  ,39.1546,-21.221    ,39.5116,-21.1185  ,39.8799,-21.0225  ,40.2906,-20.8994   ,40.6781,-20.7626  ,41.0509,-20.6123  ,41.46  ,-20.4776  ,41.9419,-20.4194  ,40.2684,21.2701   ,-0.296325  ,536,115859,54.6837,10.258 ,126.912,0
2542,42.3363,-20.6927  ,41.8987,-20.735    ,41.4728,-20.8621 ,41.0926,-21.0231  ,40.7106,-21.1787  ,40.3038,-21.3158  ,39.8718,-21.4386   ,39.4785,-21.5332  ,39.0895,-21.6343  ,38.6886,-21.7328    ,38.2651,-21.82    ,37.8708,-21.8871  ,42.3363,-20.6927  ,42.016 ,-21.0361   ,41.6466,-21.1903  ,41.3006,-21.363   ,40.9364,-21.5233  ,40.5405,-21.6597   ,40.1318,-21.7883   ,39.7476,-21.881   ,39.3414,-21.9684   ,38.899 ,-22.0464  ,38.401 ,-22.0797  ,37.8708,-21.8871  ,38.27  ,-21.5323  ,38.6152,-21.3879  ,38.9684,-21.2666   ,39.3397,-21.1526  ,39.7399,-21.0563  ,40.1853,-20.9339   ,40.598 ,-20.793   ,40.9907,-20.6362  ,41.4136,-20.4915  ,41.9085,-20.4105  ,40.1614,21.3048   ,-0.301445  ,555,119000,56.927 ,10.2379,132.326,0
2543,42.2658,-20.686   ,41.7953,-20.7511   ,41.4339,-20.8748 ,41.0216,-21.0437  ,40.6589,-21.1883  ,40.2237,-21.33    ,39.8341,-21.4387   ,39.4318,-21.5414  ,38.9828,-21.6754  ,38.5941,-21.7928    ,38.2088,-21.9063  ,37.8093,-21.9695  ,42.2658,-20.686   ,41.9476,-21.0491   ,41.6273,-21.2001  ,41.2359,-21.3822  ,40.8692,-21.542   ,40.4434,-21.6925   ,40.0663,-21.8055   ,39.6559,-21.9009  ,39.1792,-22.0157   ,38.7551,-22.1153  ,38.313 ,-22.1969  ,37.8093,-21.9695  ,38.2318,-21.5816  ,38.5624,-21.4302  ,38.915 ,-21.2967   ,39.3392,-21.1458  ,39.7355,-21.0377  ,40.1298,-20.929    ,40.5699,-20.7889  ,40.9275,-20.6561  ,41.3569,-20.5031  ,41.7712,-20.4182  ,40.0844,21.3328   ,-0.311379  ,563,120726,57.0736,10.2529,133.397,0
2544,42.0919,-20.6233  ,41.6696,-20.7758   ,41.3197,-20.9223 ,40.9325,-21.0742  ,40.5475,-21.2191  ,40.1449,-21.3534  ,39.7168,-21.4729   ,39.3404,-21.5714  ,38.9082,-21.6923  ,38.5442,-21.8044    ,38.1699,-21.9167  ,37.7846,-22.0465  ,42.0919,-20.6233  ,41.8116,-21.0758   ,41.4718,-21.2765  ,41.097 ,-21.4332  ,40.7416,-21.5852  ,40.3578,-21.7205   ,39.9503,-21.8416   ,39.5724,-21.9296  ,39.1222,-22.0298   ,38.7263,-22.1185  ,38.3168,-22.1985  ,37.7846,-22.0465  ,38.1463,-21.5959  ,38.4849,-21.453   ,38.8161,-21.3187   ,39.2329,-21.1794  ,39.6088,-21.0717  ,40.0495,-20.9494   ,40.4656,-20.813   ,40.877 ,-20.673   ,41.2813,-20.5203  ,41.6438,-20.4207  ,39.9824,21.362    ,-0.310789  ,555,119251,55.7031,10.3302,132.225,0
2545,41.8051,-20.663   ,41.4437,-20.8439   ,41.0619,-21.0154 ,40.6942,-21.1637  ,40.3104,-21.3     ,39.9637,-21.4062  ,39.5394,-21.5191   ,39.1787,-21.6192  ,38.8252,-21.7259  ,38.4618,-21.8383    ,38.0853,-21.954   ,37.7087,-22.0551  ,41.8051,-20.663   ,41.6256,-21.1159   ,41.2716,-21.3503  ,40.9257,-21.509   ,40.5558,-21.6537  ,40.2174,-21.765    ,39.7955,-21.879    ,39.4164,-21.9676  ,39.0411,-22.0637   ,38.6362,-22.1526  ,38.2113,-22.2193  ,37.7087,-22.0551  ,38.0816,-21.6502  ,38.4122,-21.486   ,38.7268,-21.3513   ,39.0601,-21.2367  ,39.4053,-21.1273  ,39.8283,-21.0136   ,40.1773,-20.9088  ,40.5686,-20.7772  ,40.9585,-20.6362  ,41.3723,-20.5171  ,39.868 ,21.4008   ,-0.314336  ,533,114852,53.1836,10.3869,125.154,0
2546,41.6549,-20.7821  ,41.2866,-20.9275   ,40.9131,-21.0908 ,40.5438,-21.2299  ,40.1575,-21.3577  ,39.7477,-21.472   ,39.3882,-21.566    ,39.0373,-21.6656  ,38.6381,-21.7917  ,38.2954,-21.8989    ,37.899 ,-22.0126  ,37.5477,-22.1432  ,41.6549,-20.7821  ,41.4482,-21.2153   ,41.1061,-21.4328  ,40.7678,-21.5791  ,40.4085,-21.7157  ,40.0101,-21.8299   ,39.6548,-21.9185   ,39.2977,-22.007   ,38.8628,-22.1051   ,38.4687,-22.1783  ,38.0194,-22.2318  ,37.5477,-22.1432  ,37.8888,-21.7619  ,38.2372,-21.5853  ,38.5267,-21.4415   ,38.8934,-21.2905  ,39.2395,-21.1808  ,39.6057,-21.0835   ,40.0185,-20.964   ,40.4282,-20.8433  ,40.8239,-20.7055  ,41.2383,-20.5871  ,39.7443,21.4501   ,-0.307825  ,520,111500,53.1425,10.4107,125.154,0
2547,41.5451,-20.809   ,41.1786,-20.9749   ,40.8226,-21.1276 ,40.4834,-21.2633  ,40.1786,-21.3675  ,39.7994,-21.4758  ,39.4651,-21.5641   ,39.077 ,-21.6704  ,38.7518,-21.771   ,38.3634,-21.8866    ,38.0158,-21.969   ,37.6925,-22.0305  ,41.5451,-20.809   ,41.3586,-21.241    ,41.0415,-21.462   ,40.7231,-21.6103  ,40.4336,-21.7211  ,40.0762,-21.8399   ,39.7527,-21.9319   ,39.3499,-22.0269  ,38.9914,-22.1096   ,38.5358,-22.1961  ,38.1204,-22.2294  ,37.6925,-22.0305  ,38.0264,-21.6829  ,38.3052,-21.5468  ,38.6198,-21.3975   ,38.9149,-21.2831  ,39.2885,-21.1665  ,39.6333,-21.0819   ,40.0281,-20.9808  ,40.3413,-20.8789  ,40.7023,-20.7524  ,41.1047,-20.6528  ,39.6627,21.4911   ,-0.305372  ,505,109114,49.6981,10.9783,118.912,0
2548,41.4905,-20.9455  ,41.0819,-21.0217   ,40.7914,-21.1405 ,40.4297,-21.3062  ,40.0913,-21.4259  ,39.7758,-21.5127  ,39.3946,-21.6069   ,39.0729,-21.6926  ,38.6993,-21.7998  ,38.3734,-21.8906    ,37.9778,-21.979   ,37.6701,-22.0369  ,41.4905,-20.9455  ,41.2147,-21.3382   ,40.9502,-21.4945  ,40.6078,-21.6693  ,40.2944,-21.7949  ,40.0031,-21.8874   ,39.6426,-21.9838   ,39.3207,-22.0625  ,38.9174,-22.1497   ,38.5384,-22.2118  ,38.0688,-22.238   ,37.6701,-22.0369  ,37.9993,-21.6968  ,38.3189,-21.5407  ,38.588 ,-21.4182   ,38.9318,-21.2931  ,39.2549,-21.2026  ,39.6565,-21.1107   ,39.9888,-21.0252  ,40.3434,-20.9049  ,40.7247,-20.7429  ,41.0532,-20.6704  ,39.6385,21.5134   ,-0.307366  ,499,108132,48.8948,10.6961,116.912,0
2549,41.5242,-20.9162  ,41.1507,-20.9906   ,40.7839,-21.1199 ,40.4439,-21.2749  ,40.0975,-21.4233  ,39.7179,-21.5503  ,39.3611,-21.6393   ,39.0019,-21.728   ,38.645 ,-21.8228  ,38.2227,-21.9369    ,37.9182,-22.0244  ,37.5646,-22.1532  ,41.5242,-20.9162  ,41.2886,-21.2882   ,40.9626,-21.4545  ,40.6411,-21.6102  ,40.3247,-21.7719  ,39.979 ,-21.9146   ,39.6382,-22.0064   ,39.2756,-22.0873  ,38.8886,-22.1621   ,38.4064,-22.2443  ,38.0572,-22.2904  ,37.5646,-22.1532  ,37.8974,-21.7208  ,38.1624,-21.5972  ,38.5193,-21.4505   ,38.8486,-21.3393  ,39.2036,-21.2428  ,39.572 ,-21.154    ,39.9716,-21.034   ,40.3433,-20.8952  ,40.7054,-20.7435  ,41.1208,-20.6671  ,39.586 ,21.5332   ,-0.308223  ,505,108820,51.0111,10.7762,121.154,0
2550,41.4741,-20.9371  ,41.0528,-21.0174   ,40.7329,-21.1282 ,40.3735,-21.2785  ,40.0332,-21.4255  ,39.6828,-21.5612  ,39.2962,-21.6732   ,38.9515,-21.7638  ,38.594 ,-21.8531  ,38.2278,-21.941     ,37.8659,-22.0216  ,37.4975,-22.0838  ,41.4741,-20.9371  ,41.1962,-21.335    ,40.8916,-21.4628  ,40.5402,-21.6269  ,40.2169,-21.784   ,39.8878,-21.9265   ,39.5124,-22.0376   ,39.168 ,-22.1231  ,38.7936,-22.2031   ,38.379 ,-22.2705  ,37.9574,-22.304   ,37.4975,-22.0838  ,37.8917,-21.7133  ,38.1998,-21.5838  ,38.5149,-21.4731   ,38.8513,-21.3743  ,39.1935,-21.2783  ,39.5827,-21.1604   ,39.945 ,-21.0249  ,40.3077,-20.8882  ,40.6784,-20.7514  ,41.0205,-20.6645  ,39.5596,21.5414   ,-0.315935  ,502,109771,50.9382,10.1135,120.912,0
2551,41.4764,-20.95    ,41.0897,-20.9986   ,40.712 ,-21.125  ,40.3605,-21.2766  ,40.0074,-21.4231  ,39.6376,-21.5568  ,39.3088,-21.6641   ,38.9146,-21.7852  ,38.5585,-21.8821  ,38.1899,-21.9728    ,37.8097,-22.0416  ,37.4699,-22.0734  ,41.4764,-20.95    ,41.2055,-21.3104   ,40.8636,-21.4608  ,40.5398,-21.6202  ,40.2138,-21.7801  ,39.8632,-21.9221   ,39.5374,-22.0275   ,39.1307,-22.1348  ,38.7632,-22.225    ,38.3534,-22.2964  ,37.9149,-22.3151  ,37.4699,-22.0734  ,37.8295,-21.7488  ,38.1513,-21.6211  ,38.4744,-21.5072   ,38.8137,-21.4021  ,39.1911,-21.2658  ,39.5189,-21.154    ,39.9043,-21.0263  ,40.2798,-20.8888  ,40.6642,-20.7488  ,41.0862,-20.6641  ,39.5328,21.549    ,-0.324613  ,507,110512,51.2923,10.3234,120.912,0
2552,41.478 ,-20.9764  ,41.0779,-21.0041   ,40.6983,-21.1373 ,40.3388,-21.2911  ,39.972 ,-21.4369  ,39.5904,-21.5725  ,39.2452,-21.6773   ,38.8429,-21.8017  ,38.4988,-21.9113  ,38.1523,-22.0215    ,37.7314,-22.1247  ,37.3946,-22.1788  ,41.478 ,-20.9764  ,41.1759,-21.3242   ,40.8314,-21.4754  ,40.5048,-21.638   ,40.1725,-21.7983  ,39.8146,-21.9402   ,39.4833,-22.0458   ,39.0745,-22.1557  ,38.7077,-22.2443   ,38.3368,-22.3375  ,37.86  ,-22.3934  ,37.3946,-22.1788  ,37.7247,-21.8328  ,38.0843,-21.6697  ,38.4041,-21.5409   ,38.7264,-21.4122  ,39.1236,-21.2748  ,39.4772,-21.1672   ,39.8782,-21.0356  ,40.2758,-20.9007  ,40.6687,-20.7558  ,41.0953,-20.6629  ,39.4774,21.5759   ,-0.333001  ,523,112928,52.4589,10.4338,124.569,0
2553,41.465 ,-20.9516  ,41.0442,-21.0062   ,40.6534,-21.1586 ,40.2673,-21.3186  ,39.8677,-21.4667  ,39.5183,-21.5889  ,39.0902,-21.7185   ,38.7173,-21.8265  ,38.3082,-21.9727  ,37.9531,-22.0991    ,37.5197,-22.2259  ,37.1674,-22.3239  ,41.465 ,-20.9516  ,41.1581,-21.33     ,40.7949,-21.4936  ,40.4458,-21.6657  ,40.0734,-21.822   ,39.7449,-21.9491   ,39.3413,-22.083    ,38.9665,-22.1814  ,38.5277,-22.2978   ,38.1373,-22.3971  ,37.6463,-22.476   ,37.1674,-22.3239  ,37.5157,-21.9421  ,37.8905,-21.761   ,38.2034,-21.6037   ,38.5915,-21.435   ,38.963 ,-21.3176  ,39.4104,-21.1896   ,39.7765,-21.0693  ,40.2007,-20.9273  ,40.6212,-20.777   ,41.0484,-20.6537  ,39.3799,21.6073   ,-0.332938  ,542,115888,55.4804,10.4715,129.397,0
2554,41.3829,-21.0137  ,40.9206,-21.0703   ,40.5608,-21.1845 ,40.1736,-21.3435  ,39.7834,-21.4953  ,39.3803,-21.6373  ,39.0191,-21.7492   ,38.6441,-21.8537  ,38.2408,-22.0004  ,37.8753,-22.1275    ,37.4725,-22.2245  ,37.0721,-22.2433  ,41.3829,-21.0137  ,41.0603,-21.3722   ,40.7516,-21.5168  ,40.3839,-21.6803  ,40.0114,-21.8419  ,39.6241,-21.9921   ,39.2667,-22.1038   ,38.8829,-22.2007  ,38.4575,-22.331    ,38.0709,-22.4381  ,37.6021,-22.473   ,37.0721,-22.2433  ,37.4791,-21.9535  ,37.8075,-21.7756  ,38.1383,-21.6264   ,38.5279,-21.4702  ,38.8948,-21.359   ,39.2538,-21.2434   ,39.6674,-21.1058  ,40.0749,-20.9631  ,40.4838,-20.8084  ,40.9077,-20.7397  ,39.2861,21.6418   ,-0.331988  ,545,118332,55.3034,10.2444,129.154,0
2555,41.3159,-20.9781  ,40.9046,-21.0812   ,40.4834,-21.2281 ,40.129 ,-21.3623  ,39.7211,-21.5203  ,39.3572,-21.6445  ,38.9704,-21.7558   ,38.5676,-21.8692  ,38.1884,-22.0072  ,37.7464,-22.1485    ,37.3944,-22.2565  ,36.9989,-22.3069  ,41.3159,-20.9781  ,41.0353,-21.3833   ,40.6519,-21.5641  ,40.3089,-21.7104  ,39.9125,-21.885   ,39.55  ,-22.0171   ,39.161 ,-22.1332   ,38.7465,-22.2353  ,38.3583,-22.3532   ,37.8923,-22.4854  ,37.5034,-22.566   ,36.9989,-22.3069  ,37.4006,-21.918   ,37.7231,-21.7711  ,38.1443,-21.617    ,38.52  ,-21.4608  ,38.9137,-21.3434  ,39.2879,-21.2317   ,39.648 ,-21.112   ,40.0668,-20.9695  ,40.4332,-20.8467  ,40.8935,-20.7353  ,39.1818,21.6742   ,-0.325126  ,556,119579,55.5452,10.1552,132.811,0
2556,41.2101,-20.9506  ,40.8172,-21.093    ,40.3828,-21.2597 ,40.0341,-21.3963  ,39.6239,-21.5444  ,39.2602,-21.6627  ,38.8884,-21.7763   ,38.446 ,-21.9046  ,38.0915,-22.0334  ,37.666 ,-22.1786    ,37.2757,-22.2522  ,36.9182,-22.2137  ,41.2101,-20.9506  ,40.9893,-21.3803   ,40.5703,-21.5995  ,40.2237,-21.7475  ,39.8377,-21.9145  ,39.4801,-22.0397   ,39.1038,-22.1536   ,38.6433,-22.2735  ,38.2624,-22.388    ,37.8005,-22.5197  ,37.3409,-22.5436  ,36.9182,-22.2137  ,37.3412,-21.9489  ,37.6564,-21.7993  ,38.0388,-21.6355   ,38.371 ,-21.4961  ,38.7996,-21.3628  ,39.1617,-21.2464   ,39.5308,-21.1345  ,39.9583,-21.0003  ,40.317 ,-20.8729  ,40.7662,-20.7604  ,39.1104,21.6936   ,-0.326747  ,558,120072,55.3456,10.4834,130.569,0
2557,41.1501,-21.0212  ,40.6943,-21.1344   ,40.3235,-21.2658 ,39.9273,-21.4308  ,39.5317,-21.5795  ,39.1746,-21.694   ,38.7421,-21.8179   ,38.3812,-21.9312  ,37.9846,-22.0807  ,37.5634,-22.2221    ,37.1598,-22.301   ,36.7736,-22.315   ,41.1501,-21.0212  ,40.8722,-21.4111   ,40.5451,-21.5914  ,40.1584,-21.7756  ,39.7838,-21.9355  ,39.4382,-22.0533   ,39.0114,-22.1776   ,38.633 ,-22.2764  ,38.2182,-22.4108   ,37.7582,-22.5315  ,37.2709,-22.5581  ,36.7736,-22.315   ,37.185 ,-22.0253  ,37.4961,-21.8769  ,37.8649,-21.7074   ,38.2453,-21.5453  ,38.5979,-21.4237  ,39.0322,-21.2979   ,39.395 ,-21.183   ,39.8059,-21.0397  ,40.2217,-20.8933  ,40.6438,-20.8159  ,39.0115,21.7265   ,-0.327739  ,559,120562,56.2442,10.545 ,130.569,0
2558,40.9707,-21.1166  ,40.5321,-21.1917   ,40.1417,-21.3359 ,39.779 ,-21.4968  ,39.3844,-21.6325  ,38.9682,-21.7545  ,38.6066,-21.8569   ,38.2118,-21.9944  ,37.8255,-22.1396  ,37.4067,-22.2708    ,37.0202,-22.3482  ,36.6564,-22.3923  ,40.9707,-21.1166  ,40.6752,-21.5206   ,40.3252,-21.6915  ,39.9878,-21.8527  ,39.6187,-21.9939  ,39.2254,-22.1188   ,38.8688,-22.2144   ,38.4576,-22.3285  ,38.0643,-22.4581   ,37.5979,-22.5543  ,37.1361,-22.574   ,36.6564,-22.3923  ,37.0317,-22.1019  ,37.3416,-21.9543  ,37.6986,-21.7794   ,38.0758,-21.6192  ,38.4633,-21.464   ,38.831 ,-21.3558   ,39.2667,-21.2349  ,39.6765,-21.0976  ,40.0634,-20.9347  ,40.5127,-20.8263  ,38.9446,21.7467   ,-0.327135  ,551,117750,55.4095,10.5342,129.983,0
2559,40.8091,-21.1447  ,40.3867,-21.243    ,40.0465,-21.3636 ,39.696 ,-21.5146  ,39.3342,-21.6509  ,38.9453,-21.7695  ,38.5561,-21.8888   ,38.2382,-22.0024  ,37.8594,-22.1344  ,37.4506,-22.2522    ,37.0801,-22.3224  ,36.742 ,-22.3585  ,40.8091,-21.1447  ,40.5411,-21.5474   ,40.23  ,-21.7124  ,39.8906,-21.8653  ,39.5534,-22.0109  ,39.1864,-22.1368   ,38.813 ,-22.2583   ,38.4841,-22.3575  ,38.0851,-22.4727   ,37.6146,-22.5551  ,37.1655,-22.5683  ,36.742 ,-22.3585  ,37.1166,-22.0576  ,37.4081,-21.9193  ,37.7447,-21.7588   ,38.098 ,-21.609   ,38.4077,-21.4832  ,38.817 ,-21.3693   ,39.2224,-21.2548  ,39.6004,-21.1216  ,39.9699,-20.973   ,40.3507,-20.9024  ,38.8616,21.7798   ,-0.330224  ,521,112955,52.236 ,10.7271,121.74 ,0
2560,40.7047,-21.1415  ,40.2913,-21.2503   ,39.9838,-21.3786 ,39.6341,-21.529   ,39.2689,-21.6569  ,38.9007,-21.7815  ,38.5298,-21.9045   ,38.1619,-22.0309  ,37.8451,-22.1431  ,37.4439,-22.2599    ,37.075 ,-22.3282  ,36.7358,-22.3712  ,40.7047,-21.1415  ,40.439 ,-21.5563   ,40.1618,-21.7199  ,39.8333,-21.8856  ,39.4951,-22.0214  ,39.1462,-22.1495   ,38.7827,-22.2678   ,38.4081,-22.3799  ,38.0799,-22.4788   ,37.622 ,-22.5605  ,37.1738,-22.5703  ,36.7358,-22.3712  ,37.0977,-22.0672  ,37.3864,-21.9302  ,37.7177,-21.7701   ,38.0202,-21.645   ,38.3829,-21.5059  ,38.7609,-21.3784   ,39.1472,-21.2562  ,39.5364,-21.1328  ,39.9068,-20.9918  ,40.2477,-20.9     ,38.8047,21.7951   ,-0.335397  ,505,109733,51.1387,10.5714,119.154,0
2561,40.6497,-21.2002  ,40.226 ,-21.2676   ,39.8706,-21.4073 ,39.5264,-21.5588  ,39.1748,-21.7032  ,38.8525,-21.8116  ,38.468 ,-21.9327   ,38.0913,-22.061   ,37.7612,-22.1714  ,37.4058,-22.2706    ,37.035 ,-22.3431  ,36.6606,-22.3893  ,40.6497,-21.2002  ,40.3616,-21.6026   ,40.0336,-21.7528  ,39.7182,-21.9098  ,39.3921,-22.0614  ,39.0852,-22.1706   ,38.7197,-22.2922   ,38.3472,-22.411   ,37.9956,-22.5006   ,37.583 ,-22.5619  ,37.1311,-22.5761  ,36.6606,-22.3893  ,37.0597,-22.0901  ,37.3515,-21.9495  ,37.6392,-21.806    ,37.9436,-21.6744  ,38.3257,-21.5382  ,38.7288,-21.4175   ,39.0618,-21.3068  ,39.432 ,-21.1638  ,39.8073,-21.0196  ,40.1967,-20.8978  ,38.7692,21.8088   ,-0.334931  ,503,108977,51.2971,10.4345,121.983,0
2562,40.6493,-21.2826  ,40.2372,-21.3152   ,39.8898,-21.388  ,39.5424,-21.5189  ,39.1791,-21.6892  ,38.8548,-21.8326  ,38.5054,-21.9569   ,38.1433,-22.0746  ,37.7584,-22.1875  ,37.3976,-22.2692    ,37.024 ,-22.3206  ,36.6761,-22.3269  ,40.6493,-21.2826  ,40.3659,-21.6201   ,40.0583,-21.7245  ,39.737 ,-21.8556  ,39.3976,-22.0287  ,39.0953,-22.1773   ,38.7674,-22.3058   ,38.4175,-22.4216  ,38.014 ,-22.5198   ,37.5818,-22.5598  ,37.1133,-22.5421  ,36.6761,-22.3269  ,37.0572,-22.0871  ,37.3373,-21.955   ,37.617 ,-21.8242   ,37.9745,-21.6943  ,38.3449,-21.5737  ,38.7106,-21.4497   ,39.05  ,-21.3064  ,39.4419,-21.1414  ,39.8302,-21.0216  ,40.2279,-20.9953  ,38.7481,21.827    ,-0.335541  ,499,109625,50.8357,10.4442,120.326,0
2563,40.6926,-21.2779  ,40.2998,-21.3075   ,39.9208,-21.3835 ,39.5379,-21.5247  ,39.1836,-21.6831  ,38.8274,-21.8384  ,38.4535,-21.9801   ,38.0656,-22.1139  ,37.7096,-22.2191  ,37.3295,-22.3091    ,36.9358,-22.3579  ,36.5919,-22.3382  ,40.6926,-21.2779  ,40.4257,-21.5983   ,40.0818,-21.7123  ,39.7229,-21.8621  ,39.3899,-22.0328  ,39.0482,-22.1979   ,38.6722,-22.3367   ,38.2792,-22.4656  ,37.9081,-22.5653   ,37.478 ,-22.6314  ,37.0064,-22.6221  ,36.5919,-22.3382  ,36.9927,-22.0848  ,37.3114,-21.961   ,37.633 ,-21.8391   ,37.9661,-21.7255  ,38.3426,-21.5837  ,38.7104,-21.4358   ,39.0773,-21.2875  ,39.4575,-21.1435  ,39.8787,-21.0224  ,40.3027,-21.0032  ,38.6956,21.8513   ,-0.338124  ,515,111389,52.5007,10.2243,123.154,0
2564,40.6693,-21.2079  ,40.2589,-21.2982   ,39.8982,-21.3932 ,39.5227,-21.5314  ,39.1624,-21.6785  ,38.8033,-21.8256  ,38.4451,-21.9732   ,38.082 ,-22.1177  ,37.6872,-22.2489  ,37.3627,-22.3171    ,36.9531,-22.3604  ,36.5898,-22.3407  ,40.6693,-21.2079  ,40.4057,-21.6005   ,40.0708,-21.7177  ,39.7204,-21.8649  ,39.3869,-22.0274  ,39.0334,-22.1756   ,38.6838,-22.3266   ,38.3141,-22.4621  ,37.9055,-22.5865   ,37.5388,-22.6351  ,37.0415,-22.6202  ,36.5898,-22.3407  ,36.9991,-22.0935  ,37.3209,-21.9756  ,37.5907,-21.8788   ,37.9536,-21.7312  ,38.3106,-21.5794  ,38.6749,-21.433    ,39.0412,-21.288   ,39.4287,-21.1561  ,39.8399,-21.0343  ,40.2357,-20.9715  ,38.6718,21.8605   ,-0.343413  ,516,112909,52.4203,10.2435,123.497,0
2565,40.638 ,-21.2894  ,40.231 ,-21.3176   ,39.8608,-21.4077 ,39.4742,-21.5538  ,39.0992,-21.7042  ,38.7301,-21.858   ,38.3516,-22.0046   ,38.0191,-22.1238  ,37.6355,-22.2715  ,37.2652,-22.3768    ,36.8645,-22.4433  ,36.4928,-22.4456  ,40.638 ,-21.2894  ,40.3315,-21.617    ,39.9947,-21.7445  ,39.6448,-21.9033  ,39.2964,-22.0662  ,38.935 ,-22.22     ,38.5667,-22.3687   ,38.2346,-22.4828  ,37.8399,-22.6179   ,37.4392,-22.7074  ,36.9696,-22.7296  ,36.4928,-22.4456  ,36.8909,-22.1412  ,37.221 ,-22.0152  ,37.5453,-21.8846   ,37.9126,-21.7235  ,38.2478,-21.6012  ,38.6301,-21.4515   ,39.0092,-21.2998  ,39.411 ,-21.1605  ,39.8437,-21.0348  ,40.2579,-21.0007  ,38.5991,21.8905   ,-0.349578  ,529,114742,53.2486,10.192 ,125.983,0
2566,40.589 ,-21.2423  ,40.1562,-21.3212   ,39.7755,-21.4327 ,39.373 ,-21.5949  ,39.0295,-21.7323  ,38.6291,-21.8927  ,38.2222,-22.0485   ,37.8662,-22.1765  ,37.4497,-22.3283  ,37.08  ,-22.4546    ,36.6636,-22.5226  ,36.3025,-22.5385  ,40.589 ,-21.2423  ,40.283 ,-21.6404   ,39.9297,-21.7689  ,39.5583,-21.947   ,39.2298,-22.0939  ,38.8303,-22.2531   ,38.4297,-22.4118   ,38.0709,-22.5355  ,37.6361,-22.6734   ,37.2308,-22.78    ,36.7634,-22.8126  ,36.3025,-22.5385  ,36.7025,-22.2193  ,37.0594,-22.0925  ,37.3821,-21.9386   ,37.7796,-21.7741  ,38.1335,-21.6428  ,38.5424,-21.4865   ,38.944 ,-21.3252  ,39.3011,-21.1957  ,39.7428,-21.0546  ,40.1599,-20.9747  ,38.4909,21.928    ,-0.350346  ,549,118675,55.2426,10.1054,129.154,0
2567,40.4445,-21.2605  ,40.0423,-21.3637   ,39.5841,-21.515  ,39.275 ,-21.6352  ,38.8889,-21.7888  ,38.5024,-21.9411  ,38.1148,-22.0866   ,37.7252,-22.2207  ,37.3357,-22.3532  ,36.9443,-22.4682    ,36.5499,-22.5321  ,36.1589,-22.5447  ,40.4445,-21.2605  ,40.1724,-21.6604   ,39.716 ,-21.8661  ,39.406 ,-22.003   ,39.0178,-22.1706  ,38.6286,-22.333    ,38.2359,-22.476    ,37.8408,-22.6041  ,37.4439,-22.7205   ,37.0427,-22.7997  ,36.6383,-22.8155  ,36.1589,-22.5447  ,36.6193,-22.2367  ,37.0026,-22.0927  ,37.3833,-21.9341   ,37.7651,-21.7813  ,38.1481,-21.6356  ,38.5311,-21.4899   ,38.9138,-21.3425  ,39.2974,-21.2004  ,39.6083,-21.1123  ,40.061 ,-21.0217  ,38.3734,21.9616   ,-0.337963  ,568,122667,55.1709,10.409 ,135.397,0
2568,40.5058,-21.3137  ,40.0759,-21.3651   ,39.6171,-21.4944 ,39.2674,-21.6369  ,38.8674,-21.8043  ,38.4548,-21.962   ,38.0325,-22.1123   ,37.6166,-22.2677  ,37.2397,-22.3955  ,36.802 ,-22.4874    ,36.4175,-22.5253  ,35.9996,-22.4996  ,40.5058,-21.3137  ,40.1971,-21.6477   ,39.8056,-21.8242  ,39.4864,-21.9851  ,39.0965,-22.1615  ,38.6761,-22.3151   ,38.2591,-22.4713   ,37.8326,-22.6194  ,37.435 ,-22.7386   ,36.9432,-22.8125  ,36.4914,-22.8114  ,35.9996,-22.4996  ,36.4949,-22.2311  ,36.8134,-22.1376  ,37.1792,-22.0146   ,37.5177,-21.8694  ,37.9276,-21.7113  ,38.3513,-21.5636   ,38.7553,-21.4016  ,39.162 ,-21.2397  ,39.5519,-21.1216  ,40.0919,-21.0591  ,38.3027,21.9837   ,-0.330349  ,568,123416,57.7372,10.2159,133.154,0
2569,40.3174,-21.4169  ,39.878 ,-21.4269   ,39.4649,-21.5565 ,39.1361,-21.6925  ,38.7512,-21.8443  ,38.3592,-21.9903  ,37.9643,-22.1338   ,37.5649,-22.2768  ,37.1894,-22.3852  ,36.7788,-22.4733    ,36.3556,-22.5232  ,36.0018,-22.5109  ,40.3174,-21.4169  ,39.9676,-21.7585   ,39.6134,-21.9211  ,39.3157,-22.0676  ,38.9469,-22.2238  ,38.5635,-22.3694   ,38.1672,-22.5042   ,37.7624,-22.6359  ,37.3694,-22.7336   ,36.914 ,-22.8022  ,36.4284,-22.8091  ,36.0018,-22.5109  ,36.4201,-22.2281  ,36.7842,-22.1187  ,37.1402,-22.0032   ,37.4849,-21.8781  ,37.8735,-21.7219  ,38.2687,-21.5709   ,38.6651,-21.4212  ,39.0657,-21.2727  ,39.4289,-21.1478  ,39.9131,-21.0719  ,38.2514,21.9943   ,-0.327634  ,562,121981,55.1942,10.4385,130.326,0
2570,40.2138,-21.2178  ,39.798 ,-21.411    ,39.4512,-21.5428 ,39.0646,-21.7001  ,38.6774,-21.8571  ,38.2898,-22.0135  ,37.8952,-22.1653   ,37.5317,-22.2795  ,37.1526,-22.3906  ,36.7414,-22.4819    ,36.3091,-22.5274  ,35.9393,-22.5261  ,40.2138,-21.2178  ,39.9802,-21.6899   ,39.6612,-21.8635  ,39.2998,-22.0361  ,38.9203,-22.2008  ,38.5424,-22.3675   ,38.1506,-22.5238   ,37.7791,-22.6361  ,37.3663,-22.7326   ,36.8981,-22.8018  ,36.4023,-22.806   ,35.9393,-22.5261  ,36.3565,-22.2413  ,36.727 ,-22.1368  ,37.0683,-22.0123   ,37.4078,-21.8858  ,37.7559,-21.7658  ,38.1483,-21.615    ,38.5454,-21.4686  ,38.9391,-21.3188  ,39.3541,-21.1783  ,39.732 ,-21.086   ,38.1631,22.0143   ,-0.328676  ,547,119088,55.291 ,10.4815,128.569,0
2571,40.0754,-21.4021  ,39.6281,-21.4909   ,39.2779,-21.6108 ,38.8937,-21.7586  ,38.52  ,-21.911   ,38.1457,-22.0628  ,37.7584,-22.2051   ,37.4059,-22.3161  ,36.9619,-22.4315  ,36.6204,-22.4931    ,36.2076,-22.5385  ,35.8295,-22.5795  ,40.0754,-21.4021  ,39.7781,-21.794    ,39.4679,-21.957   ,39.1033,-22.1118  ,38.7409,-22.269   ,38.3714,-22.4217   ,37.9894,-22.5648   ,37.6319,-22.6718  ,37.149 ,-22.7679   ,36.7641,-22.8062  ,36.2982,-22.7939  ,35.8295,-22.5795  ,36.2504,-22.2711  ,36.6149,-22.1584  ,36.9078,-22.0662   ,37.3004,-21.9245  ,37.6411,-21.8068  ,38.027 ,-21.6606   ,38.4048,-21.5088  ,38.7934,-21.3636  ,39.1997,-21.2223  ,39.6018,-21.1508  ,38.055 ,22.0435   ,-0.321112  ,535,115251,54.3344,10.2458,127.154,0
2572,39.9148,-21.4115  ,39.4995,-21.5142   ,39.111 ,-21.6585 ,38.7784,-21.7916  ,38.4013,-21.9507  ,38.0187,-22.1048  ,37.6768,-22.229    ,37.3005,-22.3365  ,36.9017,-22.4327  ,36.4867,-22.5       ,36.1015,-22.5199  ,35.757 ,-22.5438  ,39.9148,-21.4115  ,39.6288,-21.8361   ,39.2769,-22.0094  ,38.9631,-22.1501  ,38.5904,-22.31    ,38.2314,-22.4795   ,37.8983,-22.6081   ,37.5066,-22.7071  ,37.0605,-22.7798   ,36.5799,-22.8074  ,36.1474,-22.7491  ,35.757 ,-22.5438  ,36.1738,-22.2897  ,36.532 ,-22.1765  ,36.8779,-22.0557   ,37.2248,-21.9324  ,37.572 ,-21.8095  ,37.9182,-21.6883   ,38.3181,-21.5446  ,38.704 ,-21.3891  ,39.0577,-21.2643  ,39.4744,-21.1534  ,37.9485,22.072    ,-0.317442  ,515,110920,53.2365,10.5811,125.154,0
2573,39.8268,-21.5028  ,39.3897,-21.563    ,39.0393,-21.6607 ,38.6749,-21.8166  ,38.3211,-21.9785  ,38.0072,-22.1085  ,37.6246,-22.2501   ,37.2634,-22.3551  ,36.8713,-22.4428  ,36.5274,-22.4911    ,36.1444,-22.512   ,35.7619,-22.5243  ,39.8268,-21.5028  ,39.5045,-21.8724   ,39.195 ,-22.0103  ,38.8528,-22.1774  ,38.5131,-22.3489  ,38.2107,-22.4875   ,37.8351,-22.6341   ,37.4619,-22.7342  ,37.0192,-22.7972   ,36.6108,-22.8074  ,36.169 ,-22.7533  ,35.7619,-22.5243  ,36.2379,-22.2688  ,36.5814,-22.1599  ,36.8584,-22.0629   ,37.1906,-21.9438  ,37.5267,-21.827   ,37.9109,-21.6883   ,38.2308,-21.5625  ,38.5978,-21.4088  ,38.9942,-21.2727  ,39.3965,-21.2332  ,37.8915,22.0906   ,-0.320366  ,504,108880,51.8888,10.5958,121.74 ,0
2574,39.8018,-21.5928  ,39.4232,-21.593    ,39.0337,-21.6738 ,38.6681,-21.7982  ,38.3276,-21.9396  ,37.9595,-22.1142  ,37.6194,-22.2543   ,37.2923,-22.3547  ,36.8641,-22.4479  ,36.5377,-22.4938    ,36.1621,-22.5174  ,35.7988,-22.5081  ,39.8018,-21.5928  ,39.5106,-21.932    ,39.1277,-22.0415  ,38.7864,-22.1669  ,38.4832,-22.3213  ,38.1351,-22.4965   ,37.8053,-22.6315   ,37.4814,-22.728   ,37.0159,-22.7978   ,36.6368,-22.8093  ,36.2023,-22.7663  ,35.7988,-22.5081  ,36.2398,-22.2665  ,36.5697,-22.1632  ,36.8401,-22.0749   ,37.2174,-21.9505  ,37.5358,-21.8403  ,37.8756,-21.688    ,38.2671,-21.5164  ,38.6505,-21.3909  ,39.0491,-21.2761  ,39.4464,-21.2474  ,37.8935,22.0917   ,-0.316128  ,499,108374,50.9986,10.4138,121.154,0
2575,39.8153,-21.5678  ,39.4165,-21.626    ,38.9939,-21.7136 ,38.6545,-21.8074  ,38.3013,-21.9447  ,37.9178,-22.1136  ,37.5838,-22.2626   ,37.2045,-22.3877  ,36.8212,-22.4655  ,36.4066,-22.5208    ,36.0131,-22.5557  ,35.685 ,-22.5643  ,39.8153,-21.5678  ,39.551 ,-21.93     ,39.1879,-22.0605  ,38.8751,-22.1583  ,38.535 ,-22.2941  ,38.1572,-22.4579   ,37.8361,-22.6074   ,37.464 ,-22.7318  ,37.0521,-22.7963   ,36.573 ,-22.8202  ,36.1027,-22.7929  ,35.685 ,-22.5643  ,36.0465,-22.3099  ,36.3788,-22.2057  ,36.724 ,-22.1117   ,37.0638,-22.0134  ,37.4283,-21.8757  ,37.7747,-21.7274   ,38.1643,-21.5533  ,38.5421,-21.4218  ,38.9187,-21.3401  ,39.3998,-21.3032  ,37.8421,22.1097   ,-0.303094  ,508,110292,52.54  ,10.2735,121.497,0
2576,39.8087,-21.5604  ,39.4296,-21.626    ,39.0265,-21.7189 ,38.6419,-21.8292  ,38.2906,-21.9622  ,37.9562,-22.1051  ,37.5709,-22.2669   ,37.2519,-22.3746  ,36.8685,-22.4482  ,36.4398,-22.4885    ,36.0892,-22.5007  ,35.7234,-22.4824  ,39.8087,-21.5604  ,39.5585,-21.9251   ,39.1979,-22.0581  ,38.8348,-22.1721  ,38.5021,-22.3117  ,38.1843,-22.4628   ,37.8016,-22.6214   ,37.4727,-22.7224  ,37.0652,-22.7888   ,36.5778,-22.8029  ,36.1638,-22.7638  ,35.7234,-22.4824  ,36.1497,-22.236   ,36.4465,-22.1647  ,36.8084,-22.0881   ,37.1455,-21.9951  ,37.438 ,-21.8721  ,37.8239,-21.7071   ,38.1759,-21.5726  ,38.5552,-21.4521  ,38.9689,-21.352   ,39.4128,-21.3063  ,37.8089,22.1215   ,-0.294796  ,510,111485,51.9008,10.2685,121.497,0
2577,39.806 ,-21.5399  ,39.3733,-21.6306   ,39.0211,-21.7153 ,38.6386,-21.8344  ,38.2795,-21.9686  ,37.8851,-22.1313  ,37.5231,-22.2602   ,37.136 ,-22.3801  ,36.7539,-22.4625  ,36.3993,-22.5089    ,35.9767,-22.5373  ,35.6375,-22.538   ,39.806 ,-21.5399  ,39.5259,-21.9365   ,39.2035,-22.0439  ,38.8412,-22.1646  ,38.5098,-22.3091  ,38.139 ,-22.4805   ,37.7892,-22.6098   ,37.4038,-22.7275  ,36.9858,-22.7958   ,36.5762,-22.821   ,36.0759,-22.7988  ,35.6375,-22.538   ,36.0111,-22.2703  ,36.3672,-22.1818  ,36.657 ,-22.1054   ,36.9854,-22.0009  ,37.3619,-21.8744  ,37.7322,-21.7436   ,38.1485,-21.5878  ,38.5423,-21.4681  ,38.9543,-21.3577  ,39.3375,-21.3013  ,37.7796,22.1234   ,-0.290609  ,514,112695,52.9413,10.4314,122.669,0
2578,39.7178,-21.624   ,39.319 ,-21.6535   ,38.8832,-21.752  ,38.5437,-21.8713  ,38.1713,-22.0245  ,37.7909,-22.168   ,37.4491,-22.2805   ,37.0796,-22.381   ,36.6798,-22.4684  ,36.273 ,-22.54      ,35.8847,-22.5782  ,35.5219,-22.568   ,39.7178,-21.624   ,39.4284,-21.9606   ,39.0244,-22.0984  ,38.7011,-22.2216  ,38.3492,-22.3878  ,37.9797,-22.5405   ,37.639 ,-22.6547   ,37.2591,-22.7525  ,36.8255,-22.8295   ,36.3715,-22.8802  ,35.9439,-22.8703  ,35.5219,-22.568   ,35.9497,-22.2791  ,36.3088,-22.1792  ,36.6698,-22.0798   ,37.0285,-21.9784  ,37.3757,-21.8701  ,37.7134,-21.7567   ,38.0983,-21.6169  ,38.4965,-21.4792  ,38.8603,-21.3702  ,39.3367,-21.332   ,37.6932,22.1467   ,-0.288592  ,527,115329,53.1722,10.1533,126.912,0
2579,39.642 ,-21.5446  ,39.1996,-21.6662   ,38.7925,-21.7848 ,38.408 ,-21.9207  ,38.0478,-22.0718  ,37.6703,-22.2085  ,37.2727,-22.3327   ,36.8398,-22.442   ,36.4377,-22.5257  ,36.0771,-22.5832    ,35.65  ,-22.646   ,35.2725,-22.7065  ,39.642 ,-21.5446  ,39.3661,-21.9729   ,38.9947,-22.1098  ,38.6373,-22.2499  ,38.3024,-22.41    ,37.9441,-22.5522   ,37.5627,-22.6775   ,37.1389,-22.7845  ,36.7161,-22.8581   ,36.3062,-22.8961  ,35.7857,-22.8983  ,35.2725,-22.7065  ,35.6521,-22.3734  ,35.9938,-22.2486  ,36.2997,-22.1684   ,36.6675,-22.0685  ,37.1002,-21.9542  ,37.5066,-21.8273   ,37.8971,-21.6915  ,38.2844,-21.5501  ,38.7039,-21.4232  ,39.1485,-21.3285  ,37.5469,22.1886   ,-0.284479  ,545,119096,55.6353,10.5302,128.912,0
2580,39.4722,-21.6475  ,39.019 ,-21.7248   ,38.6585,-21.8212 ,38.2865,-21.9698  ,37.8695,-22.14    ,37.4808,-22.2703  ,37.1231,-22.3689   ,36.6778,-22.4729  ,36.2791,-22.5595  ,35.8685,-22.6365    ,35.4693,-22.6929  ,35.1169,-22.7031  ,39.4722,-21.6475  ,39.1785,-22.0252   ,38.8609,-22.1508  ,38.5166,-22.3054  ,38.1233,-22.4868  ,37.7447,-22.6197   ,37.3975,-22.7202   ,36.9479,-22.82    ,36.519 ,-22.8961   ,36.0471,-22.9491  ,35.5709,-22.9533  ,35.1169,-22.7031  ,35.4965,-22.4184  ,35.8266,-22.3001  ,36.1749,-22.1949   ,36.5367,-22.096   ,36.9726,-21.9871  ,37.3305,-21.8852   ,37.7237,-21.7538  ,38.1582,-21.5888  ,38.5702,-21.4547  ,38.9853,-21.398   ,37.3775,22.2367   ,-0.282514  ,552,121185,55.2502,10.3919,129.497,0
2581,39.2886,-21.6082  ,38.88  ,-21.7391   ,38.5007,-21.8743 ,38.1283,-22.0187  ,37.7686,-22.1629  ,37.394 ,-22.2869  ,36.9863,-22.3913   ,36.556 ,-22.489   ,36.1707,-22.5697  ,35.7783,-22.6434    ,35.3992,-22.7024  ,35.0306,-22.7262  ,39.2886,-21.6082  ,39.0628,-22.0318   ,38.7258,-22.2074  ,38.3674,-22.3613  ,38.0141,-22.5156  ,37.6603,-22.6463   ,37.2679,-22.7517   ,36.8303,-22.8415  ,36.413 ,-22.9089   ,35.9618,-22.9562  ,35.5109,-22.9656  ,35.0306,-22.7262  ,35.4095,-22.4231  ,35.7249,-22.3072  ,36.059 ,-22.2044   ,36.4065,-22.1086  ,36.8255,-22.0032  ,37.2384,-21.8944   ,37.6254,-21.7704  ,37.9942,-21.6339  ,38.3829,-21.5019  ,38.8108,-21.4058  ,37.2784,22.252    ,-0.280956  ,547,119777,54.234 ,10.6622,127.497,0
2582,39.1192,-21.5333  ,38.7627,-21.7333   ,38.4057,-21.8924 ,38.0155,-22.0554  ,37.6644,-22.1903  ,37.2898,-22.3109  ,36.9411,-22.3992   ,36.5142,-22.4956  ,36.1398,-22.5802  ,35.7513,-22.6521    ,35.3662,-22.701   ,35.0323,-22.7071  ,39.1192,-21.5333  ,38.9492,-21.9993   ,38.6189,-22.2267  ,38.2531,-22.4001  ,37.9207,-22.5459  ,37.5512,-22.6692   ,37.2108,-22.7617   ,36.7728,-22.8534  ,36.3546,-22.9213   ,35.8999,-22.9656  ,35.4388,-22.96    ,35.0323,-22.7071  ,35.4182,-22.4302  ,35.7326,-22.3166  ,36.0523,-22.2124   ,36.3784,-22.1096  ,36.7916,-22.0093  ,37.1381,-21.9195   ,37.5119,-21.7986  ,37.8746,-21.6699  ,38.2941,-21.5175  ,38.6746,-21.4157  ,37.1946,22.2733   ,-0.285248  ,524,115688,52.6358,10.5633,123.497,0
2583,38.9605,-21.6821  ,38.5947,-21.8148   ,38.248 ,-21.9623 ,37.8709,-22.1216  ,37.518 ,-22.2521  ,37.1391,-22.3608  ,36.7991,-22.439    ,36.3987,-22.5315  ,36.0465,-22.6121  ,35.6818,-22.688     ,35.2687,-22.771   ,34.9342,-22.8389  ,38.9605,-21.6821  ,38.7653,-22.0985   ,38.4571,-22.3061  ,38.1028,-22.4707  ,37.7622,-22.6108  ,37.3944,-22.7288   ,37.0674,-22.8087   ,36.6582,-22.8894  ,36.2704,-22.951    ,35.8484,-23.0012  ,35.3621,-23.0265  ,34.9342,-22.8389  ,35.2872,-22.492   ,35.6371,-22.3502  ,35.9425,-22.2471   ,36.2539,-22.1461  ,36.645 ,-22.0437  ,36.995 ,-21.9648   ,37.3775,-21.8575  ,37.7357,-21.7341  ,38.1345,-21.5771  ,38.5267,-21.4886  ,37.0783,22.3172   ,-0.282206  ,517,113370,51.5452,10.7169,121.497,0
2584,38.9275,-21.7398  ,38.5385,-21.8371   ,38.1811,-21.99   ,37.842 ,-22.1469  ,37.4833,-22.2838  ,37.0787,-22.3917  ,36.7105,-22.4732   ,36.3303,-22.5518  ,35.9432,-22.6319  ,35.5609,-22.7129    ,35.208 ,-22.8027  ,34.866 ,-22.9353  ,38.9275,-21.7398  ,38.692 ,-22.1508   ,38.362 ,-22.3393  ,38.0426,-22.5058  ,37.7046,-22.6463  ,37.3247,-22.7584   ,36.9738,-22.8421   ,36.5849,-22.9122  ,36.1545,-22.9708   ,35.7008,-23.0159  ,35.2959,-23.0482  ,34.866 ,-22.9353  ,35.2304,-22.5246  ,35.5464,-22.383   ,35.8611,-22.2658   ,36.2041,-22.1657  ,36.5718,-22.0779  ,36.9521,-21.9962   ,37.3711,-21.8867  ,37.7382,-21.7449  ,38.1003,-21.595   ,38.4877,-21.4804  ,37.0015,22.3504   ,-0.279259  ,513,111526,52.136 ,10.5899,122.326,0
2585,38.9348,-21.7806  ,38.5178,-21.8484   ,38.1649,-21.9788 ,37.8321,-22.1329  ,37.4634,-22.3029  ,37.1119,-22.4195  ,36.7141,-22.5122   ,36.3479,-22.5821  ,35.9857,-22.6571  ,35.5686,-22.745     ,35.2267,-22.8364  ,34.8777,-22.9812  ,38.9348,-21.7806  ,38.6583,-22.1796   ,38.3205,-22.3283  ,38.01  ,-22.496   ,37.6593,-22.6728  ,37.3343,-22.7872   ,36.9707,-22.8808   ,36.608 ,-22.9406  ,36.2189,-22.9931   ,35.7477,-23.0426  ,35.3489,-23.0662  ,34.8777,-22.9812  ,35.2152,-22.5725  ,35.5063,-22.4206  ,35.8734,-22.2966   ,36.2099,-22.1997  ,36.5767,-22.1194  ,36.9947,-22.0215   ,37.3625,-21.8952  ,37.7463,-21.7238  ,38.1086,-21.5882  ,38.4785,-21.4814  ,37.0116,22.3665   ,-0.292568  ,509,110513,52.1872,10.5143,122.326,0
2586,38.9411,-21.8898  ,38.5433,-21.8888   ,38.142 ,-21.9703 ,37.8015,-22.1104  ,37.4251,-22.2908  ,37.0837,-22.4285  ,36.6983,-22.5332   ,36.3349,-22.6072  ,35.9661,-22.6828  ,35.5969,-22.7613    ,35.1851,-22.8569  ,34.8488,-22.9442  ,38.9411,-21.8898  ,38.6463,-22.1973   ,38.2971,-22.3108  ,37.9849,-22.4486  ,37.6281,-22.6417  ,37.3047,-22.787    ,36.9421,-22.8916   ,36.5834,-22.9585  ,36.1956,-23.02     ,35.7793,-23.0739  ,35.2943,-23.1068  ,34.8488,-22.9442  ,35.1874,-22.579   ,35.5373,-22.4227  ,35.8595,-22.3197   ,36.2087,-22.2313  ,36.5718,-22.1489  ,36.9639,-22.0345   ,37.3174,-21.8965  ,37.7111,-21.7277  ,38.0933,-21.5985  ,38.5586,-21.57    ,36.9886,22.3772   ,-0.296742  ,507,111450,52.2265,10.1791,122.083,0
2587,38.9376,-21.9212  ,38.5387,-21.9077   ,38.125 ,-21.9957 ,37.7528,-22.1289  ,37.3983,-22.2703  ,37.0369,-22.4045  ,36.6582,-22.5273   ,36.2421,-22.6338  ,35.8504,-22.7134  ,35.4498,-22.7896    ,35.0697,-22.8659  ,34.7333,-22.9164  ,38.9376,-21.9212  ,38.6098,-22.2325   ,38.2513,-22.3577  ,37.9101,-22.4924  ,37.5791,-22.6377  ,37.2258,-22.7651   ,36.8572,-22.8822   ,36.4437,-22.983   ,36.0283,-23.0532   ,35.5678,-23.1022  ,35.13  ,-23.1162  ,34.7333,-22.9164  ,35.1311,-22.5918  ,35.4636,-22.4512  ,35.806 ,-22.3479   ,36.1656,-22.2566  ,36.5707,-22.139   ,36.9529,-22.0068   ,37.3193,-21.8635  ,37.6978,-21.7248  ,38.1116,-21.6012  ,38.5875,-21.5723  ,36.9564,22.3802   ,-0.293012  ,516,113211,53.3596,10.0151,124.912,0
2588,38.9406,-21.8487  ,38.5189,-21.8836   ,38.1569,-21.9685 ,37.7918,-22.1153  ,37.3845,-22.2854  ,37.0517,-22.3924  ,36.6613,-22.5159   ,36.2622,-22.6374  ,35.8944,-22.7313  ,35.4979,-22.8074    ,35.0958,-22.8682  ,34.7489,-22.9275  ,38.9406,-21.8487  ,38.642 ,-22.1892   ,38.3224,-22.3     ,37.9825,-22.4492  ,37.6026,-22.6295  ,37.2892,-22.7431   ,36.9146,-22.8685   ,36.5147,-22.9839  ,36.123 ,-23.0652   ,35.6853,-23.1233  ,35.2215,-23.1334  ,34.7489,-22.9275  ,35.0988,-22.5831  ,35.4461,-22.4691  ,35.7923,-22.368    ,36.1274,-22.2576  ,36.5189,-22.1275  ,36.9268,-22.0074   ,37.2732,-21.9027  ,37.6998,-21.7357  ,38.106 ,-21.6032  ,38.5184,-21.5609  ,36.9048,22.3981   ,-0.300291  ,523,114645,53.3435,10.3027,125.497,0
2589,38.8566,-21.8973  ,38.4571,-21.9009   ,38.0553,-22.0119 ,37.6927,-22.1638  ,37.3255,-22.3068  ,36.9322,-22.43    ,36.5897,-22.5327   ,36.1778,-22.6486  ,35.8162,-22.7531  ,35.4177,-22.8393    ,35.0207,-22.9003  ,34.6849,-22.9128  ,38.8566,-21.8973  ,38.5414,-22.2175   ,38.1836,-22.3554  ,37.8526,-22.5152  ,37.5077,-22.6662  ,37.1341,-22.795    ,36.8077,-22.9008   ,36.3965,-23.0109  ,36.0055,-23.1      ,35.5596,-23.1723  ,35.0994,-23.1899  ,34.6849,-22.9128  ,35.0675,-22.5943  ,35.413 ,-22.4816  ,35.7514,-22.3725   ,36.0773,-22.2522  ,36.4871,-22.1309  ,36.844 ,-22.0307   ,37.2522,-21.9097  ,37.6337,-21.7676  ,38.0361,-21.6293  ,38.4903,-21.5678  ,36.8328,22.4204   ,-0.301168  ,526,115913,53.0631,10.2286,125.74 ,0
2590,38.8629,-21.8304  ,38.4545,-21.8889   ,38.0317,-22.0199 ,37.6406,-22.1821  ,37.2395,-22.3339  ,36.8748,-22.4483  ,36.5048,-22.5602   ,36.0448,-22.6758  ,35.6665,-22.7866  ,35.2766,-22.9027    ,34.872 ,-23.0221  ,34.5227,-23.1097  ,38.8629,-21.8304  ,38.5826,-22.2048   ,38.184 ,-22.3541  ,37.8246,-22.5293  ,37.4434,-22.6897  ,37.0923,-22.8089   ,36.7313,-22.9224   ,36.2723,-23.034   ,35.8732,-23.1302   ,35.4443,-23.2233  ,34.9862,-23.2864  ,34.5227,-23.1097  ,34.8878,-22.7182  ,35.2438,-22.5432  ,35.5851,-22.405    ,35.948 ,-22.2839  ,36.4046,-22.1623  ,36.7792,-22.0498   ,37.1544,-21.9379  ,37.568 ,-21.7889  ,37.9946,-21.6416  ,38.4502,-21.55    ,36.7417,22.4571   ,-0.306997  ,545,118970,55.612 ,10.1467,129.154,0
2591,38.7628,-21.8834  ,38.3193,-21.9218   ,37.9273,-22.0607 ,37.5541,-22.2238  ,37.2117,-22.3446  ,36.7884,-22.47    ,36.4174,-22.5735   ,36.0387,-22.6732  ,35.6179,-22.8019  ,35.2697,-22.9226    ,34.8448,-23.0982  ,34.5307,-23.2458  ,38.7628,-21.8834  ,38.4123,-22.252    ,38.0582,-22.4132  ,37.7139,-22.5823  ,37.3918,-22.7078  ,36.9973,-22.8403   ,36.6442,-22.946    ,36.261 ,-23.0348  ,35.8181,-23.141    ,35.4435,-23.2428  ,34.986 ,-23.3546  ,34.5307,-23.2458  ,34.8272,-22.785   ,35.2124,-22.5604  ,35.5356,-22.4251   ,35.9411,-22.2772  ,36.3158,-22.1673  ,36.7018,-22.0646   ,37.1493,-21.9436  ,37.5027,-21.8206  ,37.9053,-21.6632  ,38.3398,-21.5558  ,36.6409,22.4952   ,-0.318732  ,550,120636,54.8062,10.3648,130.811,0
2592,38.5981,-21.9078  ,38.1542,-21.987    ,37.8042,-22.1132 ,37.4197,-22.2735  ,37.0011,-22.4066  ,36.6269,-22.5116  ,36.254 ,-22.6177   ,35.8874,-22.7282  ,35.4766,-22.8671  ,35.0818,-23.0238    ,34.72  ,-23.176   ,34.3955,-23.3302  ,38.5981,-21.9078  ,38.2949,-22.2897   ,37.9823,-22.4555  ,37.6234,-22.6221  ,37.2284,-22.7628  ,36.8732,-22.8734   ,36.5062,-22.9774   ,36.1361,-23.0792  ,35.7003,-23.1957   ,35.2806,-23.3302  ,34.892 ,-23.4302  ,34.3955,-23.3302  ,34.6686,-22.8687  ,34.9987,-22.6707  ,35.3664,-22.4964   ,35.7592,-22.3392  ,36.1254,-22.2223  ,36.5059,-22.1149   ,36.897 ,-22.0148  ,37.3292,-21.8823  ,37.7372,-21.7244  ,38.1376,-21.6421  ,36.5095,22.5452   ,-0.324625  ,544,119472,54.5843,10.3715,127.983,0
2593,38.3522,-21.877   ,37.9744,-22.036    ,37.6415,-22.1901 ,37.2641,-22.3322  ,36.8734,-22.4584  ,36.5269,-22.5615  ,36.1666,-22.6573   ,35.8132,-22.7579  ,35.4287,-22.8904  ,35.0552,-23.0373    ,34.7359,-23.1903  ,34.4137,-23.3628  ,38.3522,-21.877   ,38.1593,-22.3083   ,37.8555,-22.5221  ,37.4933,-22.6752  ,37.1214,-22.8064  ,36.7925,-22.9179   ,36.4426,-23.0164   ,36.0763,-23.1054  ,35.6623,-23.2167   ,35.2576,-23.3388  ,34.9128,-23.4474  ,34.4137,-23.3628  ,34.6624,-22.8785  ,34.9599,-22.6907  ,35.3024,-22.5247   ,35.6646,-22.3751  ,36.0117,-22.2666  ,36.3791,-22.1722   ,36.7378,-22.0744  ,37.1455,-21.953   ,37.5335,-21.81    ,37.9069,-21.708   ,36.4243,22.583    ,-0.327307  ,519,114904,51.7633,10.6062,122.569,0
2594,38.1424,-21.9986  ,37.7559,-22.1514   ,37.3986,-22.3017 ,37.055 ,-22.4365  ,36.7346,-22.5321  ,36.3374,-22.6306  ,35.9958,-22.7136   ,35.6186,-22.8234  ,35.2563,-22.9623  ,34.933 ,-23.1031    ,34.6203,-23.2739  ,34.2992,-23.4588  ,38.1424,-21.9986  ,37.9286,-22.446    ,37.5921,-22.6588  ,37.2566,-22.8032  ,36.9405,-22.9033  ,36.5482,-23.0094   ,36.1962,-23.0927   ,35.7915,-23.1929  ,35.4101,-23.3079   ,35.0738,-23.4048  ,34.7448,-23.4988  ,34.2992,-23.4588  ,34.5955,-22.9895  ,34.9009,-22.7508  ,35.2074,-22.5736   ,35.5502,-22.4195  ,35.9077,-22.3059  ,36.2409,-22.2239   ,36.6395,-22.1313  ,36.9545,-22.0343  ,37.3031,-21.9028  ,37.6936,-21.8087  ,36.3128,22.6433   ,-0.327898  ,505,111826,50.6355,10.3446,119.983,0
2595,38.1056,-22.0323  ,37.7179,-22.1535   ,37.3669,-22.3159 ,37.0209,-22.4712  ,36.6251,-22.5869  ,36.2582,-22.6697  ,35.8987,-22.7562   ,35.565 ,-22.8617  ,35.1735,-23.0065  ,34.841 ,-23.1596    ,34.5425,-23.3389  ,34.2552,-23.5864  ,38.1056,-22.0323  ,37.8861,-22.4616   ,37.5521,-22.6634  ,37.2163,-22.8347  ,36.843 ,-22.9656  ,36.4789,-23.052    ,36.1044,-23.1334   ,35.75  ,-23.226   ,35.3442,-23.3398   ,34.9977,-23.4372  ,34.6866,-23.5231  ,34.2552,-23.5864  ,34.4915,-23.0959  ,34.7917,-22.8252  ,35.1159,-22.6288   ,35.4895,-22.4599  ,35.8095,-22.3482  ,36.1603,-22.2601   ,36.5271,-22.1795  ,36.928 ,-22.0676  ,37.2805,-21.9207  ,37.651 ,-21.8004  ,36.2412,22.6835   ,-0.334402  ,499,109819,51.4378,10.4688,122.225,0
2596,38.027 ,-22.0907  ,37.6568,-22.1774   ,37.3262,-22.3415 ,36.9827,-22.5101  ,36.6707,-22.6248  ,36.2617,-22.722   ,35.9039,-22.8006   ,35.5726,-22.8935  ,35.2159,-23.022   ,34.9067,-23.1537    ,34.56  ,-23.3549  ,34.3071,-23.5386  ,38.027 ,-22.0907  ,37.8127,-22.5052   ,37.4929,-22.6875  ,37.1578,-22.8798  ,36.8599,-23.007   ,36.469 ,-23.1058   ,36.1141,-23.1766   ,35.7731,-23.2552  ,35.3984,-23.3617   ,35.0704,-23.457   ,34.6907,-23.5738  ,34.3071,-23.5386  ,34.5216,-23.0739  ,34.8468,-22.8015  ,35.1345,-22.6436   ,35.4784,-22.4986  ,35.8099,-22.3966  ,36.1748,-22.3126   ,36.5902,-22.209   ,36.9071,-22.0957  ,37.2555,-21.9446  ,37.5956,-21.8068  ,36.2255,22.7179   ,-0.336999  ,492,108664,49.389 ,10.3762,118.811,0
2597,38.0343,-22.1148  ,37.6236,-22.1763   ,37.2595,-22.3103 ,36.9669,-22.4614  ,36.6282,-22.6315  ,36.2405,-22.7548  ,35.8669,-22.836    ,35.4996,-22.9214  ,35.1591,-23.0346  ,34.8222,-23.1843    ,34.4953,-23.3753  ,34.1915,-23.5719  ,38.0343,-22.1148  ,37.7574,-22.5285   ,37.3994,-22.6685  ,37.1078,-22.8257  ,36.7715,-23.0129  ,36.393 ,-23.141    ,36.0285,-23.2246   ,35.6574,-23.3061  ,35.3034,-23.3992   ,34.9504,-23.4946  ,34.6172,-23.5842  ,34.1915,-23.5719  ,34.4778,-23.1013  ,34.807 ,-22.8184  ,35.1263,-22.627    ,35.4598,-22.5053  ,35.8323,-22.4219  ,36.2061,-22.3381   ,36.5858,-22.2071  ,36.9214,-22.0438  ,37.2209,-21.908   ,37.5965,-21.7993  ,36.1835,22.7247   ,-0.348274  ,499,109633,50.8693,10.1427,121.64 ,0
2598,38.0421,-22.1251  ,37.6178,-22.1648   ,37.3036,-22.2873 ,36.9456,-22.4422  ,36.596 ,-22.6011  ,36.2424,-22.7577  ,35.8943,-22.8621   ,35.5292,-22.9543  ,35.1313,-23.0786  ,34.799 ,-23.215     ,34.4656,-23.3898  ,34.1633,-23.5474  ,38.0421,-22.1251  ,37.7284,-22.5071   ,37.4419,-22.6406  ,37.1141,-22.8022  ,36.7902,-22.9678  ,36.4527,-23.1242   ,36.1102,-23.2235   ,35.7411,-23.3059  ,35.3341,-23.4153   ,34.9848,-23.5213  ,34.6169,-23.6345  ,34.1633,-23.5474  ,34.4222,-23.0835  ,34.7252,-22.8572  ,35.0386,-22.7028   ,35.4368,-22.5712  ,35.8002,-22.4697  ,36.1383,-22.3499   ,36.5011,-22.1887  ,36.8782,-22.0374  ,37.2685,-21.8905  ,37.616 ,-21.7949  ,36.1375,22.7445   ,-0.365138  ,507,110754,51.0338,10.2488,120.811,0
2599,38.041 ,-22.0859  ,37.6368,-22.1382   ,37.3004,-22.2551 ,36.9283,-22.4123  ,36.5667,-22.575   ,36.2572,-22.7147  ,35.8779,-22.8659   ,35.5324,-22.9809  ,35.136 ,-23.1168  ,34.7988,-23.2494    ,34.4609,-23.4237  ,34.1622,-23.5815  ,38.041 ,-22.0859  ,37.7667,-22.4586   ,37.4576,-22.5926  ,37.1158,-22.7601  ,36.7767,-22.9313  ,36.4875,-23.0792   ,36.1135,-23.2276   ,35.7482,-23.3239  ,35.3362,-23.4434   ,34.9874,-23.5571  ,34.6266,-23.6831  ,34.1622,-23.5815  ,34.405 ,-23.1015  ,34.724 ,-22.8929  ,35.048 ,-22.7505   ,35.4324,-22.6005  ,35.7544,-22.4635  ,36.1311,-22.3043   ,36.46  ,-22.1725  ,36.8454,-22.0186  ,37.2522,-21.875   ,37.6233,-21.7927  ,36.1133,22.7503   ,-0.383969  ,511,112178,51.2297,10.4603,121.64 ,0
2600,38.0284,-22.0579  ,37.6277,-22.1381   ,37.2793,-22.2645 ,36.8965,-22.4355  ,36.5646,-22.5769  ,36.1712,-22.7375  ,35.8282,-22.8714   ,35.4722,-22.995   ,35.0738,-23.1496  ,34.7328,-23.2994    ,34.4003,-23.5026  ,34.0974,-23.6954  ,38.0284,-22.0579  ,37.764 ,-22.4514   ,37.4441,-22.5986  ,37.0822,-22.7778  ,36.7732,-22.9334  ,36.3912,-23.0989   ,36.0516,-23.2324   ,35.6961,-23.3533  ,35.2767,-23.4911   ,34.9179,-23.6124  ,34.5789,-23.7527  ,34.0974,-23.6954  ,34.3272,-23.1785  ,34.6625,-22.9303  ,34.9833,-22.7628   ,35.3663,-22.5949  ,35.7217,-22.4679  ,36.0649,-22.3314   ,36.4672,-22.1738  ,36.8196,-22.0442  ,37.2275,-21.8841  ,37.6106,-21.794   ,36.0514,22.7779   ,-0.391967  ,523,114167,52.4838,10.2285,125.882,0
2601,37.961 ,-22.1281  ,37.5113,-22.2045   ,37.1653,-22.3198 ,36.796 ,-22.4801  ,36.4362,-22.6447  ,36.1035,-22.7686  ,35.7127,-22.9105   ,35.3237,-23.0514  ,34.9568,-23.2175  ,34.6448,-23.3896    ,34.3004,-23.6186  ,33.9909,-23.8079  ,37.961 ,-22.1281  ,37.6613,-22.4998   ,37.3532,-22.6438  ,37.0019,-22.8185  ,36.6479,-22.9928  ,36.3233,-23.1261   ,35.9324,-23.2733   ,35.5291,-23.4108  ,35.1432,-23.5614   ,34.827 ,-23.7033  ,34.4748,-23.8781  ,33.9909,-23.8079  ,34.2199,-23.2934  ,34.5651,-23.0146  ,34.8757,-22.8227   ,35.2257,-22.6489  ,35.6063,-22.5088  ,35.995 ,-22.3699   ,36.3302,-22.2517  ,36.6934,-22.0949  ,37.0872,-21.9524  ,37.4841,-21.8793  ,35.9649,22.8315   ,-0.403066  ,526,116284,53.2285,10.1939,125.882,0
2602,37.8972,-22.1478  ,37.4839,-22.2219   ,37.0719,-22.3624 ,36.7438,-22.5041  ,36.3665,-22.6714  ,36.0225,-22.8002  ,35.6348,-22.9588   ,35.2462,-23.1132  ,34.9143,-23.274   ,34.5724,-23.4941    ,34.2494,-23.7494  ,33.9623,-23.9788  ,37.8972,-22.1478  ,37.6125,-22.524    ,37.2518,-22.6936  ,36.9484,-22.8456  ,36.5879,-23.0189  ,36.2577,-23.1516   ,35.8702,-23.3049   ,35.4864,-23.4592  ,35.1679,-23.6031   ,34.8356,-23.7766  ,34.4886,-23.9806  ,33.9623,-23.9788  ,34.1136,-23.4307  ,34.4221,-23.1308  ,34.7732,-22.8836   ,35.1164,-22.7222  ,35.5106,-22.5683  ,35.8996,-22.404    ,36.2578,-22.2795  ,36.6459,-22.1138  ,37.0056,-21.9862  ,37.4765,-21.8781  ,35.8597,22.9052   ,-0.433122  ,544,119566,53.8061,10.1668,127.054,0
2603,37.8117,-22.1867  ,37.3778,-22.2691   ,37.0307,-22.3866 ,36.6628,-22.5457  ,36.2514,-22.7316  ,35.9269,-22.8606  ,35.5377,-23.0008   ,35.1629,-23.1532  ,34.7876,-23.3683  ,34.4629,-23.6369    ,34.2126,-23.9013  ,33.9674,-24.1777  ,37.8117,-22.1867  ,37.5431,-22.5557   ,37.2443,-22.6997  ,36.9004,-22.8685  ,36.5111,-23.066   ,36.1975,-23.2      ,35.8057,-23.3386   ,35.4395,-23.4909  ,35.086 ,-23.6487   ,34.7765,-23.856   ,34.4812,-24.0881  ,33.9674,-24.1777  ,34.0374,-23.6074  ,34.2566,-23.3179  ,34.5967,-23.0147   ,34.9944,-22.7687  ,35.3768,-22.6207  ,35.7688,-22.4813   ,36.0958,-22.3516  ,36.5286,-22.1767  ,36.9264,-22.0304  ,37.3349,-21.954   ,35.7678,22.9731   ,-0.455319  ,543,120002,54.1803,10.4049,126.711,0
2604,37.5927,-22.0955  ,37.2113,-22.3053   ,36.8392,-22.4794 ,36.5271,-22.6195  ,36.1511,-22.7778  ,35.773 ,-22.9186  ,35.4061,-23.062    ,35.059 ,-23.2486  ,34.7514,-23.4745  ,34.4462,-23.7596    ,34.1544,-24.055   ,33.9016,-24.2921  ,37.5927,-22.0955  ,37.4106,-22.567    ,37.065 ,-22.7978  ,36.7696,-22.9452  ,36.406 ,-23.1224  ,36.0378,-23.2653   ,35.6736,-23.402    ,35.3417,-23.5609  ,35.0499,-23.7406   ,34.7292,-23.9902  ,34.3839,-24.2487  ,33.9016,-24.2921  ,34.0184,-23.7664  ,34.2638,-23.4293  ,34.5558,-23.1237   ,34.8772,-22.8741  ,35.2385,-22.6771  ,35.6176,-22.5337   ,36.0027,-22.3894  ,36.3906,-22.2466  ,36.7171,-22.115   ,37.1187,-21.9884  ,35.6844,23.0437   ,-0.491916  ,533,117533,53.352 ,10.369 ,125.539,0
2605,37.4543,-22.1721  ,37.0786,-22.3744   ,36.7578,-22.5383 ,36.3997,-22.7003  ,36.0332,-22.8414  ,35.6683,-22.9847  ,35.3019,-23.1343   ,34.9919,-23.2986  ,34.6898,-23.5305  ,34.3867,-23.8186    ,34.0955,-24.1032  ,33.8349,-24.3035  ,37.4543,-22.1721  ,37.2859,-22.626    ,36.9892,-22.858   ,36.6444,-23.0417  ,36.2937,-23.1864  ,35.9342,-23.3286   ,35.5758,-23.4673   ,35.2741,-23.6014  ,34.9698,-23.8074   ,34.6491,-24.0578  ,34.3064,-24.2939  ,33.8349,-24.3035  ,33.9764,-23.825   ,34.2259,-23.4799  ,34.5099,-23.1665   ,34.8114,-22.9329  ,35.1338,-22.7561  ,35.5069,-22.6002   ,35.8773,-22.4557  ,36.2576,-22.3166  ,36.6317,-22.1666  ,36.9772,-22.0673  ,35.6115,23.0928   ,-0.496355  ,513,113055,52.1006,10.3575,121.539,0
2606,37.3062,-22.2815  ,36.9244,-22.4641   ,36.6022,-22.6194 ,36.2464,-22.7796  ,35.8751,-22.9238  ,35.5507,-23.0426  ,35.2005,-23.2088   ,34.8533,-23.4141  ,34.5573,-23.6511  ,34.3051,-23.8943    ,34.0092,-24.1676  ,33.7224,-24.3488  ,37.3062,-22.2815  ,37.1275,-22.7383   ,36.8237,-22.9523  ,36.4804,-23.1235  ,36.1342,-23.2815  ,35.8092,-23.3985   ,35.4518,-23.5482   ,35.1145,-23.7243  ,34.8084,-23.9331   ,34.5408,-24.1405  ,34.2037,-24.3667  ,33.7224,-24.3488  ,33.9113,-23.8881  ,34.1708,-23.549   ,34.4049,-23.2792   ,34.6918,-23.0386  ,35.0476,-22.8175  ,35.3975,-22.6451   ,35.725 ,-22.5268  ,36.1145,-22.392   ,36.4852,-22.2376  ,36.831 ,-22.1275  ,35.506 ,23.163    ,-0.507892  ,504,110866,51.2598,10.529 ,119.296,0
2607,37.2169,-22.2957  ,36.871 ,-22.4702   ,36.5074,-22.671  ,36.1486,-22.834   ,35.8303,-22.9603  ,35.4411,-23.095   ,35.0902,-23.2613   ,34.7902,-23.4568  ,34.5013,-23.7024  ,34.1782,-23.9956    ,33.9142,-24.2382  ,33.6419,-24.4521  ,37.2169,-22.2957  ,37.0689,-22.7425   ,36.7182,-22.9995  ,36.3764,-23.1758  ,36.0863,-23.3124  ,35.7033,-23.444    ,35.3535,-23.5954   ,35.0611,-23.7641  ,34.7497,-23.9847   ,34.3912,-24.235   ,34.0801,-24.4151  ,33.6419,-24.4521  ,33.8356,-23.9869  ,34.0562,-23.6704  ,34.3471,-23.3371   ,34.6193,-23.075   ,34.9254,-22.8742  ,35.2862,-22.705    ,35.6839,-22.5683  ,36.0228,-22.4476  ,36.4009,-22.2902  ,36.7724,-22.1388  ,35.4362,23.2003   ,-0.512264  ,498,109724,51.7465,10.4073,121.539,0
2608,37.2164,-22.3494  ,36.8603,-22.4918   ,36.5114,-22.6728 ,36.1674,-22.8682  ,35.8578,-23.0004  ,35.4708,-23.1253  ,35.1442,-23.2456   ,34.828 ,-23.4342  ,34.5104,-23.6798  ,34.2052,-23.9501    ,33.9269,-24.1961  ,33.6606,-24.3741  ,37.2164,-22.3494  ,37.0239,-22.784    ,36.6793,-23.0134  ,36.3264,-23.2328  ,36.0246,-23.3775  ,35.6441,-23.5031   ,35.3208,-23.6253   ,35.0149,-23.8071  ,34.7121,-24.0148   ,34.4084,-24.2257  ,34.0976,-24.4058  ,33.6606,-24.3741  ,33.845 ,-23.9141  ,34.0998,-23.5846  ,34.4143,-23.2576   ,34.7465,-22.9882  ,35.0743,-22.8189  ,35.4085,-22.7122   ,35.7986,-22.5846  ,36.1068,-22.4518  ,36.4425,-22.275   ,36.7952,-22.1498  ,35.4198,23.2229   ,-0.499886  ,494,109443,50.7093,10.5694,118.953,0
2609,37.1966,-22.3489  ,36.8143,-22.4706   ,36.4558,-22.6275 ,36.1532,-22.797   ,35.8078,-22.994   ,35.4594,-23.1558  ,35.1119,-23.2976   ,34.7608,-23.493   ,34.494 ,-23.6986  ,34.1791,-23.9721    ,33.9082,-24.2233  ,33.6451,-24.4478  ,37.1966,-22.3489  ,36.9732,-22.7865   ,36.6442,-22.9629  ,36.3463,-23.1426  ,36.0019,-23.3582  ,35.6615,-23.5207   ,35.3089,-23.6634   ,34.9708,-23.8442  ,34.7177,-24.0162   ,34.4103,-24.2328  ,34.1129,-24.4202  ,33.6451,-24.4478  ,33.7868,-23.948   ,34.0477,-23.6222  ,34.3786,-23.2918   ,34.6539,-23.0716  ,35.0141,-22.8903  ,35.3568,-22.7485   ,35.7129,-22.5767  ,36.0594,-22.3936  ,36.3695,-22.2394  ,36.7569,-22.1233  ,35.3769,23.2344   ,-0.525586  ,503,110650,51.1326,10.2408,121.196,0
2610,37.1569,-22.3524  ,36.7861,-22.4623   ,36.4185,-22.6238 ,36.0654,-22.8043  ,35.7226,-22.9925  ,35.4295,-23.1554  ,35.0793,-23.3328   ,34.7216,-23.5335  ,34.3978,-23.773   ,34.1236,-24.0031    ,33.8668,-24.2316  ,33.5688,-24.4683  ,37.1569,-22.3524  ,36.9434,-22.7749   ,36.5944,-22.9574  ,36.2457,-23.1626  ,35.9027,-23.3655  ,35.615 ,-23.5146   ,35.2553,-23.7002   ,34.8898,-23.896   ,34.5862,-24.0974   ,34.334 ,-24.2749  ,34.0772,-24.4475  ,33.5688,-24.4683  ,33.7544,-23.9287  ,34.0215,-23.6373  ,34.3194,-23.3619   ,34.6579,-23.1026  ,35.0044,-22.9169  ,35.3423,-22.7427   ,35.6397,-22.5655  ,35.9848,-22.3936  ,36.3441,-22.2389  ,36.7391,-22.1155  ,35.3434,23.2434   ,-0.537679  ,507,111804,51.5132,10.3289,120.953,0
2611,37.1558,-22.4152  ,36.7713,-22.4744   ,36.3917,-22.6249 ,36.0399,-22.8079  ,35.6992,-22.9987  ,35.3522,-23.1975  ,35.0419,-23.3812   ,34.6825,-23.6059  ,34.3672,-23.8319  ,34.1054,-24.0377    ,33.8026,-24.29    ,33.4892,-24.4954  ,37.1558,-22.4152  ,36.8935,-22.7943   ,36.5234,-22.9724  ,36.1704,-23.1777  ,35.8234,-23.4002  ,35.4799,-23.6075   ,35.186 ,-23.7818   ,34.842 ,-23.9886  ,34.5444,-24.1795   ,34.2985,-24.3398  ,33.995 ,-24.5243  ,33.4892,-24.4954  ,33.7087,-23.9755  ,34.0159,-23.6514  ,34.2957,-23.4047   ,34.6261,-23.1556  ,35.0014,-22.9169  ,35.3264,-22.728    ,35.6715,-22.5434  ,36.0087,-22.3837  ,36.3626,-22.2277  ,36.7627,-22.1292  ,35.2979,23.2807   ,-0.553414  ,517,113353,52.2499,10.9494,122.61 ,0
2612,37.1325,-22.3655  ,36.7059,-22.4905   ,36.366 ,-22.6391 ,35.9943,-22.8234  ,35.6669,-23.0072  ,35.3356,-23.1951  ,35.0112,-23.3909   ,34.6611,-23.6412  ,34.3343,-23.8984  ,34.0592,-24.1246    ,33.7499,-24.3797  ,33.4599,-24.5793  ,37.1325,-22.3655  ,36.8269,-22.8067   ,36.4814,-22.9895  ,36.1051,-23.1983  ,35.7668,-23.4191  ,35.4289,-23.6358   ,35.0918,-23.8466   ,34.7398,-24.0971  ,34.4417,-24.3055   ,34.2025,-24.461   ,33.9226,-24.6126  ,33.4599,-24.5793  ,33.6752,-24.0674  ,34.0244,-23.6984  ,34.3379,-23.4015   ,34.6871,-23.1065  ,35.0249,-22.8737  ,35.3354,-22.7015   ,35.6621,-22.5419  ,35.9761,-22.3988  ,36.3448,-22.2438  ,36.6846,-22.1351  ,35.261 ,23.3131   ,-0.570271  ,521,115470,53.0162,12.1652,123.439,0
2613,37.0514,-22.5072  ,36.6534,-22.5443   ,36.2573,-22.6826 ,35.943 ,-22.8396  ,35.5837,-23.0417  ,35.2692,-23.2237  ,34.9445,-23.441    ,34.6376,-23.6856  ,34.364 ,-23.9269  ,34.0328,-24.2335    ,33.7717,-24.4758  ,33.5185,-24.7173  ,37.0514,-22.5072  ,36.7491,-22.843    ,36.3878,-23.0292  ,36.0804,-23.2027  ,35.721 ,-23.433   ,35.406 ,-23.6356   ,35.0807,-23.8677   ,34.7905,-24.0963  ,34.5452,-24.2951   ,34.2473,-24.5207  ,33.986 ,-24.676   ,33.5185,-24.7173  ,33.6571,-24.1837  ,33.9275,-23.8446  ,34.2937,-23.4586   ,34.591 ,-23.1854  ,34.905 ,-22.9438  ,35.2217,-22.758    ,35.5372,-22.5992  ,35.8938,-22.429   ,36.2208,-22.2944  ,36.6615,-22.224   ,35.1483,23.398    ,-0.586427  ,538,119323,52.1678,11.5337,124.853,0
2614,37.0581,-22.4747  ,36.5877,-22.5695   ,36.206 ,-22.7102 ,35.8578,-22.8864  ,35.506 ,-23.0951  ,35.1349,-23.324   ,34.7553,-23.5884   ,34.4271,-23.8461  ,34.1477,-24.0801  ,33.7833,-24.3648    ,33.4611,-24.5691  ,33.0932,-24.7493  ,37.0581,-22.4747  ,36.7208,-22.8841   ,36.3647,-23.0553  ,36.0211,-23.2372  ,35.6622,-23.471   ,35.3027,-23.705    ,34.9252,-23.987    ,34.5893,-24.2621  ,34.3068,-24.4919   ,33.9536,-24.7227  ,33.6264,-24.8356  ,33.0932,-24.7493  ,33.4241,-24.2284  ,33.7398,-23.9156  ,34.1025,-23.5723   ,34.3749,-23.3401  ,34.6939,-23.1108  ,35.0753,-22.873    ,35.4522,-22.6582  ,35.793 ,-22.4801  ,36.151 ,-22.3209  ,36.5736,-22.2167  ,35.062 ,23.4641   ,-0.590165  ,562,123117,56.6889,11.6087,131.439,0
2615,37.0406,-22.4382  ,36.597 ,-22.5705   ,36.2035,-22.7203 ,35.8372,-22.9122  ,35.4227,-23.155   ,35.0916,-23.3562  ,34.6972,-23.6278   ,34.3651,-23.8798  ,34.0526,-24.1344  ,33.7114,-24.3916    ,33.332 ,-24.6274  ,32.9516,-24.7783  ,37.0406,-22.4382  ,36.7213,-22.8818   ,36.3544,-23.0681  ,35.9851,-23.2852  ,35.5634,-23.5374  ,35.2377,-23.7499   ,34.8377,-24.0465   ,34.4924,-24.3082  ,34.1559,-24.5528   ,33.8222,-24.7611  ,33.4677,-24.8993  ,32.9516,-24.7783  ,33.325 ,-24.2851  ,33.7216,-23.9373  ,34.0536,-23.6302   ,34.3461,-23.366   ,34.6688,-23.129   ,35.0583,-22.8897   ,35.3882,-22.7108  ,35.7913,-22.482   ,36.1623,-22.3234  ,36.5859,-22.2192  ,35.0096,23.4927   ,-0.583753  ,568,124594,58.2475,11.6939,133.924,0
2616,36.9585,-22.3831  ,36.5362,-22.5909   ,36.1905,-22.7403 ,35.7866,-22.9403  ,35.4069,-23.164   ,35.0383,-23.3914  ,34.7106,-23.6131   ,34.3772,-23.8642  ,34.0635,-24.1223  ,33.689 ,-24.3996    ,33.3422,-24.6297  ,33.0018,-24.8109  ,36.9585,-22.3831  ,36.7162,-22.8876   ,36.396 ,-23.0618  ,36.0009,-23.2736  ,35.6015,-23.5123  ,35.2194,-23.763    ,34.8833,-24.0044   ,34.5437,-24.2511  ,34.2023,-24.5033   ,33.8303,-24.741   ,33.5072,-24.8878  ,33.0018,-24.8109  ,33.2955,-24.2985  ,33.6588,-23.9799  ,34.0267,-23.6569   ,34.3206,-23.3907  ,34.6484,-23.1447  ,34.9643,-22.95     ,35.3171,-22.7536  ,35.6859,-22.5463  ,36.1014,-22.3648  ,36.4675,-22.2477  ,34.9766,23.5097   ,-0.577946  ,567,125224,57.151 ,10.9301,133.681,0
2617,36.9885,-22.4542  ,36.5319,-22.5981   ,36.1778,-22.7492 ,35.7848,-22.9424  ,35.4012,-23.1681  ,35.0098,-23.41    ,34.6581,-23.6555   ,34.3668,-23.8783  ,33.9857,-24.1835  ,33.6783,-24.4099    ,33.31  ,-24.6823  ,33.0253,-24.9394  ,36.9885,-22.4542  ,36.6868,-22.9112   ,36.3539,-23.0826  ,35.9777,-23.2933  ,35.5998,-23.5151  ,35.2083,-23.7714   ,34.8559,-24.0328   ,34.5651,-24.2458  ,34.1662,-24.5195   ,33.8694,-24.7124  ,33.5222,-24.9009  ,33.0253,-24.9394  ,33.214 ,-24.3722  ,33.6141,-24.0158  ,33.9185,-23.7601   ,34.2816,-23.4226  ,34.579 ,-23.1912  ,34.926 ,-22.9726   ,35.3119,-22.7576  ,35.7014,-22.532   ,36.1185,-22.3621  ,36.495 ,-22.2425  ,34.9603,23.5246   ,-0.578782  ,576,126574,57.8384,10.8651,135.095,0
2618,36.9803,-22.4321  ,36.5393,-22.5956   ,36.1107,-22.7729 ,35.7333,-22.9687  ,35.3661,-23.1799  ,34.9965,-23.415   ,34.6264,-23.6723   ,34.2316,-23.9728  ,33.9308,-24.2065  ,33.5661,-24.4754    ,33.2249,-24.7248  ,32.8649,-24.9743  ,36.9803,-22.4321  ,36.6812,-22.9132   ,36.2576,-23.1168  ,35.8578,-23.3522  ,35.4737,-23.5925  ,35.0954,-23.8517   ,34.71  ,-24.1293   ,34.3178,-24.4206  ,34.035 ,-24.6221   ,33.6984,-24.8129  ,33.3823,-24.9553  ,32.8649,-24.9743  ,33.1772,-24.415   ,33.5533,-24.0517  ,33.9486,-23.6973   ,34.2625,-23.4336  ,34.65  ,-23.139   ,35.0033,-22.9058   ,35.3636,-22.7065  ,35.7147,-22.5251  ,36.0723,-22.3788  ,36.5034,-22.2411  ,34.9254,23.5433   ,-0.580735  ,585,127997,59.6553,12.1679,137.924,0
2619,36.9364,-22.5329  ,36.4633,-22.6416   ,36.0822,-22.7861 ,35.6762,-23.0004  ,35.2735,-23.2408  ,34.9214,-23.4706  ,34.5662,-23.7165   ,34.1841,-24.0104  ,33.8407,-24.2816  ,33.4937,-24.5432    ,33.1547,-24.7929  ,32.813 ,-25.0361  ,36.9364,-22.5329  ,36.6104,-22.9518   ,36.2458,-23.1446  ,35.8116,-23.384   ,35.3943,-23.6439  ,35.0286,-23.8996   ,34.6576,-24.1672   ,34.282 ,-24.4473  ,33.964 ,-24.6753   ,33.6465,-24.8605  ,33.313 ,-25.0136  ,32.813 ,-25.0361  ,33.1054,-24.4919  ,33.4568,-24.1407  ,33.8326,-23.7976   ,34.1987,-23.4847  ,34.579 ,-23.1899  ,34.9143,-22.9747   ,35.2539,-22.775   ,35.6412,-22.5585  ,36.0228,-22.3807  ,36.4341,-22.2989  ,34.8887,23.5722   ,-0.584852  ,591,128769,59.7215,12.0252,138.167,0
2620,36.9353,-22.5388  ,36.4677,-22.6437   ,36.0865,-22.7864 ,35.6768,-22.9994  ,35.3231,-23.2089  ,34.9706,-23.4361  ,34.6145,-23.6807   ,34.231 ,-23.9734  ,33.9431,-24.2038  ,33.5978,-24.4797    ,33.2627,-24.7438  ,32.9314,-25.0117  ,36.9353,-22.5388  ,36.6113,-22.9514   ,36.2517,-23.1421  ,35.8237,-23.3768  ,35.4619,-23.5997  ,35.1032,-23.8456   ,34.7381,-24.1085   ,34.3688,-24.3824  ,34.106 ,-24.5771   ,33.7952,-24.7839  ,33.4703,-24.9534  ,32.9314,-25.0117  ,33.1634,-24.4478  ,33.5148,-24.0853  ,33.896 ,-23.7373   ,34.2062,-23.4755  ,34.5953,-23.1782  ,34.9384,-22.9597   ,35.2856,-22.7567  ,35.631 ,-22.5636  ,36.0268,-22.3844  ,36.4415,-22.303   ,34.8966,23.5667   ,-0.583163  ,587,128820,58.3451,11.5438,136.752,0
2621,36.9374,-22.5412  ,36.4679,-22.6398   ,36.0867,-22.7784 ,35.6748,-22.9988  ,35.3211,-23.2045  ,34.9663,-23.4347  ,34.6073,-23.686    ,34.2821,-23.9325  ,33.942 ,-24.2009  ,33.5986,-24.4703    ,33.2597,-24.7339  ,32.9288,-24.9978  ,36.9374,-22.5412  ,36.61  ,-22.947    ,36.2526,-23.1241  ,35.8198,-23.3756  ,35.4566,-23.6036  ,35.0972,-23.8504   ,34.7314,-24.1134   ,34.4141,-24.3483  ,34.0977,-24.583    ,33.7866,-24.7891  ,33.4615,-24.9582  ,32.9288,-24.9978  ,33.1676,-24.423   ,33.5252,-24.0629  ,33.9005,-23.7281   ,34.2611,-23.4308  ,34.5877,-23.1831  ,34.937 ,-22.9492   ,35.2867,-22.7456  ,35.6311,-22.5631  ,36.0268,-22.3849  ,36.4433,-22.3017  ,34.9005,23.5609   ,-0.583095  ,586,128760,58.3084,11.546 ,135.338,0
2622,36.9739,-22.6045  ,36.5003,-22.6382   ,36.111 ,-22.7725 ,35.7599,-22.9549  ,35.3602,-23.1809  ,35.0027,-23.4039  ,34.6389,-23.6604   ,34.3117,-23.9081  ,33.9734,-24.1699  ,33.6318,-24.4347    ,33.2972,-24.682   ,32.9541,-24.904   ,36.9739,-22.6045  ,36.5951,-22.9544   ,36.2418,-23.1318  ,35.8934,-23.3391  ,35.4942,-23.5807  ,35.1314,-23.8262   ,34.7601,-24.093    ,34.442 ,-24.3228  ,34.1299,-24.5429   ,33.8194,-24.7491  ,33.4934,-24.9206  ,32.9541,-24.904   ,33.2091,-24.3655  ,33.558 ,-24.0332  ,33.9306,-23.7083   ,34.2924,-23.4082  ,34.6236,-23.1506  ,34.9764,-22.9127   ,35.3279,-22.7235  ,35.7246,-22.5158  ,36.0858,-22.3657  ,36.523 ,-22.2991  ,34.9359,23.5359   ,-0.579669  ,579,128237,57.7112,11.6783,133.681,0
2623,37.0172,-22.578   ,36.5252,-22.607    ,36.1223,-22.7745 ,35.7341,-22.9714  ,35.3591,-23.1824  ,34.9721,-23.4295  ,34.5727,-23.7004   ,34.2045,-23.9829  ,33.8877,-24.2359  ,33.521 ,-24.525     ,33.1963,-24.7748  ,32.8777,-25.0642  ,37.0172,-22.578   ,36.6053,-22.9438   ,36.2254,-23.1403  ,35.8465,-23.3683  ,35.4661,-23.5981  ,35.0713,-23.8658   ,34.6675,-24.1468   ,34.3113,-24.4135  ,34.0211,-24.6244   ,33.6856,-24.8448  ,33.3672,-24.9879  ,32.8777,-25.0642  ,33.1253,-24.4848  ,33.4742,-24.1142  ,33.881 ,-23.7452   ,34.223 ,-23.4541  ,34.5962,-23.1677  ,34.9842,-22.9215   ,35.3604,-22.7021  ,35.7296,-22.5163  ,36.1334,-22.3537  ,36.5618,-22.2395  ,34.9148,23.5533   ,-0.584951  ,590,128851,60.3193,12.0408,140.995,0
2624,37.0264,-22.4561  ,36.5629,-22.5869   ,36.1692,-22.7546 ,35.7422,-22.9636  ,35.3763,-23.1775  ,35.0044,-23.4063  ,34.6132,-23.6741   ,34.2413,-23.9655  ,33.9147,-24.2433  ,33.6033,-24.5273    ,33.2973,-24.8651  ,33.0826,-25.1889  ,37.0264,-22.4561  ,36.7098,-22.9001   ,36.3329,-23.0951  ,35.9171,-23.3275  ,35.5498,-23.5456  ,35.169 ,-23.7989   ,34.7769,-24.0802   ,34.4373,-24.3279  ,34.1526,-24.5371   ,33.8745,-24.7371  ,33.5494,-24.9845  ,33.0826,-25.1889  ,33.1324,-24.6338  ,33.4511,-24.2041  ,33.8068,-23.836    ,34.1742,-23.4978  ,34.5661,-23.183   ,34.9471,-22.946    ,35.308 ,-22.7455  ,35.6714,-22.5436  ,36.1166,-22.3628  ,36.5284,-22.2341  ,34.9741,23.5323   ,-0.59718   ,585,127804,59.9514,11.3033,137.924,0
2625,37.0579,-22.5145  ,36.6248,-22.571    ,36.2458,-22.7207 ,35.8822,-22.8966  ,35.5362,-23.0858  ,35.1834,-23.3034  ,34.8237,-23.5348   ,34.4965,-23.7665  ,34.1436,-24.0546  ,33.8458,-24.3255    ,33.5734,-24.6001  ,33.3244,-24.8885  ,37.0579,-22.5145  ,36.7339,-22.8901   ,36.3836,-23.0645  ,36.043 ,-23.2666  ,35.7062,-23.463   ,35.3608,-23.6769   ,35.0047,-23.9237   ,34.7013,-24.135   ,34.3891,-24.3708   ,34.1167,-24.5839  ,33.8264,-24.793   ,33.3244,-24.8885  ,33.4216,-24.2997  ,33.692 ,-23.9565  ,34.0181,-23.6355   ,34.4048,-23.3125  ,34.7468,-23.0781  ,35.1079,-22.8648   ,35.465 ,-22.6524  ,35.8224,-22.4744  ,36.215 ,-22.3282  ,36.6262,-22.2117  ,35.0806,23.4573   ,-0.584392  ,558,124417,55.3834,10.8427,129.681,0
2626,37.056 ,-22.5014  ,36.6585,-22.5649   ,36.2381,-22.721  ,35.8923,-22.8848  ,35.5581,-23.0742  ,35.2121,-23.2678  ,34.8587,-23.4946   ,34.5435,-23.7261  ,34.2094,-24.0147  ,33.9351,-24.2846    ,33.6914,-24.5509  ,33.4397,-24.8591  ,37.056 ,-22.5014  ,36.7951,-22.8797   ,36.4078,-23.0547  ,36.0874,-23.2316  ,35.7734,-23.4122  ,35.4538,-23.6055   ,35.1236,-23.8258   ,34.8369,-24.0259  ,34.5389,-24.2631   ,34.2751,-24.4959  ,33.998 ,-24.7301  ,33.4397,-24.8591  ,33.475 ,-24.2686  ,33.7013,-23.9641  ,33.9926,-23.6625   ,34.3579,-23.3424  ,34.696 ,-23.0934  ,35.0706,-22.8723   ,35.4394,-22.6799  ,35.7928,-22.489   ,36.1715,-22.3423  ,36.6279,-22.2115  ,35.107 ,23.4417   ,-0.588342  ,551,123431,54.1425,10.4011,126.61 ,0
2627,37.0692,-22.4586  ,36.6427,-22.5642   ,36.2805,-22.6969 ,35.8908,-22.8872  ,35.5612,-23.0782  ,35.2213,-23.262   ,34.8737,-23.4899   ,34.5102,-23.7676  ,34.2447,-24.0134  ,33.9631,-24.335     ,33.7606,-24.6568  ,33.6409,-25.0166  ,37.0692,-22.4586  ,36.8192,-22.8668   ,36.5011,-23.005   ,36.15  ,-23.2021  ,35.852 ,-23.3811  ,35.5554,-23.5495   ,35.2457,-23.7511   ,34.9317,-23.9634  ,34.695 ,-24.155    ,34.3919,-24.4565  ,34.1057,-24.7714  ,33.6409,-25.0166  ,33.4703,-24.4343  ,33.618 ,-24.1065  ,33.899 ,-23.7676   ,34.1949,-23.4838  ,34.6026,-23.1583  ,34.9852,-22.9179   ,35.3656,-22.7223  ,35.7255,-22.5206  ,36.162 ,-22.3466  ,36.5684,-22.2297  ,35.119 ,23.4506   ,-0.602388  ,556,123716,54.6478,10.8565,128.024,0
2628,37.0586,-22.5039  ,36.6464,-22.5722   ,36.27  ,-22.7141 ,35.8609,-22.9093  ,35.513 ,-23.1046  ,35.1523,-23.3137  ,34.8371,-23.5233   ,34.5218,-23.7598  ,34.1844,-24.0778  ,33.9577,-24.3923    ,33.8158,-24.7879  ,33.7639,-25.1351  ,37.0586,-22.5039  ,36.8045,-22.8881   ,36.4683,-23.0373  ,36.0934,-23.236   ,35.783 ,-23.4192  ,35.4713,-23.6018   ,35.1886,-23.7945   ,34.9005,-23.9953  ,34.5697,-24.2551   ,34.329 ,-24.515   ,34.1253,-24.8486  ,33.7639,-25.1351  ,33.5324,-24.6141  ,33.6483,-24.1605  ,33.8897,-23.8026   ,34.2463,-23.4421  ,34.5913,-23.179   ,34.9379,-22.9597   ,35.3429,-22.7347  ,35.7289,-22.5306  ,36.1778,-22.3456  ,36.5953,-22.2197  ,35.1288,23.4774   ,-0.628469  ,558,124603,55.1178,10.5192,129.196,0
2629,37.0448,-22.4515  ,36.6137,-22.5823   ,36.2473,-22.7228 ,35.8459,-22.9139  ,35.5125,-23.1128  ,35.1334,-23.3373  ,34.784 ,-23.5658   ,34.4858,-23.8117  ,34.2139,-24.1121  ,33.9884,-24.5003    ,33.9197,-24.9103  ,33.9415,-25.2815  ,37.0448,-22.4515  ,36.8348,-22.8721   ,36.5203,-23.0135  ,36.1612,-23.1964  ,35.8621,-23.382   ,35.5231,-23.5932   ,35.2191,-23.7805   ,34.9388,-23.9841  ,34.6519,-24.2358   ,34.3673,-24.5766  ,34.2098,-24.9365  ,33.9415,-25.2815  ,33.6326,-24.7674  ,33.656 ,-24.3102  ,33.8605,-23.8819   ,34.1286,-23.5504  ,34.451 ,-23.2775  ,34.8399,-23.0241   ,35.257 ,-22.7875  ,35.628 ,-22.5779  ,36.0784,-22.3901  ,36.494 ,-22.2526  ,35.1321,23.5088   ,-0.656032  ,565,125120,56.096 ,11.2709,131.196,0
2630,37.057 ,-22.5163  ,36.6188,-22.5888   ,36.2582,-22.7204 ,35.8814,-22.9132  ,35.517 ,-23.1226  ,35.149 ,-23.3338  ,34.8012,-23.5791   ,34.4946,-23.8602  ,34.2412,-24.1643  ,34.0774,-24.5634    ,34.0276,-24.9644  ,34.0145,-25.3499  ,37.057 ,-22.5163  ,36.7907,-22.8946   ,36.483 ,-23.0293  ,36.135 ,-23.2153  ,35.797 ,-23.4379  ,35.4668,-23.6383   ,35.1578,-23.8441   ,34.8685,-24.0932  ,34.5999,-24.3811   ,34.3959,-24.7223  ,34.3054,-25.0298  ,34.0145,-25.3499  ,33.7602,-24.7661  ,33.7883,-24.2785  ,33.9543,-23.8448   ,34.2192,-23.5277  ,34.5474,-23.2326  ,34.9258,-22.9708   ,35.3278,-22.7562  ,35.719 ,-22.56    ,36.1343,-22.3692  ,36.5488,-22.2511  ,35.1553,23.5373   ,-0.688854  ,561,124980,56.0238,10.5965,129.539,0
2631,37.067 ,-22.5838  ,36.6095,-22.6205   ,36.2223,-22.747  ,35.8747,-22.9227  ,35.5006,-23.1316  ,35.1248,-23.3628  ,34.796 ,-23.602    ,34.4952,-23.8737  ,34.2588,-24.1876  ,34.109 ,-24.6052    ,34.0358,-25.0046  ,33.9574,-25.3718  ,37.067 ,-22.5838  ,36.8057,-22.9168   ,36.4709,-23.0531  ,36.1357,-23.2297  ,35.7781,-23.45    ,35.4452,-23.6608   ,35.1382,-23.8846   ,34.8313,-24.1452  ,34.5788,-24.4276   ,34.4191,-24.7719  ,34.3155,-25.1039  ,33.9574,-25.3718  ,33.7747,-24.7945  ,33.8253,-24.3257  ,33.9943,-23.8536   ,34.24  ,-23.52    ,34.5442,-23.2477  ,34.9003,-22.9997   ,35.3153,-22.7616  ,35.7097,-22.5635  ,36.0792,-22.3963  ,36.5332,-22.2955  ,35.1749,23.5497   ,-0.698558  ,562,124258,56.0133,10.6807,132.125,0
2632,37.0537,-22.5892  ,36.5989,-22.6242   ,36.2075,-22.7579 ,35.8557,-22.9357  ,35.4807,-23.1449  ,35.1026,-23.3755  ,34.7695,-23.6209   ,34.4614,-23.9147  ,34.2044,-24.2846  ,34.0897,-24.6697    ,34.0309,-25.1131  ,33.9895,-25.4743  ,37.0537,-22.5892  ,36.7558,-22.9295   ,36.4184,-23.0801  ,36.081 ,-23.2638  ,35.7238,-23.4845  ,35.3885,-23.6963   ,35.0804,-23.9234   ,34.7747,-24.1977  ,34.5098,-24.5384   ,34.3934,-24.8555  ,34.3017,-25.2     ,33.9895,-25.4743  ,33.774 ,-24.9018  ,33.8096,-24.3633  ,33.9474,-23.9338   ,34.2304,-23.5435  ,34.5509,-23.2434  ,34.9136,-22.9897   ,35.3299,-22.7542  ,35.7273,-22.5548  ,36.1034,-22.3902  ,36.5619,-22.2866  ,35.1474,23.5812   ,-0.71448   ,566,125254,57.0545,10.5697,133.296,0
2633,36.9751,-22.5766  ,36.5368,-22.6557   ,36.1435,-22.8057 ,35.723 ,-23.0178  ,35.3655,-23.2301  ,34.9882,-23.4754  ,34.6996,-23.7092   ,34.3791,-24.0317  ,34.1699,-24.3676  ,34.0662,-24.8297    ,34.0265,-25.2587  ,34.0216,-25.6348  ,36.9751,-22.5766  ,36.6976,-22.9684   ,36.3416,-23.1267  ,35.956 ,-23.3489  ,35.6197,-23.5553  ,35.2609,-23.803    ,34.997 ,-24.0046   ,34.7013,-24.2745  ,34.4932,-24.5696   ,34.3738,-24.9557  ,34.2883,-25.3015  ,34.0216,-25.6348  ,33.7737,-25.0773  ,33.779 ,-24.5622  ,33.8968,-24.0487   ,34.1523,-23.6794  ,34.5181,-23.3131  ,34.828 ,-23.0667   ,35.2142,-22.8443  ,35.5919,-22.6285  ,36.0555,-22.4363  ,36.4885,-22.3091  ,35.0952,23.6556   ,-0.746873  ,565,124715,57.8177,10.4756,132.368,0
2634,36.8121,-22.7371  ,36.3803,-22.7773   ,35.9754,-22.9302 ,35.6492,-23.1066  ,35.2728,-23.3152  ,34.9488,-23.5208  ,34.6287,-23.7837   ,34.3688,-24.0798  ,34.1786,-24.4473  ,34.0696,-24.8743    ,34.007 ,-25.2672  ,33.9486,-25.6235  ,36.8121,-22.7371  ,36.5182,-23.0719   ,36.1747,-23.2614  ,35.8799,-23.4454  ,35.5412,-23.6478  ,35.2403,-23.8353   ,34.9343,-24.0655   ,34.6856,-24.3207  ,34.4922,-24.6546   ,34.3658,-25.0267  ,34.254 ,-25.3511  ,33.9486,-25.6235  ,33.7796,-25.0573  ,33.7985,-24.5915  ,33.9064,-24.13     ,34.1262,-23.7377  ,34.4255,-23.4078  ,34.766 ,-23.1305   ,35.112 ,-22.9215  ,35.5263,-22.7084  ,35.8874,-22.5454  ,36.3631,-22.4556  ,35.0324,23.7212   ,-0.760655  ,536,118665,54.9333,10.4191,127.296,0
2635,36.6463,-22.758   ,36.2161,-22.8548   ,35.8665,-23.0034 ,35.5443,-23.1875  ,35.2241,-23.3853  ,34.8918,-23.6063  ,34.6101,-23.8422   ,34.3559,-24.1512  ,34.2041,-24.4907  ,34.1182,-24.9137    ,34.074 ,-25.2468  ,34.0287,-25.6164  ,36.6463,-22.758   ,36.4091,-23.1258   ,36.1083,-23.3095  ,35.8027,-23.5029  ,35.5007,-23.6955  ,35.1914,-23.9024   ,34.9168,-24.1392   ,34.6447,-24.4544  ,34.4895,-24.7676   ,34.394 ,-25.0977  ,34.3139,-25.3397  ,34.0287,-25.6164  ,33.8508,-25.0218  ,33.8626,-24.599   ,33.9515,-24.1079   ,34.1267,-23.7574  ,34.3921,-23.462   ,34.6888,-23.2399   ,35.0397,-23.0184  ,35.3768,-22.8167  ,35.7204,-22.6491  ,36.1311,-22.5441  ,34.9785,23.798    ,-0.800468  ,504,113062,52.1599,10.6504,121.054,0
2636,36.4873,-22.6905  ,36.1248,-22.8475   ,35.8033,-23.0298 ,35.4839,-23.2339  ,35.1617,-23.4404  ,34.8367,-23.6601  ,34.576 ,-23.8835   ,34.3499,-24.1875  ,34.1924,-24.5764  ,34.1249,-24.9412    ,34.086 ,-25.3284  ,34.0748,-25.6519  ,36.4873,-22.6905  ,36.3539,-23.0992   ,36.066 ,-23.3259  ,35.7498,-23.5503  ,35.439 ,-23.7657  ,35.1365,-23.972    ,34.8868,-24.1841   ,34.6532,-24.485   ,34.4967,-24.8384   ,34.4132,-25.1127  ,34.325 ,-25.3895  ,34.0748,-25.6519  ,33.8568,-25.1427  ,33.8544,-24.6407  ,33.9177,-24.2055   ,34.0999,-23.8004  ,34.3452,-23.5032  ,34.6295,-23.2807   ,34.9766,-23.0568  ,35.3098,-22.8573  ,35.6312,-22.6777  ,35.9886,-22.5463  ,34.9291,23.8331   ,-0.827463  ,497,110231,50.8973,10.7956,117.64 ,0
2637,36.4042,-22.7033  ,36.0575,-22.8462   ,35.7008,-23.0505 ,35.429 ,-23.2315  ,35.1015,-23.4598  ,34.8172,-23.6702  ,34.5173,-23.9361   ,34.3037,-24.2504  ,34.1834,-24.564   ,34.0959,-24.9526    ,34.0617,-25.2837  ,34.0699,-25.651   ,36.4042,-22.7033  ,36.2927,-23.1015   ,35.9871,-23.3283  ,35.7239,-23.5127  ,35.4082,-23.7482  ,35.1439,-23.9516   ,34.8631,-24.1999   ,34.6473,-24.4806  ,34.5258,-24.7399   ,34.4233,-25.0462  ,34.3406,-25.3153  ,34.0699,-25.651   ,33.7884,-25.1439  ,33.7881,-24.7478  ,33.874 ,-24.2793   ,34.0104,-23.9227  ,34.2479,-23.5925  ,34.5844,-23.3162   ,34.8895,-23.1041  ,35.2257,-22.8886  ,35.5041,-22.7148  ,35.9116,-22.5442  ,34.8801,23.8574   ,-0.843164  ,494,109378,50.1328,10.6035,117.296,0
2638,36.42  ,-22.7561  ,36.03  ,-22.8362   ,35.7054,-22.9818 ,35.4174,-23.1817  ,35.0988,-23.4487  ,34.8174,-23.7112  ,34.5947,-23.9399   ,34.341 ,-24.2521  ,34.1817,-24.551   ,34.0851,-24.9204    ,34.0462,-25.2633  ,34.0631,-25.6259  ,36.42  ,-22.7561  ,36.2417,-23.1061   ,35.982 ,-23.2664  ,35.7155,-23.4619  ,35.4206,-23.7196  ,35.159 ,-23.9752   ,34.9486,-24.1987   ,34.6917,-24.5086  ,34.5105,-24.7952   ,34.3954,-25.0881  ,34.3189,-25.3349  ,34.0631,-25.6259  ,33.78  ,-25.0948  ,33.7922,-24.6568  ,33.8882,-24.2199   ,34.0511,-23.9092  ,34.3263,-23.5892  ,34.5686,-23.3573   ,34.8708,-23.0949  ,35.2053,-22.8355  ,35.5081,-22.6518  ,35.9048,-22.5343  ,34.8737,23.8546   ,-0.858724  ,495,110127,49.8929,10.7599,115.882,0
2639,36.4075,-22.6866  ,36.0264,-22.8175   ,35.69  ,-22.9953 ,35.4193,-23.1735  ,35.0847,-23.4476  ,34.8549,-23.6694  ,34.6058,-23.9424   ,34.3635,-24.2625  ,34.202 ,-24.5709  ,34.0978,-24.9167    ,34.0328,-25.3056  ,34.0061,-25.6369  ,36.4075,-22.6866  ,36.2328,-23.1164   ,35.9263,-23.2956  ,35.661 ,-23.4962  ,35.3296,-23.798   ,35.1046,-24.0214   ,34.8796,-24.2592   ,34.6782,-24.5267  ,34.5275,-24.8143   ,34.4179,-25.1018  ,34.3097,-25.3919  ,34.0061,-25.6369  ,33.7703,-25.1087  ,33.802 ,-24.6252  ,33.9143,-24.2384   ,34.1088,-23.9081  ,34.4109,-23.5344  ,34.694 ,-23.227    ,34.9353,-23.0121  ,35.2707,-22.7842  ,35.5403,-22.6441  ,35.9013,-22.4821  ,34.8785,23.8674   ,-0.873549  ,501,111041,49.9587,10.9666,118.468,0
2640,36.4237,-22.7529  ,36.0572,-22.8228   ,35.6809,-22.9925 ,35.395 ,-23.1871  ,35.0986,-23.439   ,34.8173,-23.7187  ,34.5856,-23.9957   ,34.3917,-24.2947  ,34.2363,-24.6288  ,34.117 ,-25.0009    ,34.0486,-25.3635  ,34.0192,-25.7131  ,36.4237,-22.7529  ,36.2274,-23.0885   ,35.9116,-23.3007  ,35.6452,-23.5116  ,35.3687,-23.7693  ,35.1086,-24.0413   ,34.893 ,-24.2994   ,34.7046,-24.5717  ,34.555 ,-24.8635   ,34.4423,-25.1709  ,34.3369,-25.4493  ,34.0192,-25.7131  ,33.7751,-25.1741  ,33.8173,-24.7314  ,33.9521,-24.3087   ,34.1262,-23.9345  ,34.3461,-23.6023  ,34.6147,-23.3015   ,34.9267,-23.0193  ,35.2427,-22.7887  ,35.5424,-22.6318  ,35.9836,-22.5272  ,34.8691,23.908    ,-0.903585  ,509,112741,50.5634,10.9093,119.054,0
2641,36.421 ,-22.758   ,36.0153,-22.8511   ,35.661 ,-22.9964 ,35.3573,-23.1862  ,35.0576,-23.4407  ,34.7782,-23.7461  ,34.5586,-24.051    ,34.374 ,-24.3909  ,34.259 ,-24.7016  ,34.1609,-25.1276    ,34.1177,-25.4564  ,34.1056,-25.8302  ,36.421 ,-22.758   ,36.1879,-23.1469   ,35.8727,-23.3118  ,35.585 ,-23.5101  ,35.3207,-23.748   ,35.0915,-24.0246   ,34.9027,-24.3112   ,34.7297,-24.6446  ,34.6104,-24.9274   ,34.4848,-25.2593  ,34.3971,-25.5     ,34.1056,-25.8302  ,33.8519,-25.283   ,33.8603,-24.8664  ,33.9418,-24.3658   ,34.0633,-24.0395  ,34.2777,-23.6921  ,34.5524,-23.3629   ,34.8921,-23.0398  ,35.2321,-22.7896  ,35.5482,-22.6307  ,35.9486,-22.5256  ,34.8697,23.9372   ,-0.930061  ,517,115086,51.579 ,11.0399,121.054,0
2642,36.395 ,-22.8422  ,35.9539,-22.8907   ,35.639 ,-23.0194 ,35.2886,-23.2473  ,34.9972,-23.5105  ,34.7246,-23.819   ,34.5142,-24.1259   ,34.342 ,-24.4838  ,34.2311,-24.8948  ,34.1715,-25.2276    ,34.1151,-25.6334  ,34.0747,-26.0007  ,36.395 ,-22.8422  ,36.1091,-23.1944   ,35.8234,-23.343   ,35.4852,-23.592   ,35.2329,-23.8465  ,35.0123,-24.1342   ,34.838 ,-24.4219   ,34.6844,-24.7706  ,34.5751,-25.1396   ,34.5015,-25.4051  ,34.3959,-25.7031  ,34.0747,-26.0007  ,33.8508,-25.433   ,33.8633,-24.9136  ,33.9136,-24.5233   ,34.0398,-24.091   ,34.2516,-23.7291  ,34.5209,-23.3992   ,34.8579,-23.0782  ,35.1907,-22.8279  ,35.5573,-22.6435  ,35.9083,-22.5579  ,34.8369,24.0237   ,-0.966732  ,532,118280,53.0538,11.4874,124.468,0
2643,36.3629,-22.9207  ,35.9493,-22.9015   ,35.5619,-23.0978 ,35.2652,-23.3127  ,34.9491,-23.597   ,34.7008,-23.8905  ,34.488 ,-24.2282   ,34.3388,-24.5902  ,34.2327,-25.0237  ,34.1724,-25.3914    ,34.1136,-25.8223  ,34.0661,-26.1694  ,36.3629,-22.9207  ,36.0635,-23.2125   ,35.7195,-23.441   ,35.4425,-23.6923  ,35.1464,-24.0105  ,34.9291,-24.304    ,34.7635,-24.6153   ,34.6538,-24.9483  ,34.5673,-25.3184   ,34.4979,-25.6035  ,34.3788,-25.9243  ,34.0661,-26.1694  ,33.8645,-25.6032  ,33.8656,-25.0541  ,33.9204,-24.6114   ,34.0566,-24.1364  ,34.257 ,-23.7542  ,34.5365,-23.3943   ,34.8344,-23.1     ,35.1854,-22.8563  ,35.5027,-22.6918  ,35.9309,-22.5653  ,34.8093,24.1229   ,-1.01078   ,541,121219,54.3986,12.3614,127.296,0
2644,36.2987,-22.8744  ,35.8763,-22.9568   ,35.4877,-23.1516 ,35.1694,-23.3821  ,34.8765,-23.6828  ,34.6167,-24.0267  ,34.4268,-24.3582   ,34.2919,-24.7656  ,34.2287,-25.135   ,34.1896,-25.5396    ,34.171 ,-25.9962  ,34.175 ,-26.3624  ,36.2987,-22.8744  ,36.0754,-23.2366   ,35.7318,-23.4678  ,35.428 ,-23.7186  ,35.1577,-24.0114  ,34.9378,-24.3167   ,34.7785,-24.6204   ,34.6561,-24.9798  ,34.5909,-25.2869   ,34.532 ,-25.6229  ,34.4454,-26.0227  ,34.175 ,-26.3624  ,33.8996,-25.8479  ,33.857 ,-25.3195  ,33.8843,-24.8537   ,33.9544,-24.4388  ,34.1199,-24.003   ,34.3628,-23.6387   ,34.6757,-23.2597  ,34.9998,-22.9717  ,35.3366,-22.778   ,35.779 ,-22.6433  ,34.784 ,24.2133   ,-1.04905   ,557,122769,55.5971,11.0712,127.882,0
2645,36.168 ,-22.8797  ,35.7949,-23.0261   ,35.43  ,-23.2646 ,35.1002,-23.5322  ,34.8183,-23.8144  ,34.5842,-24.1393  ,34.4198,-24.5016   ,34.3145,-24.8543  ,34.2422,-25.256   ,34.2053,-25.6818    ,34.1843,-26.0624  ,34.1481,-26.4615  ,36.168 ,-22.8797  ,36.021 ,-23.2744   ,35.6877,-23.5578  ,35.3669,-23.8606  ,35.0831,-24.17    ,34.8564,-24.5012   ,34.7372,-24.8331   ,34.6658,-25.1612  ,34.6069,-25.5206   ,34.5468,-25.8815  ,34.4759,-26.1757  ,34.1481,-26.4615  ,33.9009,-25.8256  ,33.8707,-25.3561  ,33.8943,-24.8733   ,33.9896,-24.4405  ,34.1377,-24.0759  ,34.3601,-23.6916   ,34.6249,-23.3794  ,34.9257,-23.1227  ,35.2658,-22.9036  ,35.6577,-22.7301  ,34.7452,24.3442   ,-1.09506   ,541,119796,54.6312,12.121 ,126.811,0
2646,35.9221,-22.8934  ,35.6065,-23.1218   ,35.2978,-23.3881 ,35.0273,-23.6447  ,34.7801,-23.9116  ,34.5556,-24.2205  ,34.4075,-24.5324   ,34.3064,-24.9297  ,34.2534,-25.3233  ,34.2263,-25.6788    ,34.211 ,-26.0318  ,34.2148,-26.3937  ,35.9221,-22.8934  ,35.8595,-23.3315   ,35.6013,-23.6475  ,35.347 ,-23.9162  ,35.1115,-24.177   ,34.9003,-24.4695   ,34.7706,-24.7588   ,34.6854,-25.1219  ,34.629 ,-25.4695   ,34.577 ,-25.7706  ,34.508 ,-26.0621  ,34.2148,-26.3937  ,33.9176,-25.888   ,33.8828,-25.4671  ,33.89  ,-25.0613   ,33.9472,-24.6313  ,34.0783,-24.2142  ,34.2653,-23.8839   ,34.5252,-23.557   ,34.7962,-23.2856  ,35.085 ,-23.047   ,35.4359,-22.8455  ,34.7076,24.4094   ,-1.11581   ,512,114243,50.8304,10.8709,119.397,0
2647,35.712 ,-22.8738  ,35.4536,-23.2097   ,35.188 ,-23.5095 ,34.9511,-23.7731  ,34.7315,-24.0285  ,34.4971,-24.3544  ,34.3605,-24.6782   ,34.2799,-25.0556  ,34.232 ,-25.4716  ,34.2082,-25.8487    ,34.1892,-26.2151  ,34.168 ,-26.5539  ,35.712 ,-22.8738  ,35.7569,-23.3442   ,35.5627,-23.6702  ,35.3607,-23.9291  ,35.1554,-24.1738  ,34.9108,-24.492    ,34.7582,-24.8107   ,34.6728,-25.1791  ,34.6033,-25.5757   ,34.5367,-25.9067  ,34.4524,-26.2197  ,34.168 ,-26.5539  ,33.9323,-26.0946  ,33.8868,-25.6639  ,33.8709,-25.2452   ,33.9058,-24.8182  ,33.9929,-24.4474  ,34.1375,-24.1275   ,34.3899,-23.7839  ,34.6353,-23.5119  ,34.9069,-23.2447  ,35.228 ,-22.9838  ,34.6559,24.5149   ,-1.149     ,499,111305,51.0126,10.5366,116.811,0
2648,35.7397,-23.0238  ,35.4386,-23.2789   ,35.1821,-23.5284 ,34.9277,-23.8046  ,34.6951,-24.083   ,34.4821,-24.3925  ,34.3356,-24.7568   ,34.2628,-25.131   ,34.2195,-25.4784  ,34.1875,-25.8303    ,34.1522,-26.2158  ,34.0964,-26.5518  ,35.7397,-23.0238  ,35.6935,-23.4702   ,35.5078,-23.7459  ,35.2992,-24.0129  ,35.087 ,-24.2775  ,34.8719,-24.5847   ,34.7192,-24.9634   ,34.6434,-25.3348  ,34.5854,-25.6601   ,34.5179,-25.9722  ,34.4083,-26.2981  ,34.0964,-26.5518  ,33.9079,-26.0306  ,33.8666,-25.5721  ,33.8663,-25.1793   ,33.8992,-24.8146  ,33.9794,-24.4525  ,34.1433,-24.1136   ,34.3759,-23.797   ,34.639 ,-23.503   ,34.9429,-23.2224  ,35.265 ,-23.0151  ,34.6178,24.57     ,-1.1574    ,501,109557,49.9636,11.1355,119.64 ,0
2649,35.5519,-22.9982  ,35.3148,-23.2847   ,35.0912,-23.5722 ,34.8728,-23.8683  ,34.6533,-24.1637  ,34.432 ,-24.4926  ,34.306 ,-24.8025   ,34.2331,-25.1815  ,34.1917,-25.5454  ,34.1544,-25.9053    ,34.1042,-26.275   ,34.0376,-26.6024  ,35.5519,-22.9982  ,35.5847,-23.4815   ,35.4059,-23.8165  ,35.2105,-24.1083  ,35.0061,-24.3933  ,34.7862,-24.7326   ,34.6682,-25.0709   ,34.5981,-25.4564  ,34.5416,-25.7893   ,34.4686,-26.093   ,34.3421,-26.3803  ,34.0376,-26.6024  ,33.8832,-26.0755  ,33.8529,-25.601   ,33.8544,-25.1787   ,33.8847,-24.7901  ,33.9718,-24.4378  ,34.1251,-24.1706   ,34.3627,-23.8504  ,34.5973,-23.5437  ,34.84  ,-23.2438  ,35.1081,-23.0115  ,34.5836,24.5979   ,-1.16713   ,495,109212,49.3779,11.9725,118.569,0
2650,35.5797,-23.0428  ,35.2913,-23.3084   ,35.0444,-23.5912 ,34.8193,-23.9079  ,34.6327,-24.2186  ,34.4562,-24.5249  ,34.3047,-24.8493   ,34.2061,-25.2498  ,34.1563,-25.6237  ,34.1309,-25.988     ,34.1104,-26.3347  ,34.0805,-26.6826  ,35.5797,-23.0428  ,35.5525,-23.4812   ,35.3669,-23.809   ,35.1624,-24.1316  ,34.9829,-24.4262  ,34.825 ,-24.7112   ,34.6858,-25.0118   ,34.5911,-25.3986  ,34.5327,-25.7719   ,34.461 ,-26.1116  ,34.3638,-26.3993  ,34.0805,-26.6826  ,33.8644,-26.1594  ,33.8077,-25.7443  ,33.7929,-25.3521   ,33.8429,-24.9778  ,33.9609,-24.5865  ,34.1369,-24.2514   ,34.3342,-23.9226  ,34.5324,-23.5955  ,34.7985,-23.2789  ,35.1164,-23.0472  ,34.5736,24.6329   ,-1.17825   ,497,110793,50.0858,10.5284,120.569,0
2651,35.5691,-23.0436  ,35.2609,-23.3308   ,35.0285,-23.5971 ,34.8009,-23.9013  ,34.6125,-24.2083  ,34.437 ,-24.5548  ,34.3098,-24.8721   ,34.2124,-25.2412  ,34.1558,-25.5963  ,34.1248,-25.9657    ,34.1096,-26.3813  ,34.1078,-26.7075  ,35.5691,-23.0436  ,35.5382,-23.4994   ,35.3571,-23.8081  ,35.1434,-24.1227  ,34.9683,-24.4134  ,34.8062,-24.7442   ,34.6828,-25.0341   ,34.5891,-25.3684  ,34.529 ,-25.6907   ,34.4746,-26.0252  ,34.3918,-26.3959  ,34.1078,-26.7075  ,33.8304,-26.2542  ,33.782 ,-25.7831  ,33.7983,-25.3808   ,33.8593,-25.0012  ,33.9698,-24.6141  ,34.1081,-24.2793   ,34.3069,-23.9152  ,34.5174,-23.5929  ,34.7733,-23.2975  ,35.0647,-23.0768  ,34.5574,24.6667   ,-1.18707   ,507,111970,50.31  ,10.2863,119.74 ,0
2652,35.5614,-22.9732  ,35.2724,-23.2906   ,35.0375,-23.5795 ,34.7941,-23.8998  ,34.5991,-24.2265  ,34.4485,-24.5734  ,34.317 ,-24.941    ,34.2278,-25.2849  ,34.1622,-25.6613  ,34.1196,-26.0457    ,34.094 ,-26.4799  ,34.0948,-26.8062  ,35.5614,-22.9732  ,35.5593,-23.4492   ,35.3517,-23.7922  ,35.1129,-24.1379  ,34.9338,-24.4513  ,34.81  ,-24.7763   ,34.693 ,-25.1088   ,34.6063,-25.42    ,34.5328,-25.7558   ,34.4667,-26.1049  ,34.3735,-26.4826  ,34.0948,-26.8062  ,33.8201,-26.3584  ,33.7831,-25.859   ,33.8106,-25.439    ,33.8761,-25.0302  ,33.9752,-24.6647  ,34.1277,-24.2689   ,34.3136,-23.906   ,34.5389,-23.5706  ,34.8001,-23.2716  ,35.0642,-23.0396  ,34.5522,24.7058   ,-1.19687   ,510,113643,52.0115,10.4283,123.154,0
2653,35.5347,-22.9602  ,35.2856,-23.2629   ,35.015 ,-23.6049 ,34.8049,-23.8891  ,34.613 ,-24.2223  ,34.4399,-24.6119  ,34.3139,-24.9751   ,34.229 ,-25.3098  ,34.1672,-25.7184  ,34.1388,-26.1296    ,34.1288,-26.4977  ,34.1728,-26.8529  ,35.5347,-22.9602  ,35.5929,-23.385    ,35.3669,-23.7712  ,35.164 ,-24.0664  ,34.9819,-24.3818  ,34.8328,-24.7355   ,34.7208,-25.0575   ,34.6347,-25.3556  ,34.5564,-25.7481   ,34.4859,-26.1566  ,34.4115,-26.4811  ,34.1728,-26.8529  ,33.8465,-26.3942  ,33.7982,-25.9811  ,33.7898,-25.5733   ,33.8477,-25.1484  ,33.9399,-24.7862  ,34.0879,-24.3886   ,34.2918,-23.9665  ,34.5099,-23.6179  ,34.7405,-23.3408  ,35.0512,-23.0493  ,34.5443,24.7537   ,-1.20978   ,519,115611,52.4632,10.1388,123.983,0
2654,35.6261,-23.0337  ,35.301 ,-23.2987   ,35.0174,-23.6089 ,34.7801,-23.9225  ,34.5926,-24.2527  ,34.4225,-24.649   ,34.2995,-25.021    ,34.2195,-25.3699  ,34.164 ,-25.8004  ,34.1368,-26.1567    ,34.1146,-26.5848  ,34.1267,-26.9495  ,35.6261,-23.0337  ,35.5719,-23.4934   ,35.3213,-23.8395  ,35.1002,-24.1593  ,34.9408,-24.4692  ,34.8014,-24.8204   ,34.6926,-25.1433   ,34.6144,-25.4531  ,34.5491,-25.8676   ,34.4983,-26.2333  ,34.4169,-26.6225  ,34.1267,-26.9495  ,33.8168,-26.4256  ,33.7849,-25.9609  ,33.7897,-25.612    ,33.8468,-25.165   ,33.9383,-24.7893  ,34.0832,-24.375    ,34.2925,-23.9407  ,34.5212,-23.5939  ,34.7908,-23.2887  ,35.113 ,-23.024   ,34.5239,24.8281   ,-1.22852   ,537,118894,53.7764,10.3639,127.397,0
2655,35.4598,-23.033   ,35.2216,-23.3783   ,34.9507,-23.7258 ,34.7161,-24.0586  ,34.5247,-24.4178  ,34.3828,-24.7856  ,34.2649,-25.2027   ,34.1955,-25.5995  ,34.1579,-25.992   ,34.1116,-26.4312    ,34.0501,-26.7995  ,33.9645,-27.1799  ,35.4598,-23.033   ,35.5334,-23.4638   ,35.344 ,-23.8288  ,35.1412,-24.1425  ,34.9462,-24.4782  ,34.7968,-24.8323   ,34.679 ,-25.2384   ,34.6011,-25.6334  ,34.5336,-26.0501   ,34.449 ,-26.5206  ,34.3414,-26.8633  ,33.9645,-27.1799  ,33.7827,-26.6141  ,33.7893,-26.218   ,33.7928,-25.8061   ,33.8088,-25.4319  ,33.8804,-25.0403  ,34.0058,-24.6279   ,34.1494,-24.2577  ,34.3607,-23.867   ,34.6456,-23.5074  ,34.9943,-23.1817  ,34.4791,24.9817   ,-1.24477   ,549,121117,55.2577,10.151 ,129.64 ,0
2656,35.406 ,-23.203   ,35.1467,-23.5295   ,34.879 ,-23.8822 ,34.6848,-24.185   ,34.5032,-24.5675  ,34.3551,-24.9657  ,34.2486,-25.3597   ,34.1731,-25.7399  ,34.1052,-26.1552  ,34.0365,-26.5788    ,33.9581,-26.9666  ,33.845 ,-27.2915  ,35.406 ,-23.203   ,35.4079,-23.7152   ,35.1862,-24.1141  ,35.009 ,-24.418   ,34.8323,-24.8155  ,34.6976,-25.2479   ,34.6045,-25.6756   ,34.5313,-26.0562  ,34.4559,-26.4304   ,34.3657,-26.7755  ,34.2396,-27.071   ,33.845 ,-27.2915  ,33.7047,-26.7419  ,33.7311,-26.2436  ,33.7769,-25.7385   ,33.8385,-25.2911  ,33.9207,-24.9254  ,34.0468,-24.5786   ,34.214 ,-24.2245  ,34.4171,-23.8528  ,34.6456,-23.5482  ,34.9621,-23.248   ,34.4463,25.1035   ,-1.24992   ,542,120663,54.6343,12.6588,128.569,0
2657,35.3677,-23.2969  ,35.0978,-23.6186   ,34.8241,-23.959  ,34.6195,-24.298   ,34.4746,-24.6225  ,34.333 ,-25.0185  ,34.2326,-25.4139   ,34.1614,-25.7936  ,34.0978,-26.2013  ,34.0356,-26.6068    ,33.975 ,-26.9834  ,33.9359,-27.376   ,35.3677,-23.2969  ,35.3798,-23.7662   ,35.1846,-24.11    ,34.9933,-24.4465  ,34.8428,-24.7886  ,34.708 ,-25.2074   ,34.6155,-25.6215   ,34.5437,-25.9928  ,34.4704,-26.3606   ,34.3847,-26.7042  ,34.2725,-27.0049  ,33.9359,-27.376   ,33.6956,-26.8414  ,33.7078,-26.3775  ,33.7457,-25.9044   ,33.8017,-25.4632  ,33.8761,-25.0871  ,33.9903,-24.7246   ,34.145 ,-24.3633  ,34.2936,-24.0547  ,34.5359,-23.7096  ,34.8951,-23.3783  ,34.4043,25.1963   ,-1.26299   ,540,119402,54.2462,11.189 ,127.154,0
2658,35.2719,-23.4719  ,34.9503,-23.766    ,34.7259,-24.0844 ,34.5685,-24.4173  ,34.4112,-24.8004  ,34.2942,-25.1714  ,34.2106,-25.5231   ,34.1391,-25.9109  ,34.0736,-26.3233  ,34.0067,-26.7293    ,33.9459,-27.1165  ,33.9006,-27.4489  ,35.2719,-23.4719  ,35.2318,-23.9843   ,35.0442,-24.3123  ,34.8999,-24.6462  ,34.7551,-25.0469  ,34.6526,-25.4419   ,34.5787,-25.808    ,34.5072,-26.1783  ,34.4299,-26.5353   ,34.3335,-26.8574  ,34.2115,-27.1508  ,33.9006,-27.4489  ,33.6982,-26.9572  ,33.7025,-26.4686  ,33.7387,-25.973    ,33.7937,-25.5095  ,33.8683,-25.1158  ,33.9662,-24.7896   ,34.1048,-24.4548  ,34.2785,-24.0944  ,34.4618,-23.7612  ,34.7448,-23.4664  ,34.3684,25.2819   ,-1.28347   ,532,117511,52.8686,12.1658,124.083,0
2659,35.0905,-23.4872  ,34.8644,-23.8673   ,34.674 ,-24.1771 ,34.5149,-24.5222  ,34.3638,-24.9297  ,34.265 ,-25.2827  ,34.1818,-25.6711   ,34.1082,-26.0937  ,34.0461,-26.4668  ,33.9804,-26.8322    ,33.9065,-27.2383  ,33.8225,-27.5796  ,35.0905,-23.4872  ,35.1668,-23.992    ,35.0294,-24.3368  ,34.8686,-24.7058  ,34.7216,-25.1591  ,34.6295,-25.5535   ,34.5481,-25.9695   ,34.465 ,-26.3821  ,34.3814,-26.7122   ,34.2782,-27.0093  ,34.1379,-27.3245  ,33.8225,-27.5796  ,33.6967,-27.0428  ,33.704 ,-26.5341  ,33.7322,-26.0977   ,33.772 ,-25.6817  ,33.8375,-25.257   ,33.9267,-24.9069   ,34.0373,-24.6053  ,34.1968,-24.2515  ,34.3672,-23.9312  ,34.6204,-23.6514  ,34.326 ,25.3889   ,-1.30647   ,520,114388,53.0855,12.3417,124.669,0
2660,34.9653,-23.6065  ,34.7785,-23.9575   ,34.6194,-24.3026 ,34.4903,-24.6383  ,34.3512,-25.0269  ,34.242 ,-25.3925  ,34.1646,-25.7364   ,34.0985,-26.096   ,34.0253,-26.4963  ,33.9666,-26.8437    ,33.9033,-27.2638  ,33.8468,-27.5787  ,34.9653,-23.6065  ,35.0914,-24.0728   ,34.9851,-24.4572  ,34.8554,-24.812   ,34.7182,-25.2187  ,34.6195,-25.606    ,34.5426,-25.954    ,34.4707,-26.3137  ,34.3704,-26.7026   ,34.2654,-27.0007  ,34.1272,-27.3254  ,33.8468,-27.5787  ,33.6972,-27.087   ,33.6873,-26.5674  ,33.7   ,-26.1776   ,33.7476,-25.7591  ,33.8106,-25.4009  ,33.8936,-25.0702   ,34.0175,-24.7349  ,34.1611,-24.3697  ,34.2937,-24.05    ,34.5171,-23.7449  ,34.3023,25.4412   ,-1.31237   ,506,111814,50.9472,11.2524,122.083,0
2661,35.0042,-23.6576  ,34.7859,-23.972    ,34.6034,-24.3255 ,34.4918,-24.6552  ,34.3686,-25.0327  ,34.2478,-25.4177  ,34.1551,-25.7841   ,34.0878,-26.1313  ,34.0233,-26.4944  ,33.965 ,-26.8709    ,33.9109,-27.2324  ,33.8441,-27.587   ,35.0042,-23.6576  ,35.0835,-24.1183   ,34.9329,-24.4982  ,34.825 ,-24.859   ,34.7099,-25.274   ,34.5991,-25.6977   ,34.5137,-26.0931   ,34.4428,-26.4372  ,34.3567,-26.7518   ,34.2599,-27.0444  ,34.1457,-27.3124  ,33.8441,-27.587   ,33.6943,-27.0382  ,33.6883,-26.5714  ,33.7108,-26.1139   ,33.7546,-25.707   ,33.8203,-25.3646  ,33.9262,-25.0398   ,34.0582,-24.6965  ,34.1895,-24.3572  ,34.3099,-24.0596  ,34.5445,-23.7446  ,34.2913,25.4856   ,-1.31558   ,494,110563,50.7576,12.3336,119.841,0
2662,34.9891,-23.6723  ,34.7771,-23.9766   ,34.5923,-24.3217 ,34.4821,-24.6563  ,34.3854,-25.0061  ,34.2746,-25.4082  ,34.1779,-25.7676   ,34.1072,-26.1073  ,34.0459,-26.471   ,33.9914,-26.8457    ,33.9432,-27.2115  ,33.8925,-27.535   ,34.9891,-23.6723  ,35.0853,-24.1136   ,34.9384,-24.485   ,34.8308,-24.8434  ,34.7376,-25.2157  ,34.6298,-25.6375   ,34.5358,-26.0111   ,34.466 ,-26.3515  ,34.3932,-26.6826   ,34.3053,-26.9852  ,34.1905,-27.2643  ,33.8925,-27.535   ,33.7112,-27.041   ,33.6947,-26.581   ,33.7182,-26.1358   ,33.7707,-25.7459  ,33.8461,-25.4173  ,33.9479,-25.0791   ,34.0605,-24.6957  ,34.1621,-24.3709  ,34.2837,-24.067   ,34.5239,-23.7599  ,34.2943,25.507    ,-1.32301   ,497,111600,49.7814,11.3085,119.255,0
2663,35.0055,-23.6801  ,34.7644,-24.0034   ,34.5887,-24.3348 ,34.4618,-24.7003  ,34.3608,-25.0819  ,34.2667,-25.473   ,34.1849,-25.8075   ,34.093 ,-26.21    ,34.019 ,-26.5736  ,33.9459,-26.9398    ,33.8655,-27.342   ,33.8142,-27.6753  ,35.0055,-23.6801  ,35.0719,-24.1545   ,34.9331,-24.4948  ,34.8231,-24.8758  ,34.7327,-25.282   ,34.64  ,-25.683    ,34.5502,-26.0082   ,34.4481,-26.3914  ,34.364 ,-26.7253   ,34.27  ,-27.0434  ,34.1304,-27.372   ,33.8142,-27.6753  ,33.6205,-27.2015  ,33.6465,-26.7164  ,33.6985,-26.2991   ,33.7632,-25.9105  ,33.8469,-25.4952  ,33.9197,-25.1506   ,34.0167,-24.7717  ,34.1324,-24.4179  ,34.2869,-24.0742  ,34.5165,-23.7664  ,34.2844,25.5377   ,-1.31819   ,507,112393,51.6638,10.9848,121.255,0
2664,34.973 ,-23.6483  ,34.769 ,-23.9816   ,34.5764,-24.3588 ,34.4494,-24.716   ,34.3477,-25.0926  ,34.2713,-25.4333  ,34.1856,-25.8388   ,34.1053,-26.1802  ,34.0121,-26.5892  ,33.9458,-26.9587    ,33.893 ,-27.3235  ,33.8512,-27.6805  ,34.973 ,-23.6483  ,35.0886,-24.0985   ,34.936 ,-24.4845  ,34.8189,-24.8522  ,34.7237,-25.2502  ,34.6521,-25.6097   ,34.5667,-26.0264   ,34.481 ,-26.3598  ,34.3709,-26.7271   ,34.2816,-27.0463  ,34.1798,-27.3521  ,33.8512,-27.6805  ,33.6217,-27.1768  ,33.6304,-26.7474  ,33.6781,-26.3307   ,33.7572,-25.8873  ,33.8295,-25.536   ,33.915 ,-25.1414   ,33.9992,-24.8251  ,34.1123,-24.4755  ,34.2588,-24.1339  ,34.5037,-23.7772  ,34.2725,25.5843   ,-1.32224   ,519,114378,51.7757,10.8584,122.426,0
2665,34.9221,-23.6597  ,34.7326,-24.033    ,34.5835,-24.3756 ,34.4566,-24.7357  ,34.3464,-25.1245  ,34.2644,-25.4782  ,34.1718,-25.8964   ,34.0875,-26.2551  ,34.0096,-26.6367  ,33.9425,-27.0334    ,33.8936,-27.4289  ,33.8664,-27.7686  ,34.9221,-23.6597  ,35.0754,-24.1493   ,34.9317,-24.4914  ,34.8132,-24.8776  ,34.7205,-25.3032  ,34.6451,-25.6747   ,34.554 ,-26.1006   ,34.4717,-26.4569  ,34.3838,-26.7999   ,34.2888,-27.1259  ,34.1811,-27.4416  ,33.8664,-27.7686  ,33.6195,-27.2881  ,33.6165,-26.8075  ,33.6599,-26.3433   ,33.7315,-25.9315  ,33.817 ,-25.5734  ,33.9098,-25.1622   ,34.0018,-24.8309  ,34.1346,-24.4885  ,34.2737,-24.1588  ,34.438 ,-23.8244  ,34.259 ,25.6596   ,-1.32904   ,530,117134,52.3651,11.132 ,123.841,0
2666,35.0371,-23.869   ,34.7102,-24.1535   ,34.5404,-24.5109 ,34.42  ,-24.9079  ,34.3303,-25.2747  ,34.2415,-25.6433  ,34.1372,-26.0639   ,34.0493,-26.4718  ,33.9845,-26.8299  ,33.9222,-27.2067    ,33.8626,-27.6162  ,33.8158,-27.9986  ,35.0371,-23.869   ,34.9921,-24.3458   ,34.8589,-24.7168  ,34.7551,-25.1269  ,34.6808,-25.502   ,34.6026,-25.8686   ,34.5099,-26.2929   ,34.4169,-26.7161  ,34.3365,-27.0757   ,34.2436,-27.41    ,34.1269,-27.7138  ,33.8158,-27.9986  ,33.6164,-27.3821  ,33.6223,-26.8719  ,33.6532,-26.4643   ,33.7039,-26.1099  ,33.7937,-25.7169  ,33.9106,-25.2962   ,34.0085,-24.9231  ,34.1168,-24.5708  ,34.2608,-24.1973  ,34.496 ,-23.873   ,34.2359,25.8102   ,-1.33867   ,536,119849,53.984 ,11.4777,128.083,0
2667,34.8314,-23.8715  ,34.6507,-24.2977   ,34.503 ,-24.6814 ,34.3933,-25.034   ,34.3016,-25.4141  ,34.1991,-25.8685  ,34.1066,-26.2504   ,34.0182,-26.6189  ,33.9524,-27.0621  ,33.9105,-27.4319    ,33.8749,-27.8879  ,33.863 ,-28.2298  ,34.8314,-23.8715  ,34.9896,-24.3861   ,34.8624,-24.7979  ,34.7603,-25.1648  ,34.6771,-25.5584  ,34.584 ,-26.0243   ,34.4943,-26.4055   ,34.4023,-26.782   ,34.2995,-27.2265   ,34.2238,-27.5359  ,34.1221,-27.8941  ,33.863 ,-28.2298  ,33.6365,-27.7351  ,33.6128,-27.1749  ,33.6228,-26.7611   ,33.6602,-26.3343  ,33.7506,-25.9706  ,33.843 ,-25.582    ,33.9559,-25.1415  ,34.0595,-24.7806  ,34.1845,-24.4534  ,34.3552,-24.1033  ,34.211 ,25.9627   ,-1.34971   ,539,120774,55.0948,10.6289,128.669,0
2668,34.7423,-24.0284  ,34.5899,-24.4      ,34.4708,-24.8092 ,34.3767,-25.173   ,34.2691,-25.5961  ,34.1831,-25.9701  ,34.0993,-26.3474   ,34.0031,-26.7571  ,33.9491,-27.1263  ,33.8973,-27.5596    ,33.8618,-27.927   ,33.8236,-28.2988  ,34.7423,-24.0284  ,34.9091,-24.4854   ,34.8203,-24.9355  ,34.7399,-25.3356  ,34.6478,-25.7892  ,34.5655,-26.1651   ,34.4825,-26.5395   ,34.383 ,-26.9711  ,34.2946,-27.3326   ,34.2052,-27.6889  ,34.1212,-27.9748  ,33.8236,-28.2988  ,33.6154,-27.7365  ,33.6055,-27.2811  ,33.6215,-26.7871   ,33.6467,-26.4293  ,33.7441,-26.0312  ,33.8286,-25.6488   ,33.9201,-25.2807  ,34.0447,-24.8898  ,34.1528,-24.5615  ,34.3086,-24.2076  ,34.1864,26.0858   ,-1.36488   ,526,118160,53.7677,11.2107,125.841,0
2669,34.5152,-24.166   ,34.4817,-24.5736   ,34.4214,-24.9673 ,34.342 ,-25.3495  ,34.2517,-25.7096  ,34.1609,-26.0632  ,34.0754,-26.4322   ,33.9986,-26.8365  ,33.947 ,-27.2203  ,33.9058,-27.6134    ,33.873 ,-27.9872  ,33.8391,-28.343   ,34.5152,-24.166   ,34.7866,-24.5749   ,34.7853,-25.0487  ,34.7199,-25.4933  ,34.6315,-25.8951  ,34.5407,-26.2761   ,34.455 ,-26.6597   ,34.3704,-27.0443  ,34.2994,-27.3751   ,34.2218,-27.6949  ,34.1263,-27.9991  ,33.8391,-28.343   ,33.629 ,-27.8559  ,33.6025,-27.4022  ,33.6102,-26.9346   ,33.6468,-26.507   ,33.7197,-26.0962  ,33.8067,-25.7484   ,33.8982,-25.4232  ,33.9886,-25.0994  ,34.0772,-24.7734  ,34.1908,-24.4643  ,34.1612,26.1881   ,-1.37592   ,510,114670,52.0144,11.3623,119.355,0
2670,34.5688,-24.342   ,34.4659,-24.7589   ,34.3857,-25.1357 ,34.3059,-25.5131  ,34.2195,-25.8697  ,34.1333,-26.2232  ,34.0529,-26.599    ,33.9805,-27.0106  ,33.9268,-27.3872  ,33.8823,-27.7697    ,33.8478,-28.1377  ,33.809 ,-28.4992  ,34.5688,-24.342   ,34.7976,-24.8194   ,34.7602,-25.2583  ,34.6875,-25.6936  ,34.6026,-26.0941  ,34.5165,-26.4742   ,34.4351,-26.8569   ,34.3494,-27.2302  ,34.2672,-27.5324   ,34.1802,-27.8284  ,34.0841,-28.1273  ,33.809 ,-28.4992  ,33.6218,-28.0302  ,33.5981,-27.5843  ,33.6028,-27.1147   ,33.6312,-26.6691  ,33.693 ,-26.2297  ,33.7741,-25.8694   ,33.8616,-25.5451  ,33.948 ,-25.2273  ,34.0333,-24.9033  ,34.1586,-24.5966  ,34.1438,26.2974   ,-1.38226   ,511,113234,51.9132,11.9171,119.355,0
2671,34.5408,-24.4471  ,34.4545,-24.8581   ,34.3863,-25.1747 ,34.3108,-25.5471  ,34.2218,-25.9469  ,34.1401,-26.2828  ,34.0637,-26.636    ,33.9956,-27.0185  ,33.9435,-27.3647  ,33.8902,-27.7793    ,33.8467,-28.125   ,33.7851,-28.463   ,34.5408,-24.4471  ,34.7781,-24.89     ,34.7601,-25.2507  ,34.6989,-25.6789  ,34.6105,-26.1368  ,34.5288,-26.5081   ,34.4506,-26.8718   ,34.371 ,-27.2264  ,34.2943,-27.514    ,34.1938,-27.8464  ,34.0859,-28.1395  ,33.7851,-28.463   ,33.6223,-27.9997  ,33.6012,-27.5936  ,33.609 ,-27.0982   ,33.6387,-26.698   ,33.6978,-26.296   ,33.7743,-25.9605   ,33.8564,-25.6605  ,33.9442,-25.311   ,34.0346,-24.991   ,34.1542,-24.7264  ,34.1435,26.3518   ,-1.38438   ,500,110669,50.1681,11.6233,117.355,0
2672,34.6046,-24.4553  ,34.4542,-24.8051   ,34.3536,-25.1724 ,34.2835,-25.5802  ,34.2257,-25.9237  ,34.1504,-26.3012  ,34.0672,-26.6686   ,33.9884,-27.062   ,33.9312,-27.4288  ,33.8864,-27.8072    ,33.8555,-28.172   ,33.8274,-28.5203  ,34.6046,-24.4553  ,34.7752,-24.9146   ,34.7128,-25.313   ,34.6473,-25.7591  ,34.5899,-26.136   ,34.5172,-26.5436   ,34.4395,-26.9287   ,34.3545,-27.2964  ,34.2728,-27.594    ,34.1877,-27.8868  ,34.0961,-28.1797  ,33.8274,-28.5203  ,33.6232,-28.0476  ,33.5984,-27.602   ,33.6068,-27.1381   ,33.6435,-26.7105  ,33.7188,-26.3019  ,33.8064,-25.9536   ,33.8814,-25.5995  ,33.9386,-25.2841  ,34.0182,-24.9194  ,34.1681,-24.6032  ,34.1348,26.386    ,-1.39417   ,493,110320,50.9608,11.7142,117.355,0
2673,34.6312,-24.47    ,34.4239,-24.8432   ,34.3289,-25.1967 ,34.262 ,-25.583   ,34.1997,-25.9731  ,34.1468,-26.2943  ,34.0776,-26.667    ,33.9923,-27.0966  ,33.936 ,-27.4137  ,33.874 ,-27.7891    ,33.8197,-28.1983  ,33.7907,-28.5399  ,34.6312,-24.47    ,34.7569,-24.9534   ,34.693 ,-25.3244  ,34.6347,-25.7377  ,34.5788,-26.1532  ,34.5299,-26.4827   ,34.4584,-26.8404   ,34.3672,-27.2339  ,34.3043,-27.5172   ,34.2228,-27.8461  ,34.103 ,-28.1997  ,33.7907,-28.5399  ,33.5483,-28.0851  ,33.545 ,-27.6098  ,33.5896,-27.1828   ,33.6414,-26.8348  ,33.7211,-26.3714  ,33.7857,-25.9789   ,33.841 ,-25.6629  ,33.9105,-25.2987  ,33.9904,-24.9437  ,34.1327,-24.6295  ,34.12  ,26.4257   ,-1.39719   ,503,111324,51.2965,11.0215,119.598,0
2674,34.6323,-24.4703  ,34.4293,-24.8476   ,34.3299,-25.1912 ,34.2586,-25.5682  ,34.1962,-25.9605  ,34.1354,-26.3566  ,34.0707,-26.7439   ,34.004 ,-27.1294  ,33.9475,-27.4489  ,33.8686,-27.8787    ,33.8156,-28.2234  ,33.7648,-28.5869  ,34.6323,-24.4703  ,34.7542,-24.9566   ,34.6845,-25.3199  ,34.6232,-25.7305  ,34.5724,-26.1664  ,34.5198,-26.5881   ,34.4507,-26.9587   ,34.3715,-27.2991  ,34.305 ,-27.5797   ,34.203 ,-27.955   ,34.1043,-28.2599  ,33.7648,-28.5869  ,33.5413,-28.0762  ,33.5556,-27.6829  ,33.6129,-27.1914   ,33.6588,-26.8309  ,33.713 ,-26.4011  ,33.7715,-25.9939   ,33.84  ,-25.6224  ,33.9161,-25.2778  ,34.0026,-24.9413  ,34.1464,-24.6361  ,34.1213,26.4504   ,-1.40277   ,507,112557,51.879 ,11.7188,121.598,0
2675,34.606 ,-24.5411  ,34.4185,-24.8891   ,34.3076,-25.2811 ,34.238 ,-25.646   ,34.1771,-26.0258  ,34.1188,-26.4124  ,34.0586,-26.7957   ,33.9949,-27.1735  ,33.9316,-27.5472  ,33.8782,-27.9121    ,33.8504,-28.2574  ,33.8702,-28.625   ,34.606 ,-24.5411  ,34.753 ,-24.9766   ,34.6784,-25.3846  ,34.6137,-25.7695  ,34.5599,-26.1736  ,34.5071,-26.5686   ,34.4492,-26.9384   ,34.3831,-27.2825  ,34.3096,-27.6074   ,34.2323,-27.9224  ,34.1483,-28.2279  ,33.8702,-28.625   ,33.557 ,-28.1764  ,33.5393,-27.7821  ,33.5739,-27.3632   ,33.6284,-26.9393  ,33.6885,-26.526   ,33.75  ,-26.1273   ,33.8141,-25.7501  ,33.8839,-25.3986  ,33.9631,-25.0595  ,34.1246,-24.7015  ,34.1126,26.4931   ,-1.40789   ,513,114323,51.3371,10.748 ,121.941,0
2676,34.5906,-24.558   ,34.4084,-24.9059   ,34.3032,-25.3109 ,34.2334,-25.6821  ,34.1688,-26.0601  ,34.1065,-26.4428  ,34.0338,-26.8876   ,33.9736,-27.267   ,33.9258,-27.6551  ,33.8961,-28.0571    ,33.8779,-28.4435  ,33.8777,-28.7813  ,34.5906,-24.558   ,34.7411,-24.995    ,34.6727,-25.4214  ,34.6093,-25.8175  ,34.5518,-26.2192  ,34.4956,-26.6113   ,34.4266,-27.0469   ,34.3626,-27.4028  ,34.2986,-27.7556   ,34.2341,-28.1078  ,34.1533,-28.4368  ,33.8777,-28.7813  ,33.6071,-28.3287  ,33.5659,-27.8716  ,33.5663,-27.4233   ,33.6035,-27.0042  ,33.6619,-26.6018  ,33.7382,-26.1465   ,33.8072,-25.7745  ,33.8798,-25.422   ,33.959 ,-25.0787  ,34.1145,-24.7141  ,34.1084,26.5602   ,-1.42259   ,526,117279,52.9311,10.8987,125.598,0
2677,34.5193,-24.5955  ,34.3823,-24.9739   ,34.2941,-25.3759 ,34.2173,-25.7997  ,34.1546,-26.1683  ,34.0941,-26.5392  ,34.0234,-26.9683   ,33.97  ,-27.3449  ,33.9337,-27.7413  ,33.915 ,-28.1518    ,33.9085,-28.5434  ,33.9303,-28.8942  ,34.5193,-24.5955  ,34.7063,-25.015    ,34.6697,-25.4579  ,34.605 ,-25.9185  ,34.5461,-26.3022  ,34.4877,-26.6728   ,34.4206,-27.0925   ,34.3658,-27.4531  ,34.3164,-27.824    ,34.2636,-28.1878  ,34.1927,-28.5227  ,33.9303,-28.8942  ,33.6249,-28.4412  ,33.5706,-27.9789  ,33.5606,-27.5239   ,33.5898,-27.1084  ,33.6459,-26.7212  ,33.7207,-26.2823   ,33.7837,-25.9109  ,33.851 ,-25.5591  ,33.9415,-25.1744  ,34.088 ,-24.828   ,34.0959,26.696    ,-1.43254   ,536,120298,53.5135,10.5563,125.113,0
2678,34.4212,-24.8039  ,34.3396,-25.1957   ,34.2533,-25.5773 ,34.1879,-25.9687  ,34.1292,-26.3607  ,34.0655,-26.7526  ,34.0141,-27.1453   ,33.9712,-27.5385  ,33.9411,-27.9318  ,33.9039,-28.3241    ,33.846 ,-28.7115  ,33.7551,-29.0743  ,34.4212,-24.8039  ,34.6594,-25.1877   ,34.6251,-25.5806  ,34.5836,-25.9735  ,34.5321,-26.3659  ,34.4755,-26.758    ,34.4276,-27.1506   ,34.3724,-27.5427  ,34.3195,-27.935    ,34.2449,-28.3255  ,34.1294,-28.7108  ,33.7551,-29.0743  ,33.5937,-28.5605  ,33.5806,-28.166   ,33.5742,-27.7713   ,33.5835,-27.3767  ,33.6192,-26.9828  ,33.6797,-26.5904   ,33.7462,-26.1985  ,33.8188,-25.8072  ,33.9132,-25.4181  ,34.0514,-25.0563  ,34.0757,26.8872   ,-1.4359    ,546,122371,53.0879,10.126 ,128.77 ,0
2679,34.3734,-24.8994  ,34.2996,-25.3061   ,34.2351,-25.7326 ,34.1748,-26.1183  ,34.1126,-26.5084  ,34.0507,-26.8944  ,33.9909,-27.2715   ,33.9316,-27.6931  ,33.8936,-28.0567  ,33.8547,-28.4445    ,33.8232,-28.8349  ,33.8056,-29.2181  ,34.3734,-24.8994  ,34.6313,-25.3295   ,34.6181,-25.8038  ,34.5706,-26.2247  ,34.5119,-26.6359  ,34.4527,-27.0337   ,34.395 ,-27.4219   ,34.3262,-27.8612  ,34.2624,-28.2209   ,34.1895,-28.5583  ,34.0994,-28.8712  ,33.8056,-29.2181  ,33.5558,-28.6722  ,33.5323,-28.1989  ,33.5374,-27.7679   ,33.5514,-27.4064  ,33.606 ,-26.9971  ,33.6691,-26.6275   ,33.7341,-26.2511  ,33.7997,-25.8824  ,33.8716,-25.5353  ,33.9855,-25.1702  ,34.0441,27.0222   ,-1.4282    ,545,118935,53.4649,11.019 ,125.113,0
2680,34.3702,-25.1215  ,34.2795,-25.5192   ,34.2214,-25.8634 ,34.1534,-26.2865  ,34.0938,-26.6532  ,34.0345,-27.0171  ,33.9783,-27.3698   ,33.9254,-27.7675  ,33.8876,-28.1169  ,33.8524,-28.4894    ,33.8284,-28.8601  ,33.8232,-29.2142  ,34.3702,-25.1215  ,34.598 ,-25.5349   ,34.5939,-25.9084  ,34.5466,-26.3758  ,34.4957,-26.7759  ,34.4413,-27.1622   ,34.3854,-27.5301   ,34.3181,-27.9413  ,34.2531,-28.2709   ,34.1795,-28.5792  ,34.0948,-28.8762  ,33.8232,-29.2142  ,33.5681,-28.725   ,33.5356,-28.2732  ,33.5351,-27.8432   ,33.5455,-27.4804  ,33.5891,-27.0938  ,33.6474,-26.7521   ,33.7117,-26.408   ,33.7799,-26.0755  ,33.8677,-25.6995  ,33.9815,-25.3975  ,34.0274,27.1423   ,-1.42743   ,513,114448,50.7215,11.1367,119.941,0
2681,34.3148,-25.2163  ,34.2509,-25.5951   ,34.194 ,-25.9693 ,34.1362,-26.369   ,34.0833,-26.7134  ,34.0219,-27.1166  ,33.9691,-27.4649   ,33.9196,-27.8241  ,33.8748,-28.1949  ,33.837 ,-28.566     ,33.8055,-28.9764  ,33.7857,-29.3097  ,34.3148,-25.2163  ,34.5463,-25.6429   ,34.5464,-26.0903  ,34.5088,-26.5574  ,34.4652,-26.9541  ,34.4089,-27.3974   ,34.3571,-27.7557   ,34.2997,-28.0898  ,34.2321,-28.3958   ,34.1538,-28.6787  ,34.0486,-28.994   ,33.7857,-29.3097  ,33.5696,-28.848   ,33.5314,-28.3306  ,33.5316,-27.8695   ,33.5555,-27.4367  ,33.5985,-27.057   ,33.6525,-26.7203   ,33.7195,-26.3582  ,33.7805,-26.0657  ,33.8577,-25.7365  ,33.9719,-25.45    ,34.009 ,27.2412   ,-1.43071   ,501,111745,50.6547,12.6492,117.113,0
2682,34.3788,-25.3305  ,34.2543,-25.6901   ,34.1644,-26.1047 ,34.1129,-26.4438  ,34.0556,-26.8423  ,33.9982,-27.2404  ,33.9489,-27.5855   ,33.8929,-27.9996  ,33.847 ,-28.3621  ,33.806 ,-28.7226    ,33.7673,-29.1213  ,33.741 ,-29.4587  ,34.3788,-25.3305  ,34.5486,-25.7823   ,34.5219,-26.2802  ,34.485 ,-26.6815  ,34.4342,-27.1434  ,34.3808,-27.5822   ,34.3288,-27.9287   ,34.2568,-28.294   ,34.1819,-28.5758   ,34.0971,-28.8398  ,33.9848,-29.1392  ,33.741 ,-29.4587  ,33.5593,-28.995   ,33.5277,-28.4865  ,33.5268,-28.0274   ,33.5447,-27.5852  ,33.5851,-27.1261  ,33.6323,-26.7849   ,33.6932,-26.4275  ,33.7573,-26.0921  ,33.8257,-25.8189  ,33.9878,-25.5065  ,33.9923,27.3205   ,-1.43387   ,499,110358,51.3501,13.4193,117.698,0
2683,34.5057,-25.5068  ,34.2492,-25.8258   ,34.1394,-26.1533 ,34.0735,-26.5382  ,34.031 ,-26.8954  ,33.9905,-27.2597  ,33.9488,-27.6215   ,33.9057,-27.9805  ,33.8529,-28.3951  ,33.8072,-28.7417    ,33.7612,-29.1212  ,33.7351,-29.4516  ,34.5057,-25.5068  ,34.563 ,-26.0394   ,34.4898,-26.4183  ,34.4341,-26.8558  ,34.3981,-27.2569  ,34.362 ,-27.6497   ,34.3199,-28.0134   ,34.2659,-28.3379  ,34.1803,-28.6638   ,34.0853,-28.9075  ,33.9567,-29.1717  ,33.7351,-29.4516  ,33.5768,-28.9676  ,33.544 ,-28.4623  ,33.5407,-28.0087   ,33.5603,-27.5038  ,33.5917,-27.1094  ,33.6327,-26.7485   ,33.6772,-26.4129  ,33.7289,-26.1054  ,33.8135,-25.7865  ,33.978 ,-25.5327  ,33.9933,27.3123   ,-1.43935   ,496,109778,50.0607,14.2363,117.941,0
2684,34.4425,-25.4442  ,34.2597,-25.7744   ,34.143 ,-26.1411 ,34.0749,-26.5091  ,34.0227,-26.9129  ,33.9826,-27.2767  ,33.9447,-27.6475   ,33.9052,-28.0134  ,33.8617,-28.3671  ,33.8088,-28.7628    ,33.7686,-29.0838  ,33.7279,-29.4502  ,34.4425,-25.4442  ,34.5856,-25.9183   ,34.5069,-26.3379  ,34.4458,-26.7597  ,34.3994,-27.2153  ,34.3617,-27.6032   ,34.3205,-27.9695   ,34.2693,-28.3018  ,34.2018,-28.5919   ,34.099 ,-28.8865  ,33.9955,-29.1244  ,33.7279,-29.4502  ,33.5538,-28.9396  ,33.5335,-28.5284  ,33.5367,-28.0262   ,33.5548,-27.6047  ,33.5815,-27.2019  ,33.6166,-26.8275   ,33.6599,-26.4917  ,33.7211,-26.1487  ,33.8024,-25.8453  ,33.9713,-25.5509  ,33.9944,27.3158   ,-1.43703   ,498,110923,50.2776,13.1913,117.698,0
2685,34.5311,-25.4658  ,34.2851,-25.7777   ,34.1575,-26.126  ,34.0783,-26.5262  ,34.0288,-26.9045  ,33.9936,-27.2388  ,33.9537,-27.6508   ,33.9179,-27.9893  ,33.8662,-28.3725  ,33.7917,-28.7784    ,33.7121,-29.145   ,33.6307,-29.4731  ,34.5311,-25.4658  ,34.5763,-25.9517   ,34.4986,-26.351   ,34.4365,-26.8062  ,34.3964,-27.2245  ,34.3642,-27.5704   ,34.3222,-27.9651   ,34.2808,-28.2693  ,34.2181,-28.597    ,34.1188,-28.9255  ,33.9878,-29.2156  ,33.6307,-29.4731  ,33.4587,-28.9747  ,33.4872,-28.5205  ,33.5333,-28.0246   ,33.5702,-27.5759  ,33.5984,-27.199   ,33.6367,-26.7716   ,33.6761,-26.4542  ,33.7394,-26.1267  ,33.8448,-25.7935  ,34.0423,-25.5187  ,33.9907,27.3663   ,-1.43435   ,506,112442,51.0649,13.25  ,119.698,0
2686,34.4609,-25.4454  ,34.259 ,-25.7893   ,34.1481,-26.1524 ,34.0729,-26.5614  ,34.0239,-26.9412  ,33.9788,-27.3325  ,33.9344,-27.7265   ,33.8949,-28.053   ,33.8446,-28.4387  ,33.7803,-28.864     ,33.7227,-29.194   ,33.6543,-29.5705  ,34.4609,-25.4454  ,34.5748,-25.9186   ,34.5031,-26.3294  ,34.4399,-26.7949  ,34.3973,-27.2175  ,34.3554,-27.6313   ,34.3097,-28.0196   ,34.2659,-28.3212  ,34.2046,-28.6569   ,34.111 ,-29.0038  ,34.0049,-29.2624  ,33.6543,-29.5705  ,33.4589,-29.0206  ,33.4689,-28.6076  ,33.5019,-28.0937   ,33.54  ,-27.6545  ,33.5743,-27.3024  ,33.6171,-26.9026   ,33.6657,-26.5356  ,33.7245,-26.2061  ,33.8188,-25.8648  ,33.9842,-25.569   ,33.98  ,27.4088   ,-1.43471   ,516,114118,51.9351,12.7222,122.527,0
2687,34.2532,-25.4169  ,34.1894,-25.8484   ,34.1356,-26.1927 ,34.0684,-26.629   ,34.0248,-26.9642  ,33.9778,-27.3827  ,33.9411,-27.7296   ,33.8973,-28.1298  ,33.8532,-28.5036  ,33.7974,-28.906     ,33.7336,-29.2958  ,33.6866,-29.646   ,34.2532,-25.4169  ,34.5223,-25.8625   ,34.507 ,-26.2368  ,34.4559,-26.7168  ,34.4195,-27.0802  ,34.3753,-27.5142   ,34.3372,-27.8594   ,34.2888,-28.2477  ,34.2334,-28.6056   ,34.1495,-28.9861  ,34.0246,-29.3291  ,33.6866,-29.646   ,33.4606,-29.1544  ,33.4625,-28.7129  ,33.4878,-28.2814   ,33.5202,-27.8815  ,33.5597,-27.4626  ,33.5955,-27.111    ,33.6468,-26.7113  ,33.6994,-26.4119  ,33.7832,-26.0299  ,33.8727,-25.7267  ,33.9718,27.4794   ,-1.43941   ,525,116693,52.3437,10.7667,123.941,0
2688,34.2864,-25.506   ,34.2034,-25.8876   ,34.1186,-26.2666 ,34.0539,-26.6553  ,34.0132,-27.0459  ,33.9775,-27.4369  ,33.9358,-27.8276   ,33.8789,-28.2174  ,33.8319,-28.6077  ,33.7886,-28.9977    ,33.7242,-29.3826  ,33.6541,-29.7291  ,34.2864,-25.506   ,34.5171,-25.8744   ,34.4822,-26.2624  ,34.44  ,-26.6509  ,34.4084,-27.0401  ,34.3825,-27.4294   ,34.3385,-27.8178   ,34.2834,-28.2055  ,34.2296,-28.5933   ,34.1659,-28.9803  ,34.0469,-29.3616  ,33.6541,-29.7291  ,33.4301,-29.2536  ,33.4302,-28.8596  ,33.4529,-28.466    ,33.4942,-28.0731  ,33.5526,-27.6814  ,33.5852,-27.288    ,33.6242,-26.895   ,33.6903,-26.5038  ,33.7875,-26.1157  ,33.9176,-25.7546  ,33.9566,27.6103   ,-1.44069   ,542,119862,52.4345,9.92973,125.698,0
2689,34.3087,-25.6068  ,34.1923,-26.047    ,34.1051,-26.423  ,34.0533,-26.8091  ,34.0103,-27.1959  ,33.9702,-27.5829  ,33.9222,-27.9694   ,33.8688,-28.3556  ,33.8211,-28.742   ,33.7791,-29.1283    ,33.7348,-29.5123  ,33.6934,-29.8649  ,34.3087,-25.6068  ,34.5157,-26.0638   ,34.4736,-26.4447  ,34.4398,-26.8262  ,34.4062,-27.2077  ,34.3752,-27.5894   ,34.3267,-27.9701   ,34.2746,-28.3505  ,34.2141,-28.7304   ,34.1452,-29.1096  ,34.043 ,-29.485   ,33.6934,-29.8649  ,33.4446,-29.3865  ,33.4302,-28.9928  ,33.4502,-28.5993   ,33.4814,-28.206   ,33.5416,-27.8144  ,33.5837,-27.4217   ,33.6274,-27.0291  ,33.6847,-26.6373  ,33.7703,-26.2482  ,33.8944,-25.8833  ,33.9553,27.7161   ,-1.44405   ,550,122986,52.8539,9.92354,127.941,0
2690,34.1952,-25.7387  ,34.1527,-26.1336   ,34.089 ,-26.5199 ,34.0363,-26.9116  ,33.9978,-27.3043  ,33.9622,-27.6972  ,33.9163,-28.0896   ,33.868 ,-28.4818  ,33.8174,-28.8736  ,33.7747,-29.2652    ,33.7397,-29.6538  ,33.7057,-30.0087  ,34.1952,-25.7387  ,34.4651,-26.0944   ,34.4667,-26.4837  ,34.4358,-26.8764  ,34.406 ,-27.2691  ,34.3759,-27.6618   ,34.3387,-28.0541   ,34.2853,-28.4455  ,34.2209,-28.8361   ,34.1374,-29.2249  ,34.047 ,-29.6126  ,33.7057,-30.0087  ,33.4504,-29.5429  ,33.4302,-29.149   ,33.4383,-28.7548   ,33.4689,-28.3611  ,33.5178,-27.9684  ,33.5609,-27.5754   ,33.6075,-27.1826  ,33.655 ,-26.7899  ,33.7365,-26.3999  ,33.8591,-26.0285  ,33.9408,27.8557   ,-1.45557   ,551,122419,52.7368,10.1226,126.284,0
2691,34.0089,-25.9083  ,34.0278,-26.3363   ,34.0221,-26.721  ,34.0087,-27.0638  ,33.9828,-27.479   ,33.9466,-27.8778  ,33.9016,-28.2472   ,33.854 ,-28.5883  ,33.8054,-28.9756  ,33.765 ,-29.3782    ,33.7305,-29.7703  ,33.6938,-30.1097  ,34.0089,-25.9083  ,34.3068,-26.2957   ,34.3677,-26.7238  ,34.3857,-27.1102  ,34.3809,-27.572   ,34.3538,-28.0041   ,34.3095,-28.394    ,34.2529,-28.7408  ,34.1803,-29.1077   ,34.1042,-29.458   ,34.0072,-29.7928  ,33.6938,-30.1097  ,33.4634,-29.6417  ,33.4365,-29.1823  ,33.4432,-28.7312   ,33.4706,-28.325   ,33.5096,-27.9816  ,33.5529,-27.6223   ,33.5947,-27.2488  ,33.6384,-26.8788  ,33.6801,-26.5844  ,33.7483,-26.2591  ,33.9254,27.9499   ,-1.46336   ,521,117529,51.752 ,11.0376,121.456,0
2692,33.9753,-26.0728  ,34.0027,-26.4797   ,34.0042,-26.8509 ,33.9925,-27.2489  ,33.9736,-27.581   ,33.9412,-27.9631  ,33.8951,-28.3736   ,33.8569,-28.6969  ,33.8137,-29.0731  ,33.7716,-29.4651    ,33.7362,-29.8471  ,33.7069,-30.1877  ,33.9753,-26.0728  ,34.2821,-26.4244   ,34.3531,-26.8199  ,34.3795,-27.2543  ,34.3788,-27.6173  ,34.3574,-28.0327   ,34.3117,-28.4768   ,34.2597,-28.8182  ,34.1883,-29.1762   ,34.1052,-29.5108  ,34.0006,-29.8419  ,33.7069,-30.1877  ,33.4808,-29.7483  ,33.4494,-29.3066  ,33.4516,-28.8603   ,33.4661,-28.4696  ,33.4921,-28.1584  ,33.537 ,-27.7697   ,33.5773,-27.4133  ,33.6112,-27.1096  ,33.6566,-26.7526  ,33.7202,-26.422   ,33.9209,28.0639   ,-1.47022   ,513,114304,50.6622,10.7836,118.284,0
2693,34.1179,-26.1212  ,34.0566,-26.5076   ,34.0301,-26.8941 ,34.0058,-27.3226  ,33.9815,-27.684   ,33.9427,-28.0891  ,33.8953,-28.4424   ,33.8476,-28.8122  ,33.8006,-29.2043  ,33.7624,-29.6145    ,33.7554,-29.9986  ,33.7949,-30.3438  ,34.1179,-26.1212  ,34.3603,-26.4999   ,34.3995,-26.9166  ,34.405 ,-27.3795  ,34.3923,-27.7661  ,34.3596,-28.1975   ,34.3121,-28.5766   ,34.2434,-28.9641  ,34.1643,-29.3123   ,34.0781,-29.6385  ,33.9984,-29.9619  ,33.7949,-30.3438  ,33.5091,-29.9328  ,33.4549,-29.4743  ,33.4502,-28.98     ,33.4642,-28.5543  ,33.4948,-28.1976  ,33.5404,-27.8524   ,33.5812,-27.4589  ,33.6153,-27.1204  ,33.6683,-26.7343  ,33.7647,-26.4022  ,33.9198,28.1741   ,-1.47451   ,510,111637,52.0735,11.0487,119.355,0
2694,34.1386,-26.3227  ,34.0722,-26.7192   ,34.0302,-27.043  ,33.9979,-27.4022  ,33.9699,-27.7782  ,33.9398,-28.1517  ,33.9053,-28.5108   ,33.8681,-28.8536  ,33.8326,-29.1817  ,33.8017,-29.5458    ,33.7925,-29.9248  ,33.8123,-30.2511  ,34.1386,-26.3227  ,34.3718,-26.7085   ,34.3936,-27.0365  ,34.3972,-27.4044  ,34.3883,-27.7942  ,34.366 ,-28.1799   ,34.3298,-28.5421   ,34.2809,-28.874   ,34.2222,-29.1783   ,34.1459,-29.5089  ,34.0523,-29.8689  ,33.8123,-30.2511  ,33.5312,-29.892   ,33.4642,-29.4817  ,33.4541,-29.0776   ,33.4677,-28.721   ,33.4927,-28.3622  ,33.5244,-28.0008   ,33.5608,-27.6363  ,33.6085,-27.2768  ,33.6794,-26.9358  ,33.7884,-26.6316  ,33.9276,28.2172   ,-1.48385   ,492,109273,48.4253,10.5521,115.941,0
2695,34.1177,-26.3159  ,34.0358,-26.6989   ,34.0103,-27.0809 ,34.0013,-27.3938  ,33.9857,-27.8072  ,33.9646,-28.1606  ,33.9332,-28.5019   ,33.8863,-28.8879  ,33.8383,-29.2503  ,33.8025,-29.5934    ,33.7892,-29.9632  ,33.795 ,-30.2838  ,34.1177,-26.3159  ,34.3688,-26.768    ,34.3842,-27.1945  ,34.3855,-27.5194  ,34.3831,-27.9238  ,34.3699,-28.2617   ,34.3425,-28.586    ,34.2932,-28.9505  ,34.2287,-29.2834   ,34.1552,-29.589   ,34.0697,-29.9287  ,33.795 ,-30.2838  ,33.5089,-29.8982  ,33.4588,-29.4861  ,33.463 ,-29.099    ,33.4961,-28.7003  ,33.5378,-28.284   ,33.5694,-27.9192   ,33.5947,-27.5494  ,33.6209,-27.1374  ,33.6403,-26.8505  ,33.7164,-26.5309  ,33.9314,28.2608   ,-1.49435   ,490,108640,48.9216,10.704 ,115.941,0
2696,34.1376,-26.3022  ,34.0469,-26.6658   ,34.0015,-27.0951 ,33.9854,-27.4429  ,33.9732,-27.8018  ,33.9552,-28.2168  ,33.9297,-28.5566   ,33.8896,-28.9518  ,33.8448,-29.3034  ,33.8013,-29.6739    ,33.7817,-30.0412  ,33.7716,-30.3915  ,34.1376,-26.3022  ,34.3712,-26.6924   ,34.3797,-27.1484  ,34.374 ,-27.5034  ,34.3697,-27.8462  ,34.3625,-28.2108   ,34.3437,-28.5126   ,34.305 ,-28.8965  ,34.2469,-29.263    ,34.1568,-29.6452  ,34.053 ,-30.004   ,33.7716,-30.3915  ,33.5133,-29.9747  ,33.4557,-29.5978  ,33.4567,-29.233    ,33.4889,-28.8804  ,33.5272,-28.4647  ,33.5557,-28.0867   ,33.5813,-27.6151  ,33.6024,-27.2395  ,33.6319,-26.9102  ,33.742 ,-26.5316  ,33.9228,28.2932   ,-1.50084   ,487,109960,50.4502,10.0752,120.184,0
2697,34.1204,-26.279   ,34.0526,-26.6552   ,34.0096,-27.0589 ,33.9791,-27.4551  ,33.9559,-27.8056  ,33.9325,-28.1659  ,33.9086,-28.5273   ,33.8803,-28.948   ,33.8569,-29.2777  ,33.8284,-29.6398    ,33.7952,-30.0095  ,33.7484,-30.3763  ,34.1204,-26.279   ,34.3489,-26.6635   ,34.3763,-27.1016  ,34.3742,-27.5338  ,34.3629,-27.9122  ,34.3447,-28.292    ,34.3206,-28.6604   ,34.2849,-29.0704  ,34.2491,-29.377    ,34.1959,-29.7037  ,34.1076,-30.0373  ,33.7484,-30.3763  ,33.4922,-29.8836  ,33.4705,-29.4608  ,33.4741,-29.0503   ,33.4851,-28.6885  ,33.5062,-28.2503  ,33.5297,-27.895    ,33.558 ,-27.5568  ,33.5936,-27.2398  ,33.6541,-26.8918  ,33.7702,-26.5468  ,33.9193,28.3371   ,-1.51593   ,493,111427,50.4904,11.1838,116.042,0
2698,34.0045,-26.3363  ,34.0058,-26.7627   ,33.9921,-27.1169 ,33.973 ,-27.5156  ,33.9535,-27.8673  ,33.9309,-28.2273  ,33.9065,-28.5859   ,33.8763,-28.9989  ,33.8463,-29.3818  ,33.8191,-29.7296    ,33.7949,-30.0898  ,33.7711,-30.4525  ,34.0045,-26.3363  ,34.3412,-26.6865   ,34.3789,-27.0585  ,34.3827,-27.4862  ,34.3717,-27.8618  ,34.3518,-28.2397   ,34.3251,-28.6074   ,34.2867,-29.0177  ,34.2429,-29.3875   ,34.1925,-29.721   ,34.1131,-30.071   ,33.7711,-30.4525  ,33.4826,-30.0124  ,33.454 ,-29.6271  ,33.4595,-29.2534   ,33.4761,-28.8461  ,33.4979,-28.4222  ,33.5194,-28.0704   ,33.5435,-27.7302  ,33.5704,-27.4079  ,33.6108,-27.0498  ,33.6732,-26.733   ,33.9117,28.3907   ,-1.51056   ,503,113519,50.5787,10.4175,117.213,0
2699,33.9992,-26.3403  ,33.997 ,-26.7884   ,33.9847,-27.1529 ,33.9653,-27.5586  ,33.9396,-27.9843  ,33.9155,-28.3442  ,33.8854,-28.7688   ,33.8584,-29.1758  ,33.84  ,-29.5604  ,33.8356,-29.9728    ,33.8531,-30.3308  ,33.9085,-30.7081  ,33.9992,-26.3403  ,34.334 ,-26.6947   ,34.3715,-27.0636  ,34.3747,-27.4898  ,34.3603,-27.9417  ,34.3391,-28.3203   ,34.3054,-28.7574   ,34.2669,-29.1608  ,34.227 ,-29.5284   ,34.1839,-29.9229  ,34.1435,-30.2782  ,33.9085,-30.7081  ,33.5549,-30.2898  ,33.486 ,-29.9105  ,33.4576,-29.4678   ,33.458 ,-29.0579  ,33.4754,-28.6408  ,33.5018,-28.2244   ,33.5281,-27.8834  ,33.5632,-27.4885  ,33.6033,-27.1137  ,33.6619,-26.7724  ,33.9064,28.4884   ,-1.52025   ,529,117376,53.6929,10.3359,122.87 ,0
2700,34.0074,-26.4436  ,33.9924,-26.9033   ,33.9702,-27.2906 ,33.944 ,-27.6809  ,33.9306,-27.9936  ,33.9145,-28.3846  ,33.8862,-28.7752   ,33.8532,-29.1658  ,33.8514,-29.5564  ,33.8811,-29.9462    ,33.917 ,-30.3335  ,33.947 ,-30.7015  ,34.0074,-26.4436  ,34.3174,-26.8429   ,34.3267,-27.2296  ,34.3271,-27.6175  ,34.3271,-27.9278  ,34.3271,-28.3157   ,34.3103,-28.7033   ,34.2775,-29.0905  ,34.2455,-29.4778   ,34.246 ,-29.8657  ,34.2155,-30.253   ,33.947 ,-30.7015  ,33.6053,-30.2593  ,33.5025,-29.8714  ,33.4505,-29.4787   ,33.4421,-29.0848  ,33.4753,-28.6909  ,33.5082,-28.297    ,33.5406,-27.9031  ,33.5674,-27.588   ,33.62  ,-27.1953  ,33.68  ,-26.8162  ,33.9181,28.5717   ,-1.53923   ,544,120634,52.3399,10.2461,124.284,0
2701,34.0135,-26.4914  ,33.9869,-26.9413   ,33.9667,-27.3248 ,33.9484,-27.7115  ,33.9332,-28.0983  ,33.9164,-28.4851  ,33.8813,-28.8714   ,33.8578,-29.3355  ,33.8683,-29.7221  ,33.9011,-30.1078    ,33.9473,-30.4908  ,34.0013,-30.8369  ,34.0135,-26.4914  ,34.3117,-26.8822   ,34.3271,-27.2618  ,34.3271,-27.6424  ,34.3271,-28.023   ,34.3274,-28.4036   ,34.3023,-28.7837   ,34.2665,-29.2397  ,34.2456,-29.62     ,34.2456,-30.0006  ,34.2427,-30.3811  ,34.0013,-30.8369  ,33.6347,-30.4491  ,33.5432,-30.0608  ,33.4796,-29.6697   ,33.4546,-29.2765  ,33.4725,-28.8044  ,33.5156,-28.412    ,33.5453,-28.0189  ,33.5757,-27.6258  ,33.618 ,-27.2333  ,33.6735,-26.8537  ,33.9233,28.6632   ,-1.54792   ,555,124152,53.4666,10.1804,127.456,0
2702,33.9628,-26.5349  ,33.9775,-26.9374   ,33.9617,-27.4069 ,33.9434,-27.8005  ,33.928 ,-28.1943  ,33.9069,-28.5877  ,33.879 ,-28.9813   ,33.8657,-29.375   ,33.8729,-29.7682  ,33.906 ,-30.1609    ,33.9524,-30.5512  ,34.0013,-30.8991  ,33.9628,-26.5349  ,34.2815,-26.835    ,34.3271,-27.2944  ,34.3271,-27.687   ,34.3271,-28.0797  ,34.3271,-28.4723   ,34.3087,-28.8646   ,34.2779,-29.2566  ,34.2474,-29.6486   ,34.2456,-30.0412  ,34.2447,-30.4339  ,34.0013,-30.8991  ,33.6425,-30.5138  ,33.5549,-30.1233  ,33.4882,-29.7307   ,33.4545,-29.336   ,33.4618,-28.9406  ,33.4926,-28.5456   ,33.535 ,-28.1514  ,33.5659,-27.7565  ,33.6017,-27.3618  ,33.6728,-26.8939  ,33.9231,28.7047   ,-1.55055   ,557,125380,53.6641,10.4291,128.042,0
2703,34.0135,-26.6545  ,33.9809,-27.1006   ,33.9637,-27.4834 ,33.9456,-27.8694  ,33.9303,-28.2555  ,33.9091,-28.6413  ,33.8822,-29.0272   ,33.8707,-29.4905  ,33.8803,-29.876   ,33.9101,-30.2613    ,33.9673,-30.6426  ,34.0397,-30.9807  ,34.0135,-26.6545  ,34.3114,-27.0432   ,34.3271,-27.4215  ,34.3271,-27.8008  ,34.3271,-28.18    ,34.3271,-28.5593   ,34.3093,-28.9383   ,34.2736,-29.3927  ,34.2453,-29.7715   ,34.2456,-30.1508  ,34.2459,-30.5302  ,34.0397,-30.9807  ,33.6594,-30.6051  ,33.5629,-30.2177  ,33.503 ,-29.8263   ,33.4674,-29.4339  ,33.4664,-28.9618  ,33.497 ,-28.5688   ,33.5392,-28.1765  ,33.5702,-27.7835  ,33.6059,-27.3908  ,33.6621,-27.0118  ,33.9257,28.7956   ,-1.5533    ,552,125567,53.2801,10.3414,126.627,0
2704,33.9568,-26.7547  ,33.9624,-27.2212   ,33.9488,-27.6087 ,33.9331,-27.9988  ,33.915 ,-28.3887  ,33.898 ,-28.7788  ,33.874 ,-29.1687   ,33.8685,-29.5586  ,33.8862,-29.9479  ,33.9212,-30.3367    ,33.9793,-30.7223  ,34.0457,-31.0815  ,33.9568,-26.7547  ,34.2863,-27.1339   ,34.3245,-27.5186  ,34.3271,-27.9047  ,34.3271,-28.2909  ,34.3276,-28.6771   ,34.2996,-29.0628   ,34.2693,-29.4483  ,34.2456,-29.8341   ,34.2456,-30.2203  ,34.2459,-30.6064  ,34.0457,-31.0815  ,33.6846,-30.6856  ,33.5812,-30.2978  ,33.5152,-29.906    ,33.4675,-29.513   ,33.4546,-29.1187  ,33.4788,-28.7245   ,33.5123,-28.3307  ,33.5453,-27.9368  ,33.577 ,-27.5429  ,33.6381,-27.1571  ,33.9218,28.8825   ,-1.56357   ,551,125239,53.254 ,10.4258,126.042,0
2705,33.9307,-26.8078  ,33.9228,-27.2237   ,33.9239,-27.6404 ,33.9172,-28.0387  ,33.9056,-28.4425  ,33.893 ,-28.8865  ,33.8901,-29.2705   ,33.8987,-29.6621  ,33.9182,-30.1082  ,33.9395,-30.4807    ,33.9712,-30.9146  ,34.0176,-31.2856  ,33.9307,-26.8078  ,34.2289,-27.0592   ,34.298 ,-27.4136  ,34.3252,-27.7851  ,34.3349,-28.1912  ,34.3328,-28.6776   ,34.3232,-29.1102   ,34.3096,-29.5422  ,34.2901,-30.0271   ,34.2668,-30.4331  ,34.2176,-30.903   ,34.0176,-31.2856  ,33.7172,-30.8362  ,33.6058,-30.4248  ,33.5408,-30.0794   ,33.4842,-29.6695  ,33.4564,-29.3199  ,33.4555,-28.9863   ,33.48  ,-28.5797  ,33.5119,-28.1768  ,33.5504,-27.7568  ,33.6157,-27.295   ,33.9242,28.9687   ,-1.56926   ,531,119851,55.0343,11.5169,124.87 ,0
2706,33.9415,-27.0155  ,33.9311,-27.4022   ,33.9315,-27.8354 ,33.926 ,-28.1975  ,33.9166,-28.5712  ,33.9065,-28.943   ,33.8993,-29.3546   ,33.9075,-29.7365  ,33.9294,-30.0974  ,33.9598,-30.4853    ,33.994 ,-30.8847  ,34.0469,-31.2275  ,33.9415,-27.0155  ,34.2206,-27.3107   ,34.2941,-27.7119  ,34.3197,-28.0615  ,34.3312,-28.4311  ,34.3337,-28.8069   ,34.33  ,-29.2368   ,34.3238,-29.641   ,34.3177,-30.0171   ,34.3025,-30.4182  ,34.2563,-30.8314  ,34.0469,-31.2275  ,33.7239,-30.854   ,33.6095,-30.4585  ,33.5337,-30.0771   ,33.4868,-29.7257  ,33.4691,-29.3589  ,33.4825,-28.9567   ,33.5053,-28.5862  ,33.5348,-28.2105  ,33.5696,-27.8427  ,33.6408,-27.3988  ,33.9423,29.0911   ,1.56571    ,513,114331,51.7924,10.6639,118.87 ,0
2707,33.8415,-27.1851  ,33.8433,-27.5697   ,33.8579,-27.9488 ,33.8676,-28.3119  ,33.8745,-28.6876  ,33.8807,-29.0632  ,33.8896,-29.4279   ,33.9044,-29.7792  ,33.9266,-30.1624  ,33.9499,-30.5212    ,33.9745,-30.8875  ,34.0173,-31.2458  ,33.8415,-27.1851  ,34.0653,-27.4696   ,34.1582,-27.805   ,34.216 ,-28.145   ,34.2571,-28.5118  ,34.2853,-28.8932   ,34.3023,-29.2802   ,34.3088,-29.6647  ,34.3028,-30.0901   ,34.2805,-30.485   ,34.2299,-30.8733  ,34.0173,-31.2458  ,33.7136,-30.8254  ,33.6135,-30.4705  ,33.5446,-30.1414   ,33.4952,-29.795   ,33.4737,-29.4731  ,33.4742,-29.1267   ,33.49  ,-28.7554  ,33.5168,-28.3728  ,33.5542,-27.9927  ,33.6178,-27.5838  ,33.9464,29.1484   ,1.56113    ,500,111436,49.9165,10.4341,115.456,0
2708,34.0299,-27.1651  ,33.9596,-27.5366   ,33.935 ,-27.9384 ,33.9259,-28.2864  ,33.9229,-28.6629  ,33.925 ,-29.0556  ,33.9306,-29.4506   ,33.9397,-29.8335  ,33.9519,-30.192   ,33.9701,-30.5677    ,33.9958,-30.9343  ,34.0356,-31.2647  ,34.0299,-27.1651  ,34.2552,-27.4955   ,34.2972,-27.8513  ,34.3144,-28.1641  ,34.3262,-28.5095  ,34.3337,-28.8791   ,34.3363,-29.2617   ,34.3334,-29.6475  ,34.3238,-30.0268   ,34.3009,-30.4455  ,34.2516,-30.8671  ,34.0356,-31.2647  ,33.733 ,-30.9176  ,33.6335,-30.5886  ,33.5756,-30.242    ,33.5425,-29.8946  ,33.5226,-29.5087  ,33.515 ,-29.1003   ,33.5199,-28.6878  ,33.5395,-28.2882  ,33.5774,-27.9163  ,33.6723,-27.4902  ,33.939 ,29.1866   ,1.54928    ,491,110113,50.4583,10.4301,114.042,0
2709,33.8926,-27.2415  ,33.9149,-27.6113   ,33.9145,-27.9895 ,33.9127,-28.36    ,33.9141,-28.753   ,33.919 ,-29.153   ,33.925 ,-29.4807   ,33.9336,-29.8543  ,33.9482,-30.2557  ,33.9635,-30.5731    ,33.9813,-30.9566  ,33.9937,-31.3126  ,33.8926,-27.2415  ,34.2105,-27.4334   ,34.2877,-27.7452  ,34.3144,-28.0678  ,34.3269,-28.4261  ,34.3333,-28.8111   ,34.335 ,-29.1472   ,34.3318,-29.559   ,34.3183,-30.0352   ,34.2948,-30.4242  ,34.237 ,-30.8856  ,33.9937,-31.3126  ,33.7218,-30.9382  ,33.6271,-30.6193  ,33.5732,-30.3659   ,33.5322,-30.0289  ,33.5124,-29.6849  ,33.5026,-29.3619   ,33.5003,-28.947   ,33.5114,-28.5246  ,33.5421,-28.1173  ,33.6178,-27.6952  ,33.9291,29.2195   ,1.54141    ,492,109964,49.9641,12.2244,114.87 ,0
2710,33.8884,-27.2655  ,33.9043,-27.6771   ,33.9086,-28.0693 ,33.9136,-28.4458  ,33.9195,-28.7752  ,33.9285,-29.179   ,33.937 ,-29.5147   ,33.948 ,-29.9072  ,33.959 ,-30.2805  ,33.9695,-30.6257    ,33.9823,-31.0254  ,33.9904,-31.3716  ,33.8884,-27.2655  ,34.1754,-27.5514   ,34.259 ,-27.9113  ,34.2996,-28.2658  ,34.3212,-28.582   ,34.3366,-28.9789   ,34.3421,-29.3189   ,34.3399,-29.7292  ,34.3272,-30.1319   ,34.3017,-30.5142  ,34.2403,-30.9654  ,33.9904,-31.3716  ,33.7214,-30.9948  ,33.6338,-30.6269  ,33.5873,-30.308    ,33.5524,-29.9565  ,33.5285,-29.5771  ,33.5171,-29.2441   ,33.5152,-28.8352  ,33.5256,-28.4967  ,33.557 ,-28.1078  ,33.6319,-27.7033  ,33.9325,29.2428   ,1.53807    ,495,111703,50.3845,10.5636,115.213,0
2711,33.8654,-27.3288  ,33.8784,-27.7387   ,33.8872,-28.1064 ,33.8959,-28.4574  ,33.9051,-28.8278  ,33.9144,-29.2073  ,33.9232,-29.5862   ,33.9313,-29.9553  ,33.9383,-30.3076  ,33.9442,-30.6888    ,33.9448,-31.0683  ,33.9393,-31.4058  ,33.8654,-27.3288  ,34.1146,-27.6187   ,34.1999,-27.961   ,34.249 ,-28.2949  ,34.282 ,-28.6531  ,34.3015,-29.028    ,34.3088,-29.4119   ,34.3044,-29.7973  ,34.2879,-30.176    ,34.2516,-30.5961  ,34.1787,-31.0194  ,33.9393,-31.4058  ,33.7116,-31.0307  ,33.6356,-30.6773  ,33.5866,-30.3246   ,33.5556,-29.9922  ,33.5347,-29.6351  ,33.5242,-29.2597   ,33.5252,-28.8772  ,33.5397,-28.4996  ,33.5718,-28.1402  ,33.6399,-27.7642  ,33.9372,29.2936   ,1.53512    ,502,113776,50.0151,9.94714,116.385,0
2712,33.9274,-27.2389  ,33.9052,-27.6657   ,33.9042,-28.0309 ,33.9074,-28.4457  ,33.914 ,-28.8132  ,33.9266,-29.2653  ,33.9407,-29.6389   ,33.9588,-29.9968  ,33.9868,-30.3885  ,34.0268,-30.7809    ,34.0673,-31.1571  ,34.0971,-31.5398  ,33.9274,-27.2389  ,34.2156,-27.6196   ,34.2659,-27.9614  ,34.2961,-28.3429  ,34.3157,-28.6794  ,34.336 ,-29.0989   ,34.3506,-29.4543   ,34.3631,-29.8074  ,34.3757,-30.2165   ,34.385 ,-30.654   ,34.3683,-31.0854  ,34.0971,-31.5398  ,33.7582,-31.1418  ,33.6569,-30.8037  ,33.5876,-30.4369   ,33.5466,-30.0466  ,33.5246,-29.6757  ,33.5124,-29.2806   ,33.5092,-28.7979  ,33.517 ,-28.4055  ,33.5424,-27.9706  ,33.5959,-27.6034  ,33.9422,29.3699   ,1.52766    ,523,116444,52.8596,10.4872,120.627,0
2713,33.8581,-27.3771  ,33.8726,-27.7869   ,33.8841,-28.2015 ,33.8969,-28.5954  ,33.912 ,-29.004   ,33.926 ,-29.3443  ,33.9439,-29.7382   ,33.9685,-30.1608  ,34.0021,-30.5394  ,34.0437,-30.9381    ,34.0744,-31.3087  ,34.1004,-31.6825  ,33.8581,-27.3771  ,34.1185,-27.6566   ,34.2149,-28.0246  ,34.2712,-28.3816  ,34.3133,-28.7597  ,34.3403,-29.0845   ,34.3648,-29.4792   ,34.3839,-29.9367  ,34.3939,-30.3779   ,34.3898,-30.8474  ,34.3535,-31.2608  ,34.1004,-31.6825  ,33.7893,-31.2685  ,33.6881,-30.9319  ,33.5998,-30.5971   ,33.5452,-30.2699  ,33.5169,-29.8693  ,33.5059,-29.4689   ,33.5054,-29.1114  ,33.5179,-28.675   ,33.5496,-28.2525  ,33.6238,-27.8117  ,33.9496,29.4683   ,1.52222    ,530,119835,52.9146,11.4471,122.042,0
2714,33.9319,-27.4699  ,33.903 ,-27.9288   ,33.8964,-28.3176 ,33.9055,-28.71    ,33.9172,-29.1025  ,33.9195,-29.4953  ,33.929 ,-29.8879   ,33.9654,-30.2797  ,34.0164,-30.6705  ,34.0584,-31.0612    ,34.0648,-31.4493  ,34.0379,-31.809   ,33.9319,-27.4699  ,34.2327,-27.8793   ,34.2624,-28.2709  ,34.293 ,-28.663   ,34.3213,-29.055   ,34.3271,-29.4475   ,34.333 ,-29.84     ,34.3569,-30.2322  ,34.3876,-30.6242   ,34.4072,-31.0163  ,34.3622,-31.4071  ,34.0379,-31.809   ,33.7734,-31.3392  ,33.6984,-30.95    ,33.6209,-30.5609   ,33.5557,-30.1708  ,33.5243,-29.7786  ,33.5118,-29.3859   ,33.5118,-28.993   ,33.5118,-28.6     ,33.5305,-28.2074  ,33.5865,-27.8289  ,33.9572,29.6113   ,1.52236    ,551,123950,53.349 ,10.0285,129.113,0
2715,33.8813,-27.595   ,33.8946,-27.9906   ,33.8988,-28.4547 ,33.9119,-28.8448  ,33.9193,-29.2351  ,33.9324,-29.6253  ,33.9546,-30.0154   ,33.9883,-30.4049  ,34.0201,-30.7941  ,34.0421,-31.1829    ,34.037 ,-31.5701  ,34.0133,-31.9151  ,33.8813,-27.595   ,34.2003,-27.896    ,34.2751,-28.355   ,34.3061,-28.7478  ,34.3271,-29.1408  ,34.3469,-29.5338   ,34.3778,-29.9266   ,34.4081,-30.3195  ,34.4087,-30.7129   ,34.3935,-31.106   ,34.3414,-31.4977  ,34.0133,-31.9151  ,33.7401,-31.4897  ,33.6872,-31.104   ,33.6153,-30.7199   ,33.5559,-30.3347  ,33.5196,-29.9481  ,33.5118,-29.5608   ,33.5118,-29.1733  ,33.5118,-28.7858  ,33.5221,-28.3985  ,33.588 ,-27.9405  ,33.9578,29.7304   ,1.52766    ,562,123517,53.0628,10.5285,127.456,0
2716,33.8762,-27.6465  ,33.9124,-28.0815   ,33.9127,-28.4712 ,33.9179,-28.9041  ,33.9267,-29.2888  ,33.9387,-29.6661  ,33.9553,-30.0701   ,33.9738,-30.4821  ,33.9891,-30.8919  ,33.9921,-31.2498    ,33.9791,-31.6767  ,33.9271,-32.0366  ,33.8762,-27.6465  ,34.2009,-28.0207   ,34.2697,-28.4266  ,34.3116,-28.8746  ,34.3384,-29.2697  ,34.36  ,-29.6507   ,34.3796,-30.0368   ,34.3892,-30.4     ,34.3841,-30.7872   ,34.3559,-31.1563  ,34.2722,-31.613   ,33.9271,-32.0366  ,33.6906,-31.6522  ,33.6289,-31.2427  ,33.5912,-30.8931   ,33.5541,-30.4633  ,33.5264,-29.9942  ,33.5129,-29.5587   ,33.5116,-29.1795  ,33.5221,-28.8066  ,33.5553,-28.3978  ,33.6238,-28.0423  ,33.9396,29.81     ,1.53722    ,538,120153,54.0239,10.4765,124.284,0
2717,33.884 ,-27.8474  ,33.906 ,-28.2371   ,33.9143,-28.6412 ,33.9235,-29.035   ,33.9346,-29.4514  ,33.9455,-29.8014  ,33.9605,-30.2108   ,33.9749,-30.5975  ,33.9839,-30.9576  ,33.9826,-31.3444    ,33.9602,-31.7357  ,33.8962,-32.0797  ,33.884 ,-27.8474  ,34.2168,-28.2198   ,34.288 ,-28.6236  ,34.3249,-29.0156  ,34.3503,-29.4331  ,34.3658,-29.787    ,34.3797,-30.2037   ,34.3853,-30.6019  ,34.3759,-30.9755   ,34.3385,-31.3688  ,34.2472,-31.7507  ,33.8962,-32.0797  ,33.6814,-31.6307  ,33.6289,-31.2137  ,33.59  ,-30.8236   ,33.5602,-30.4679  ,33.5363,-30.0842  ,33.5206,-29.6765   ,33.515 ,-29.3294  ,33.5187,-28.919   ,33.5381,-28.5349  ,33.5926,-28.1528  ,33.942 ,29.9078   ,1.53893    ,520,115597,52.033 ,10.4548,118.627,0
2718,34.0684,-28.1116  ,33.9536,-28.5077   ,33.9392,-28.8724 ,33.9384,-29.2169  ,33.9432,-29.5796  ,33.9513,-29.9472  ,33.9618,-30.3812   ,33.9688,-30.7245  ,33.9715,-31.1065  ,33.9657,-31.4566    ,33.9453,-31.8221  ,33.906 ,-32.1698  ,34.0684,-28.1116  ,34.285 ,-28.7297   ,34.3269,-29.0992  ,34.351 ,-29.4294  ,34.3687,-29.7693  ,34.3814,-30.1109   ,34.3861,-30.5177   ,34.3789,-30.8453  ,34.3529,-31.2099   ,34.3061,-31.5353  ,34.2161,-31.8595  ,33.906 ,-32.1698  ,33.6818,-31.6874  ,33.6288,-31.2656  ,33.5902,-30.8803   ,33.5565,-30.47    ,33.5342,-30.1027  ,33.5178,-29.6365   ,33.515 ,-29.2433  ,33.525 ,-28.8626  ,33.5538,-28.5153  ,33.632 ,-28.179   ,33.9444,30.0189   ,1.53795    ,510,113262,50.09  ,12.2979,116.042,0
2719,33.9258,-28.1222  ,33.9259,-28.5062   ,33.9285,-28.8701 ,33.9355,-29.2682  ,33.9442,-29.6196  ,33.9565,-30.0307  ,33.9675,-30.3832   ,33.9781,-30.7894  ,33.9821,-31.1232  ,33.9769,-31.4855    ,33.9549,-31.8944  ,33.92  ,-32.2291  ,33.9258,-28.1222  ,34.1909,-28.5252   ,34.2721,-28.8883  ,34.3236,-29.2708  ,34.3539,-29.6017  ,34.3774,-29.9878   ,34.3875,-30.328    ,34.3852,-30.74    ,34.3667,-31.0866   ,34.3197,-31.4571  ,34.2106,-31.8636  ,33.92  ,-32.2291  ,33.7053,-31.842   ,33.637 ,-31.4146  ,33.5971,-31.0513   ,33.5686,-30.7242  ,33.5439,-30.321   ,33.5319,-29.9562   ,33.5313,-29.5199  ,33.545 ,-29.1497  ,33.5835,-28.7423  ,33.6608,-28.3931  ,33.9405,30.1171   ,1.53409    ,500,111327,50.4181,10.3765,117.941,0
2720,33.9713,-28.1739  ,33.8843,-28.5612   ,33.871 ,-28.9319 ,33.886 ,-29.2977  ,33.9098,-29.6894  ,33.9315,-30.0239  ,33.9554,-30.424    ,33.9695,-30.7474  ,33.9753,-31.1141  ,33.964 ,-31.5116    ,33.9307,-31.8748  ,33.8732,-32.2026  ,33.9713,-28.1739  ,34.2249,-28.6604   ,34.2712,-29.0644  ,34.304 ,-29.436   ,34.3366,-29.8137  ,34.3607,-30.1309   ,34.3802,-30.5132   ,34.3829,-30.8288  ,34.3639,-31.1875   ,34.3062,-31.5624  ,34.1978,-31.89    ,33.8732,-32.2026  ,33.6755,-31.7617  ,33.6277,-31.3511  ,33.5866,-30.922    ,33.5516,-30.539   ,33.5234,-30.2025  ,33.4937,-29.7827   ,33.4746,-29.4322  ,33.4612,-29.033   ,33.4696,-28.6847  ,33.5552,-28.3701  ,33.9304,30.1366   ,1.53121    ,490,109341,49.6654,11.5611,115.698,0
2721,33.8811,-28.1236  ,33.9107,-28.5131   ,33.9174,-28.8825 ,33.9266,-29.2904  ,33.9377,-29.6512  ,33.9507,-30.0137  ,33.966 ,-30.4316   ,33.9763,-30.781   ,33.9803,-31.1698  ,33.9712,-31.5283    ,33.9318,-31.9345  ,33.8554,-32.2645  ,33.8811,-28.1236  ,34.151 ,-28.4587   ,34.2357,-28.8346  ,34.2914,-29.2487  ,34.3285,-29.6118  ,34.3579,-29.9759   ,34.3812,-30.4015   ,34.3882,-30.7638  ,34.3746,-31.169    ,34.3293,-31.5343  ,34.205 ,-31.9316  ,33.8554,-32.2645  ,33.6705,-31.8545  ,33.6178,-31.424   ,33.5863,-31.0627   ,33.5616,-30.6833  ,33.5467,-30.3434  ,33.5391,-29.9309   ,33.543 ,-29.5699  ,33.5586,-29.2131  ,33.5971,-28.8185  ,33.6683,-28.4731  ,33.9359,30.1643   ,1.53382    ,496,110081,50.9781,10.2591,115.456,0
2722,33.9232,-28.1515  ,33.8873,-28.5622   ,33.8827,-28.9114 ,33.8955,-29.3457  ,33.9195,-29.7249  ,33.9422,-30.0506  ,33.9662,-30.4538   ,33.9795,-30.863   ,33.9798,-31.1931  ,33.96  ,-31.6135    ,33.9163,-31.9827  ,33.8459,-32.3168  ,33.9232,-28.1515  ,34.2088,-28.5949   ,34.2609,-28.9789  ,34.3044,-29.4547  ,34.339 ,-29.8593  ,34.3642,-30.1977   ,34.3844,-30.6134   ,34.3861,-31.0302  ,34.3688,-31.3555   ,34.3034,-31.7377  ,34.1821,-32.0386  ,33.8459,-32.3168  ,33.6652,-31.8275  ,33.6253,-31.3759  ,33.5925,-30.902    ,33.5703,-30.5601  ,33.5413,-30.1582  ,33.5112,-29.7717   ,33.491 ,-29.4626  ,33.4807,-29.1119  ,33.5041,-28.7221  ,33.5703,-28.4244  ,33.941 ,30.1895   ,1.53359    ,500,110681,51.2743,11.7505,117.456,0
2723,34.0269,-28.1959  ,33.9352,-28.5607   ,33.9158,-28.9697 ,33.9204,-29.362   ,33.932 ,-29.7003  ,33.9503,-30.1125  ,33.9655,-30.4553   ,33.9798,-30.8558  ,33.9858,-31.2372  ,33.9799,-31.5937    ,33.9584,-31.9685  ,33.9247,-32.3333  ,34.0269,-28.1959  ,34.2323,-28.7372   ,34.2809,-29.1736  ,34.3159,-29.5548  ,34.3431,-29.8703  ,34.3705,-30.255    ,34.3846,-30.5864   ,34.387 ,-30.9868  ,34.3698,-31.3656   ,34.3273,-31.6968  ,34.2369,-32.0143  ,33.9247,-32.3333  ,33.6872,-31.8223  ,33.6363,-31.3757  ,33.6012,-30.9848   ,33.5688,-30.5937  ,33.5406,-30.1881  ,33.5238,-29.8322   ,33.5155,-29.3938  ,33.5217,-29.0357  ,33.5525,-28.6402  ,33.6499,-28.2831  ,33.9448,30.2119   ,1.53167    ,506,111943,50.9584,11.7118,117.213,0
2724,33.8814,-28.1653  ,33.8913,-28.5972   ,33.8964,-28.9541 ,33.9074,-29.3452  ,33.9244,-29.7461  ,33.945 ,-30.1474  ,33.9624,-30.4799   ,33.98  ,-30.8744  ,33.9927,-31.2572  ,33.9998,-31.6746    ,34.0005,-32.0415  ,34.012 ,-32.4045  ,33.8814,-28.1653  ,34.2012,-28.5631   ,34.255 ,-28.918   ,34.2923,-29.3011  ,34.3256,-29.6863  ,34.3552,-30.0724   ,34.3745,-30.4013   ,34.3867,-30.8058  ,34.3834,-31.2067   ,34.3546,-31.6368  ,34.2916,-31.9986  ,34.012 ,-32.4045  ,33.7094,-31.988   ,33.6441,-31.5982  ,33.5984,-31.1827   ,33.5681,-30.8125  ,33.5435,-30.4258  ,33.5277,-30.0888   ,33.5168,-29.6718  ,33.5179,-29.2568  ,33.5354,-28.8645  ,33.5804,-28.5242  ,33.9466,30.2637   ,1.53121    ,516,113899,52.0465,10.1966,119.213,0
2725,33.8674,-28.2411  ,33.883 ,-28.6749   ,33.8962,-29.056  ,33.9141,-29.4626  ,33.9309,-29.8028  ,33.9506,-30.2055  ,33.9692,-30.611    ,33.984 ,-31.0251  ,33.9931,-31.3678  ,33.9992,-31.7603    ,33.9992,-32.1661  ,34.001 ,-32.5173  ,33.8674,-28.2411  ,34.1688,-28.5873   ,34.2532,-28.9532  ,34.3078,-29.3522  ,34.341 ,-29.6955  ,34.37  ,-30.1175   ,34.3883,-30.5511   ,34.3944,-30.9908  ,34.3882,-31.3492   ,34.3626,-31.7491  ,34.2966,-32.1451  ,34.001 ,-32.5173  ,33.7025,-32.0812  ,33.6345,-31.645   ,33.5949,-31.2508   ,33.5693,-30.9211  ,33.5442,-30.5344  ,33.5248,-30.1596   ,33.5141,-29.7746  ,33.5139,-29.4365  ,33.5341,-29.0262  ,33.5939,-28.6463  ,33.952 ,30.3416   ,1.53104    ,531,116986,52.4804,10.3783,121.456,0
2726,33.8547,-28.3034  ,33.88  ,-28.7416   ,33.8995,-29.1321 ,33.9223,-29.5477  ,33.9419,-29.8916  ,33.9619,-30.2932  ,33.9792,-30.7004   ,33.993 ,-31.1187  ,34.0002,-31.4557  ,33.9995,-31.8789    ,33.9848,-32.2511  ,33.9668,-32.6231  ,33.8547,-28.3034  ,34.1752,-28.6634   ,34.2604,-29.042   ,34.3134,-29.4533  ,34.3451,-29.8068  ,34.3725,-30.2446   ,34.3902,-30.6968   ,34.3967,-31.151   ,34.3927,-31.5104   ,34.3671,-31.9448  ,34.2948,-32.2845  ,33.9668,-32.6231  ,33.6804,-32.1167  ,33.6341,-31.6994  ,33.6056,-31.2702   ,33.5855,-30.9475  ,33.5627,-30.566   ,33.5453,-30.2086   ,33.5311,-29.8404  ,33.5231,-29.5031  ,33.5317,-29.0864  ,33.5787,-28.7007  ,33.9546,30.4642   ,1.53766    ,540,120504,53.0337,10.2756,124.87 ,0
2727,33.875 ,-28.467   ,33.8885,-28.935    ,33.8971,-29.3221 ,33.9198,-29.7121  ,33.9518,-30.1017  ,33.9822,-30.4917  ,33.9995,-30.8819   ,34.001 ,-31.2725  ,34.0015,-31.6626  ,33.9918,-32.0519    ,33.9538,-32.4382  ,33.8874,-32.7938  ,33.875 ,-28.467   ,34.2075,-28.8594   ,34.2687,-29.2516  ,34.3057,-29.6457  ,34.3545,-30.0392  ,34.3855,-30.4336   ,34.4087,-30.8283   ,34.4087,-31.2233  ,34.3917,-31.6181   ,34.3515,-32.012   ,34.2537,-32.4008  ,33.8874,-32.7938  ,33.6736,-32.3219  ,33.6417,-31.9365  ,33.6114,-31.5511   ,33.5933,-31.1654  ,33.5838,-30.7795  ,33.5668,-30.3938   ,33.537 ,-30.0083  ,33.5198,-29.6226  ,33.5204,-29.2368  ,33.5654,-28.8596  ,33.956 ,30.6116   ,1.54332    ,556,123470,53.2201,10.1341,127.698,0
2728,33.8787,-28.6176  ,33.8815,-29.0331   ,33.8972,-29.4245 ,33.9216,-29.8173  ,33.9568,-30.21    ,33.9897,-30.6028  ,34.001 ,-30.9962   ,34.0013,-31.3898  ,34.0055,-31.7828  ,33.9968,-32.1751    ,33.9681,-32.566   ,33.9189,-32.9299  ,33.8787,-28.6176  ,34.1922,-28.9613   ,34.2731,-29.3535  ,34.3185,-29.7493  ,34.3693,-30.1447  ,34.4026,-30.5412   ,34.4087,-30.9383   ,34.4087,-31.3355  ,34.3909,-31.7324   ,34.3472,-32.1283  ,34.2663,-32.5212  ,33.9189,-32.9299  ,33.6849,-32.4546  ,33.6532,-32.0653  ,33.6201,-31.676    ,33.5932,-31.2866  ,33.5938,-30.8966  ,33.564 ,-30.5073   ,33.531 ,-30.118   ,33.5118,-29.7284  ,33.516 ,-29.3386  ,33.5672,-28.9516  ,33.9593,30.7389   ,1.53844    ,553,123404,52.9991,10.2931,125.213,0
2729,33.8721,-28.6341  ,33.8954,-29.0376   ,33.9122,-29.4718 ,33.9315,-29.9027  ,33.9485,-30.2991  ,33.9636,-30.714   ,33.9732,-31.0673   ,33.9808,-31.488   ,33.9839,-31.8901  ,33.981 ,-32.2607    ,33.9642,-32.6894  ,33.9115,-33.055   ,33.8721,-28.6341  ,34.2   ,-28.9951   ,34.2887,-29.4128  ,34.3375,-29.8294  ,34.3663,-30.2215  ,34.3848,-30.6426   ,34.3914,-31.0076   ,34.3883,-31.4462  ,34.3715,-31.865    ,34.3373,-32.2464  ,34.2519,-32.6809  ,33.9115,-33.055   ,33.6826,-32.6005  ,33.6266,-32.1565  ,33.596 ,-31.785    ,33.5714,-31.3912  ,33.5516,-30.9854  ,33.5379,-30.6452   ,33.5251,-30.2415  ,33.5197,-29.8483  ,33.5309,-29.4144  ,33.5873,-28.9837  ,33.9568,30.7904   ,1.53859    ,543,120954,54.3262,10.3858,123.799,0
2730,33.8829,-28.7235  ,33.8892,-29.1477   ,33.9033,-29.5342 ,33.9262,-29.9666  ,33.9475,-30.3656  ,33.9634,-30.7152  ,33.9787,-31.1467   ,33.9905,-31.5753  ,33.9971,-31.918   ,34.0016,-32.3586    ,34.0041,-32.7371  ,34.0133,-33.1024  ,33.8829,-28.7235  ,34.186 ,-29.0851   ,34.2639,-29.4324  ,34.3196,-29.8254  ,34.3549,-30.202   ,34.3751,-30.5456   ,34.3871,-30.9854   ,34.3867,-31.4334  ,34.3761,-31.7955   ,34.3435,-32.2603  ,34.2845,-32.6575  ,34.0133,-33.1024  ,33.7228,-32.7179  ,33.659 ,-32.3378  ,33.616 ,-31.9064   ,33.5908,-31.5763  ,33.5657,-31.1636  ,33.5457,-30.7428   ,33.5332,-30.3927  ,33.5257,-29.9796  ,33.5375,-29.519   ,33.5903,-29.1106  ,33.9598,30.8629   ,1.53056    ,530,118381,53.7392,10.4547,122.042,0
2731,33.8912,-28.8944  ,33.9   ,-29.3127   ,33.9155,-29.6971 ,33.9382,-30.1326  ,33.955 ,-30.4678  ,33.9725,-30.8905  ,33.984 ,-31.2502   ,33.9938,-31.6755  ,33.9981,-32.0772  ,33.9959,-32.4437    ,33.9854,-32.8166  ,33.9568,-33.2068  ,33.8912,-28.8944  ,34.2084,-29.2598   ,34.2885,-29.6163  ,34.3407,-30.0269  ,34.3662,-30.3529  ,34.385 ,-30.7773   ,34.3906,-31.1471   ,34.3853,-31.5904  ,34.3654,-32.01     ,34.328 ,-32.3876  ,34.2552,-32.7677  ,33.9568,-33.2068  ,33.7196,-32.7672  ,33.6654,-32.3831  ,33.6303,-32.0151   ,33.5997,-31.6212  ,33.5733,-31.2094  ,33.5548,-30.8607   ,33.5372,-30.4457  ,33.5288,-30.1088  ,33.5368,-29.6609  ,33.5891,-29.2668  ,33.9641,30.9685   ,1.53502    ,517,115547,52.9345,10.2326,119.456,0
2732,33.8333,-29.1013  ,33.8805,-29.4943   ,33.9134,-29.8843 ,33.9388,-30.2525  ,33.9603,-30.6418  ,33.975 ,-30.9775  ,33.9882,-31.3852   ,33.9966,-31.7848  ,33.9991,-32.1009  ,33.9942,-32.5052    ,33.9803,-32.8563  ,33.9454,-33.2188  ,33.8333,-29.1013  ,34.1743,-29.4206   ,34.2857,-29.7957  ,34.3444,-30.1543  ,34.3798,-30.5398  ,34.3963,-30.8788   ,34.402 ,-31.2977   ,34.3929,-31.7138  ,34.3731,-32.0444   ,34.3229,-32.4638  ,34.2408,-32.8253  ,33.9454,-33.2188  ,33.7247,-32.7945  ,33.6681,-32.4372  ,33.6249,-32.0342   ,33.5983,-31.7249  ,33.5707,-31.3372  ,33.5484,-30.9409   ,33.5342,-30.6116  ,33.5254,-30.2247  ,33.532 ,-29.8552  ,33.5772,-29.4674  ,33.9654,31.0405   ,1.5341     ,502,112028,50.6074,10.4263,115.456,0
2733,33.8325,-29.1935  ,33.877 ,-29.5831   ,33.9093,-29.9591 ,33.9375,-30.3029  ,33.9646,-30.6556  ,33.9912,-31.0748  ,34.0083,-31.4329   ,34.0184,-31.7838  ,34.0213,-32.1231  ,34.0142,-32.4921    ,33.9938,-32.8644  ,33.9551,-33.2108  ,33.8325,-29.1935  ,34.1645,-29.5521   ,34.2756,-29.9299  ,34.3411,-30.2681  ,34.3885,-30.6101  ,34.4242,-31.0162   ,34.4378,-31.3643   ,34.4331,-31.7086  ,34.4096,-32.0498   ,34.3562,-32.4272  ,34.2551,-32.8118  ,33.9551,-33.2108  ,33.739 ,-32.8306  ,33.6755,-32.4562  ,33.6331,-32.0857   ,33.6013,-31.7433  ,33.574 ,-31.3828  ,33.5515,-31.0133   ,33.532 ,-30.5826  ,33.5246,-30.2216  ,33.5335,-29.8764  ,33.5807,-29.5153  ,33.9673,31.0915   ,1.52756    ,492,110132,49.4092,10.7032,114.284,0
2734,33.7286,-29.1785  ,33.8441,-29.5627   ,33.89  ,-29.9248 ,33.9231,-30.2574  ,33.9586,-30.6518  ,33.9876,-30.9899  ,34.0171,-31.3796   ,34.0371,-31.7561  ,34.041 ,-32.1236  ,34.0309,-32.4779    ,34.0022,-32.8444  ,33.9373,-33.1872  ,33.7286,-29.1785  ,34.1211,-29.4379   ,34.2414,-29.801   ,34.3089,-30.1421  ,34.3666,-30.5456  ,34.4064,-30.8902   ,34.4409,-31.2864   ,34.4553,-31.6653  ,34.4363,-32.0372   ,34.3851,-32.4051  ,34.2781,-32.7927  ,33.9373,-33.1872  ,33.7356,-32.8104  ,33.6813,-32.4526  ,33.6463,-32.106    ,33.615 ,-31.7408  ,33.5855,-31.363   ,33.5595,-30.9771   ,33.5407,-30.6451  ,33.5267,-30.2607  ,33.5269,-29.9402  ,33.5514,-29.5937  ,33.972 ,31.1082   ,1.52141    ,493,110182,49.6535,10.5336,114.284,0
2735,33.7247,-29.1836  ,33.8474,-29.5676   ,33.895 ,-29.9322 ,33.9342,-30.3227  ,33.9655,-30.6621  ,34.0004,-31.0588  ,34.0296,-31.4534   ,34.0471,-31.8414  ,34.0477,-32.2206  ,34.0355,-32.5818    ,34.0103,-32.9541  ,33.9508,-33.291   ,33.7247,-29.1836  ,34.1284,-29.4285   ,34.2515,-29.7921  ,34.3282,-30.1943  ,34.375 ,-30.5495  ,34.4178,-30.9706   ,34.4475,-31.3889   ,34.4573,-31.7889  ,34.4349,-32.1704   ,34.3814,-32.534   ,34.2811,-32.9167  ,33.9508,-33.291   ,33.7471,-32.9045  ,33.6944,-32.5298  ,33.6621,-32.1641   ,33.6341,-31.7839  ,33.6045,-31.4058  ,33.5736,-31.0337   ,33.5457,-30.6616  ,33.5295,-30.3382  ,33.5264,-29.9632  ,33.55  ,-29.6121  ,33.9808,31.1464   ,1.51879    ,506,111804,50.9033,10.3818,116.87 ,0
2736,33.7715,-29.166   ,33.8595,-29.5858   ,33.8962,-29.9349 ,33.9343,-30.3555  ,33.965 ,-30.7108  ,33.9953,-31.0719  ,34.0212,-31.4425   ,34.0403,-31.8756  ,34.0423,-32.2423  ,34.0346,-32.5966    ,34.0189,-32.9714  ,33.9803,-33.342   ,33.7715,-29.166   ,34.1577,-29.4806   ,34.2616,-29.8273  ,34.3381,-30.2638  ,34.3849,-30.6482  ,34.4219,-31.0399   ,34.4482,-31.4296   ,34.4574,-31.8676  ,34.4366,-32.2277   ,34.3926,-32.5721  ,34.3122,-32.94    ,33.9803,-33.342   ,33.7309,-32.9029  ,33.6802,-32.5062  ,33.6489,-32.1357   ,33.6198,-31.7602  ,33.5864,-31.3314  ,33.5589,-30.9819   ,33.5349,-30.6551  ,33.5201,-30.3278  ,33.5194,-29.9226  ,33.5474,-29.5828  ,33.9807,31.1824   ,1.51964    ,519,113354,51.4811,10.6372,119.698,0
2737,33.8544,-29.1655  ,33.8847,-29.5595   ,33.9145,-29.9813 ,33.9439,-30.3544  ,33.9714,-30.7198  ,34.0012,-31.1587  ,34.0205,-31.4873   ,34.0358,-31.887   ,34.0384,-32.2826  ,34.0296,-32.6634    ,34.0093,-33.0612  ,33.9664,-33.4124  ,33.8544,-29.1655  ,34.1836,-29.5221   ,34.2889,-29.9509  ,34.3474,-30.3412  ,34.392 ,-30.7433  ,34.4319,-31.2252   ,34.4518,-31.5665   ,34.4599,-31.963   ,34.4414,-32.341    ,34.3967,-32.6961  ,34.3074,-33.0647  ,33.9664,-33.4124  ,33.718 ,-32.9527  ,33.6667,-32.5075  ,33.6363,-32.0934   ,33.6082,-31.6779  ,33.5821,-31.2754  ,33.5622,-30.9632   ,33.5422,-30.5746  ,33.5305,-30.2444  ,33.5307,-29.8873  ,33.5787,-29.486   ,33.9845,31.2357   ,1.52163    ,529,115684,52.2149,11.2482,121.698,0
2738,33.7976,-29.2592  ,33.8827,-29.6917   ,33.9213,-30.0774 ,33.9519,-30.4343  ,33.9859,-30.8728  ,34.0114,-31.2541  ,34.0319,-31.618    ,34.0476,-32.0106  ,34.0543,-32.4011  ,34.0493,-32.8       ,34.0392,-33.2187  ,34.0156,-33.5613  ,33.7976,-29.2592  ,34.2059,-29.6642   ,34.3058,-30.1003  ,34.361 ,-30.4873  ,34.4084,-30.944   ,34.4389,-31.3256   ,34.4593,-31.6666   ,34.464 ,-31.9991  ,34.4512,-32.3277   ,34.4063,-32.705   ,34.3194,-33.1408  ,34.0156,-33.5613  ,33.7616,-33.1998  ,33.6943,-32.7826  ,33.6574,-32.3609   ,33.6273,-31.9123  ,33.5987,-31.4519  ,33.5758,-31.0569   ,33.5541,-30.6742  ,33.5328,-30.2596  ,33.5262,-29.9397  ,33.5478,-29.6166  ,33.9925,31.3255   ,1.52519    ,536,119753,52.9984,11.0866,125.113,0
2739,33.9256,-29.2763  ,33.9108,-29.7308   ,33.9139,-30.1178 ,33.9503,-30.509   ,33.9856,-30.9006  ,34.0101,-31.2926  ,34.036 ,-31.6846   ,34.0554,-32.0767  ,34.0527,-32.4687  ,34.049 ,-32.8601    ,34.0736,-33.2497  ,34.0951,-33.6156  ,33.9256,-29.2763  ,34.2314,-29.6832   ,34.2811,-30.0662  ,34.34  ,-30.4553  ,34.3858,-30.8451  ,34.4213,-31.2356   ,34.4457,-31.6265   ,34.4594,-32.0176  ,34.437 ,-32.4085   ,34.3993,-32.7986  ,34.3643,-33.1891  ,34.0951,-33.6156  ,33.7736,-33.1552  ,33.6982,-32.7653  ,33.6749,-32.3721   ,33.645 ,-31.979   ,33.6141,-31.5859  ,33.5933,-31.1926   ,33.5732,-30.7994  ,33.5423,-30.4063  ,33.5362,-30.0127  ,33.5902,-29.6325  ,34.0019,31.4194   ,1.51844    ,555,123628,53.3181,10.2116,128.284,0
2740,33.875 ,-29.2824  ,33.8978,-29.7514   ,33.9151,-30.1396 ,33.9541,-30.5294  ,33.9902,-30.9195  ,34.016 ,-31.3882  ,34.0467,-31.7787   ,34.0639,-32.1694  ,34.0602,-32.56    ,34.0784,-33.0278    ,34.1378,-33.4138  ,34.2087,-33.7723  ,33.875 ,-29.2824  ,34.2151,-29.6594   ,34.2794,-30.0436  ,34.3359,-30.4293  ,34.3835,-30.8155  ,34.4247,-31.2799   ,34.4551,-31.6671   ,34.4658,-32.0547  ,34.4406,-32.442    ,34.4084,-32.9067  ,34.4089,-33.2946  ,34.2087,-33.7723  ,33.8365,-33.3807  ,33.7322,-32.9933  ,33.6799,-32.5217   ,33.6566,-32.1278  ,33.6257,-31.7341  ,33.5951,-31.3404   ,33.5847,-30.8674  ,33.5541,-30.4736  ,33.5423,-30.0795  ,33.5742,-29.6923  ,34.0127,31.5009   ,1.51049    ,573,127006,55.3069,10.2053,130.87 ,0
2741,33.8876,-29.3385  ,33.9009,-29.8141   ,33.9175,-30.2047 ,33.9587,-30.5948  ,33.9921,-30.9855  ,34.0151,-31.3764  ,34.0456,-31.7672   ,34.0728,-32.1582  ,34.0882,-32.6273  ,34.1067,-33.017     ,34.1491,-33.404   ,34.2087,-33.7594  ,33.8876,-29.3385  ,34.2302,-29.729    ,34.2867,-30.1136  ,34.3468,-30.4994  ,34.389 ,-30.8861  ,34.4242,-31.2733   ,34.4546,-31.6607   ,34.4844,-32.0482  ,34.4794,-32.5137   ,34.4495,-32.9012  ,34.4256,-33.2889  ,34.2087,-33.7594  ,33.8551,-33.3654  ,33.7516,-32.9773  ,33.6972,-32.5845   ,33.6554,-32.1117  ,33.6244,-31.7174  ,33.5939,-31.3231   ,33.5831,-30.9285  ,33.5524,-30.5342  ,33.5361,-30.1396  ,33.5649,-29.746   ,34.0191,31.5095   ,1.50349    ,571,127651,54.4135,10.2057,130.284,0
2742,33.8876,-29.3385  ,33.905 ,-29.8215   ,33.9251,-30.2155 ,33.9639,-30.609   ,34.0016,-31.0028  ,34.0232,-31.3972  ,34.0538,-31.7915   ,34.0763,-32.1859  ,34.0972,-32.6592  ,34.1184,-33.0525    ,34.1576,-33.4416  ,34.1893,-33.8034  ,33.8876,-29.3385  ,34.233 ,-29.7381   ,34.2892,-30.1291  ,34.3501,-30.5208  ,34.3979,-30.9132  ,34.4396,-31.306    ,34.4703,-31.6995   ,34.488 ,-32.0932  ,34.4902,-32.566    ,34.4767,-32.9597  ,34.4518,-33.3532  ,34.1893,-33.8034  ,33.8524,-33.3773  ,33.748 ,-32.9885  ,33.698 ,-32.5947   ,33.6561,-32.1208  ,33.625 ,-31.7257  ,33.5944,-31.3306   ,33.59  ,-30.935   ,33.5593,-30.5399  ,33.5485,-30.1444  ,33.5705,-29.7497  ,34.0273,31.5425   ,1.50206    ,580,128370,54.9107,10.3712,132.527,0
2743,33.875 ,-29.2824  ,33.8978,-29.7518   ,33.912 ,-30.1402 ,33.96  ,-30.6081  ,33.9987,-30.9984  ,34.0257,-31.3889  ,34.0561,-31.7796   ,34.0795,-32.2487  ,34.0974,-32.6395  ,34.1246,-33.0294    ,34.1876,-33.493   ,34.2659,-33.8474  ,33.875 ,-29.2824  ,34.2151,-29.6594   ,34.2794,-30.0436  ,34.3479,-30.5064  ,34.3947,-30.8927  ,34.4437,-31.2788   ,34.4741,-31.666    ,34.4902,-32.1311  ,34.4902,-32.5189   ,34.4871,-32.9066  ,34.4649,-33.3716  ,34.2659,-33.8474  ,33.8799,-33.4618  ,33.7519,-32.9967  ,33.6987,-32.6038   ,33.6629,-32.2099  ,33.6259,-31.7369  ,33.5953,-31.3427   ,33.5846,-30.9481  ,33.554 ,-30.5539  ,33.5362,-30.0805  ,33.5741,-29.693   ,34.0308,31.5497   ,1.49729    ,594,129815,56.2677,10.4388,132.87 ,0
2744,33.875 ,-29.2824  ,33.9017,-29.7592   ,33.9195,-30.1513 ,33.9654,-30.6236  ,34.0053,-31.0173  ,34.0307,-31.4115  ,34.0649,-31.8847   ,34.0804,-32.2793  ,34.0982,-32.6738  ,34.1333,-33.1456    ,34.1951,-33.5351  ,34.272 ,-33.9042  ,33.875 ,-29.2824  ,34.2178,-29.6682   ,34.2804,-30.0586  ,34.3512,-30.5282  ,34.4051,-30.9198  ,34.4528,-31.3118   ,34.4894,-31.7834   ,34.4902,-32.1769  ,34.4902,-32.5705   ,34.4777,-33.0425  ,34.471 ,-33.436   ,34.272 ,-33.9042  ,33.8869,-33.4795  ,33.772 ,-33.0916  ,33.6999,-32.6193   ,33.6639,-32.2239  ,33.6331,-31.8283  ,33.5961,-31.3535   ,33.5918,-30.9574  ,33.561 ,-30.5617  ,33.5486,-30.0865  ,33.5796,-29.697   ,34.0367,31.578    ,1.49621    ,599,130531,56.9705,10.5188,135.941,0
2745,33.8874,-29.2824  ,33.9199,-29.7514   ,33.9375,-30.1412 ,33.9755,-30.61    ,34.0142,-31.0009  ,34.0483,-31.3919  ,34.0778,-31.7832   ,34.0889,-32.2531  ,34.104 ,-32.6447  ,34.1393,-33.035     ,34.2079,-33.4994  ,34.2843,-33.8538  ,33.8874,-29.2824  ,34.2337,-29.659    ,34.2859,-30.0448  ,34.3544,-30.5084  ,34.4013,-30.8953  ,34.4505,-31.2821   ,34.4806,-31.67     ,34.4902,-32.1359  ,34.4902,-32.5244   ,34.4902,-32.9129  ,34.4905,-33.379   ,34.2843,-33.8538  ,33.8947,-33.4675  ,33.7699,-33.0014  ,33.7119,-32.6084   ,33.6756,-32.214   ,33.6642,-31.7398  ,33.6339,-31.3451   ,33.6091,-30.9502  ,33.5807,-30.5554  ,33.5804,-30.081   ,33.5933,-29.6919  ,34.0486,31.5625   ,1.49893    ,586,130059,56.3566,10.0497,134.527,0
2746,33.8874,-29.2824  ,33.9301,-29.7565   ,33.9545,-30.1488 ,33.9836,-30.5424  ,34.0197,-30.936   ,34.053 ,-31.3301  ,34.0805,-31.7243   ,34.0921,-32.1189  ,34.1106,-32.5922  ,34.1433,-32.9856    ,34.1832,-33.3774  ,34.2271,-33.7347  ,33.8874,-29.2824  ,34.2422,-29.6666   ,34.3037,-30.058   ,34.3646,-30.45    ,34.4182,-30.8425  ,34.4597,-31.2357   ,34.4899,-31.6295   ,34.4902,-32.0238  ,34.4902,-32.4971   ,34.4902,-32.8915  ,34.483 ,-33.2857  ,34.2271,-33.7347  ,33.8635,-33.3134  ,33.7832,-32.9225  ,33.725 ,-32.5296   ,33.6879,-32.0561  ,33.6646,-31.6614  ,33.6339,-31.2668   ,33.6031,-30.8722  ,33.5933,-30.4772  ,33.5933,-30.0821  ,33.6053,-29.693   ,34.0525,31.503    ,1.50162    ,572,129340,54.7905,10.1351,128.627,0
2747,33.8874,-29.2824  ,33.9273,-29.7492   ,33.9542,-30.1371 ,33.9906,-30.5261  ,34.0334,-30.9156  ,34.0636,-31.3058  ,34.0794,-31.6963   ,34.0931,-32.0868  ,34.1117,-32.5553  ,34.1375,-32.945     ,34.1585,-33.3333  ,34.1704,-33.6843  ,33.8874,-29.2824  ,34.2417,-29.6649   ,34.3094,-30.0549  ,34.3786,-30.445   ,34.4425,-30.8357  ,34.478 ,-31.2281   ,34.4902,-31.6211   ,34.4902,-32.0144  ,34.4902,-32.4864   ,34.4892,-32.8797  ,34.4585,-33.2724  ,34.1704,-33.6843  ,33.8496,-33.2396  ,33.7803,-32.8545  ,33.7265,-32.4682   ,33.6901,-32.0029  ,33.6675,-31.615   ,33.6372,-31.2273   ,33.607 ,-30.8396  ,33.587 ,-30.4517  ,33.5869,-30.0634  ,33.6013,-29.6821  ,34.0517,31.4608   ,1.50476    ,566,129063,54.1237,10.3126,128.87 ,0
2748,33.8987,-29.2699  ,33.9153,-29.6851   ,33.9255,-30.0785 ,33.9594,-30.4716  ,34.002 ,-30.8647  ,34.0419,-31.2579  ,34.0706,-31.6518   ,34.0791,-32.0461  ,34.0892,-32.4404  ,34.1007,-32.8344    ,34.0896,-33.2249  ,34.0484,-33.5753  ,33.8987,-29.2699  ,34.223 ,-29.6102   ,34.2824,-30.005   ,34.3455,-30.4009  ,34.4047,-30.7971  ,34.4569,-31.1937   ,34.49  ,-31.5914   ,34.4902,-31.9899  ,34.4902,-32.3883   ,34.4866,-32.7867  ,34.4209,-33.1823  ,34.0484,-33.5753  ,33.7642,-33.1133  ,33.7145,-32.7246  ,33.6818,-32.3347   ,33.668 ,-31.9445  ,33.6445,-31.5545  ,33.6187,-31.1646   ,33.5864,-30.775   ,33.5591,-30.3851  ,33.5586,-29.9946  ,33.6008,-29.6067  ,34.026 ,31.4266   ,1.51376    ,564,127427,52.9405,10.3801,127.698,0
2749,33.8625,-29.2678  ,33.8998,-29.7018   ,33.9317,-30.1091 ,33.9627,-30.4851  ,33.9947,-30.8823  ,34.0194,-31.2284  ,34.0444,-31.6564   ,34.0587,-32.015   ,34.0638,-32.4346  ,34.0502,-32.8251    ,33.9991,-33.2177  ,33.8929,-33.5488  ,33.8625,-29.2678  ,34.2082,-29.6538   ,34.3155,-30.0586  ,34.3778,-30.4281  ,34.4249,-30.8183  ,34.4548,-31.1628   ,34.4792,-31.6005   ,34.4874,-31.9777  ,34.4776,-32.4258   ,34.4368,-32.8421  ,34.3232,-33.2489  ,33.8929,-33.5488  ,33.6951,-33.0852  ,33.6714,-32.6838  ,33.6505,-32.3065   ,33.6255,-31.9094  ,33.6022,-31.5686  ,33.5746,-31.1538   ,33.5542,-30.811   ,33.537 ,-30.4138  ,33.5382,-30.0386  ,33.583 ,-29.6415  ,34.0093,31.375    ,1.52087    ,558,125743,52.8583,10.7966,124.284,0
2750,33.8987,-29.2699  ,33.9144,-29.674    ,33.9163,-30.0607 ,33.9507,-30.4473  ,34.0028,-30.9112  ,34.0287,-31.2986  ,34.0557,-31.686    ,34.0716,-32.0737  ,34.0738,-32.4612  ,34.0481,-32.8476    ,33.9402,-33.2209  ,33.7752,-33.5198  ,33.8987,-29.2699  ,34.2239,-29.6128   ,34.2828,-30.0098  ,34.3467,-30.4076  ,34.4126,-30.8857  ,34.4577,-31.2848   ,34.4905,-31.6846   ,34.4902,-32.085   ,34.4776,-32.4852   ,34.4269,-32.8837  ,34.2758,-33.268   ,33.7752,-33.5198  ,33.6601,-33.032   ,33.6885,-32.6575  ,33.675 ,-32.2822   ,33.6467,-31.9073  ,33.6149,-31.5324  ,33.5933,-31.1573   ,33.5734,-30.7822  ,33.5381,-30.3323  ,33.5463,-29.9569  ,33.5999,-29.5856  ,34     ,31.4169   ,1.53664    ,569,126606,52.9649,10.8995,128.527,0
2751,33.8941,-29.257   ,33.9018,-29.7101   ,33.9083,-30.0888 ,33.9469,-30.4672  ,33.9941,-30.9216  ,34.0234,-31.3006  ,34.0482,-31.6798   ,34.0657,-32.1351  ,34.0623,-32.5142  ,34.0122,-32.8907    ,33.8399,-33.3015  ,33.6283,-33.5572  ,33.8941,-29.257   ,34.2289,-29.6639   ,34.2804,-30.0586  ,34.3397,-30.4536  ,34.4002,-30.9281  ,34.4473,-31.3238   ,34.4783,-31.7204   ,34.4905,-32.1969  ,34.4612,-32.5935   ,34.3771,-32.9859  ,34.1422,-33.4053  ,33.6283,-33.5572  ,33.6145,-33.0753  ,33.6751,-32.6456  ,33.6684,-32.2834   ,33.6405,-31.9217  ,33.6065,-31.4876  ,33.5935,-31.1255   ,33.5705,-30.7636  ,33.5364,-30.3296  ,33.5263,-29.9675  ,33.5722,-29.6096  ,33.9823,31.4385   ,1.54757    ,580,127883,54.2871,11.0661,132.77 ,0
2752,33.8941,-29.257   ,33.9012,-29.7183   ,33.9099,-30.1018 ,33.9487,-30.4849  ,33.9875,-30.8683  ,34.0241,-31.3286  ,34.0507,-31.7125   ,34.0672,-32.0966  ,34.063 ,-32.4803  ,33.9927,-32.9367    ,33.8259,-33.284   ,33.6096,-33.5703  ,33.8941,-29.257   ,34.2302,-29.668    ,34.281 ,-30.0657  ,34.3412,-30.4633  ,34.3897,-30.8617  ,34.4486,-31.3396   ,34.4797,-31.739    ,34.4903,-32.1387  ,34.4649,-32.5382   ,34.3576,-33.0114  ,34.139 ,-33.3622  ,33.6096,-33.5703  ,33.5903,-33.0758  ,33.6678,-32.7116  ,33.6674,-32.2692   ,33.6389,-31.9008  ,33.61  ,-31.5324  ,33.5933,-31.1638   ,33.5672,-30.7216  ,33.5377,-30.3533  ,33.525 ,-29.9847  ,33.5694,-29.6195  ,33.9759,31.4456   ,1.55621    ,582,128839,54.4532,10.963 ,132.184,0
2753,33.8941,-29.257   ,33.9028,-29.7068   ,33.908 ,-30.0834 ,33.9556,-30.5352  ,33.9967,-30.9119  ,34.03  ,-31.3645  ,34.0526,-31.7419   ,34.0577,-32.1193  ,34.0414,-32.5712  ,33.9523,-32.9406    ,33.7242,-33.3268  ,33.4712,-33.5634  ,33.8941,-29.257   ,34.2294,-29.6654   ,34.2806,-30.0611  ,34.3525,-30.5362  ,34.407 ,-30.9324  ,34.4604,-31.4086   ,34.4904,-31.8062   ,34.4783,-32.2041  ,34.4243,-32.6803   ,34.2893,-33.0667  ,34.0009,-33.448   ,33.4712,-33.5634  ,33.539 ,-33.0885  ,33.659 ,-32.669   ,33.6707,-32.3119   ,33.6375,-31.8835  ,33.6095,-31.5265  ,33.5933,-31.1693   ,33.5687,-30.7407  ,33.5403,-30.3838  ,33.5275,-29.9551  ,33.5743,-29.6026  ,33.9648,31.4476   ,1.57074    ,583,129083,55.2169,11.3354,136.669,0
2754,33.8748,-29.2697  ,33.9045,-29.7218   ,33.913 ,-30.1016 ,33.9486,-30.4824  ,33.9992,-30.9394  ,34.0273,-31.3208  ,34.0517,-31.7024   ,34.0503,-32.084   ,34.0262,-32.4646  ,33.9224,-32.916     ,33.7398,-33.2611  ,33.528 ,-33.5327  ,33.8748,-29.2697  ,34.2303,-29.6683   ,34.2811,-30.0664  ,34.3414,-30.4643  ,34.4085,-30.9422  ,34.4551,-31.341    ,34.4862,-31.7406   ,34.4644,-32.1403  ,34.4139,-32.5388   ,34.277 ,-33.0093  ,34.0542,-33.3616  ,33.528 ,-33.5327  ,33.504 ,-33.029   ,33.6164,-32.674   ,33.6567,-32.2386   ,33.6368,-31.875   ,33.6084,-31.5116  ,33.5933,-31.1479   ,33.5721,-30.7843  ,33.5374,-30.3483  ,33.5312,-29.9845  ,33.5711,-29.6268  ,33.9546,31.4524   ,-1.55996   ,580,129288,54.0146,11.1269,131.598,0
2755,33.9003,-29.257   ,33.9104,-29.7252   ,33.9175,-30.1094 ,33.9529,-30.4936  ,33.9917,-30.8779  ,34.0243,-31.3397  ,34.0509,-31.7246   ,34.0511,-32.1095  ,34.0103,-32.5698  ,33.9067,-32.9476    ,33.7233,-33.2973  ,33.5159,-33.5828  ,33.9003,-29.257   ,34.2315,-29.6724   ,34.2866,-30.0709  ,34.3486,-30.4693  ,34.3971,-30.8686  ,34.4492,-31.348    ,34.4806,-31.7483   ,34.4639,-32.1487  ,34.3873,-32.6264   ,34.267 ,-33.0182  ,34.0491,-33.377   ,33.5159,-33.5828  ,33.4803,-33.0881  ,33.5995,-32.7277  ,33.6568,-32.3602   ,33.6401,-31.9165  ,33.6111,-31.547   ,33.5933,-31.1773   ,33.5681,-30.7337  ,33.5386,-30.3642  ,33.537 ,-29.9942  ,33.5863,-29.6277  ,33.9521,31.4666   ,-1.5533    ,582,130023,54.7344,10.9465,132.184,0
2756,33.9003,-29.257   ,33.914 ,-29.7212   ,33.9176,-30.1036 ,33.9592,-30.5624  ,33.9998,-30.9447  ,34.0306,-31.4041  ,34.0512,-31.7871   ,34.0433,-32.2462  ,33.9961,-32.6271  ,33.8545,-33.0748    ,33.6531,-33.4155  ,33.415 ,-33.7022  ,33.9003,-29.257   ,34.2374,-29.6717   ,34.2879,-30.0706  ,34.361 ,-30.549   ,34.4095,-30.9484  ,34.462 ,-31.4281   ,34.489 ,-31.8285   ,34.4436,-32.3086  ,34.3685,-32.706    ,34.1923,-33.1708  ,33.9364,-33.5136  ,33.415 ,-33.7022  ,33.4608,-33.1888  ,33.5814,-32.8328  ,33.6551,-32.3969   ,33.6491,-32.031   ,33.6146,-31.5925  ,33.5933,-31.2269   ,33.5724,-30.7881  ,33.5436,-30.4227  ,33.5378,-29.9837  ,33.5879,-29.6217  ,33.9435,31.5108   ,-1.54005   ,594,132073,56.6794,11.1074,137.255,0
2757,33.8939,-29.2505  ,33.9137,-29.7159   ,33.9326,-30.1737 ,33.9652,-30.5553  ,34.0129,-31.0132  ,34.0301,-31.3957  ,34.0515,-31.8543   ,34.0443,-32.2361  ,33.9813,-32.6919  ,33.8644,-33.0639    ,33.6376,-33.4707  ,33.409 ,-33.759   ,33.8939,-29.2505  ,34.2356,-29.6653   ,34.304 ,-30.1417  ,34.3658,-30.5389  ,34.4262,-31.0165  ,34.461 ,-31.4153   ,34.4832,-31.8942   ,34.446 ,-32.2929  ,34.3496,-32.7673   ,34.2052,-33.1541  ,33.9156,-33.5551  ,33.409 ,-33.759   ,33.4463,-33.2569  ,33.5824,-32.8284  ,33.6484,-32.4656   ,33.6488,-32.0268  ,33.62  ,-31.6615  ,33.5933,-31.223    ,33.5839,-30.8573  ,33.5496,-30.4189  ,33.5463,-30.0531  ,33.5888,-29.6182  ,33.9429,31.5189   ,-1.53722   ,598,133022,57.3888,10.9651,140.083,0
2758,33.9003,-29.257   ,33.9139,-29.7206   ,33.93  ,-30.1794 ,33.9624,-30.5619  ,34.0103,-31.0209  ,34.0305,-31.4042  ,34.0515,-31.8639   ,34.044 ,-32.2466  ,33.9757,-32.703   ,33.8567,-33.0764    ,33.638 ,-33.4971  ,33.4155,-33.7901  ,33.9003,-29.257   ,34.2371,-29.6705   ,34.3049,-30.1479  ,34.3669,-30.5457  ,34.4275,-31.024   ,34.4616,-31.4235   ,34.4826,-31.9031   ,34.4446,-32.3023  ,34.3403,-32.7767   ,34.1942,-33.1636  ,33.9158,-33.5884  ,33.4155,-33.7901  ,33.4415,-33.2717  ,33.5792,-32.842   ,33.6466,-32.4781   ,33.6496,-32.038   ,33.6208,-31.6715  ,33.5933,-31.2316   ,33.5783,-30.8648  ,33.5435,-30.425   ,33.5404,-30.058   ,33.5879,-29.6215  ,33.9399,31.5384   ,-1.53488   ,602,133911,57.576 ,10.9445,139.255,0
2759,33.9003,-29.257   ,33.9109,-29.7179   ,33.9267,-30.1758 ,33.9621,-30.5573  ,34.0112,-31.0151  ,34.0305,-31.3974  ,34.0293,-31.8564   ,34.007 ,-32.2383  ,33.9402,-32.6939  ,33.8262,-33.0672    ,33.6194,-33.485   ,33.409 ,-33.7709  ,33.9003,-29.257   ,34.2367,-29.6691   ,34.2983,-30.1457  ,34.36  ,-30.5427  ,34.4204,-31.0198  ,34.4612,-31.418    ,34.4643,-31.8969   ,34.4203,-32.2949  ,34.3175,-32.7685   ,34.1726,-33.1546  ,33.9064,-33.5774  ,33.409 ,-33.7709  ,33.419 ,-33.2635  ,33.5313,-32.8314  ,33.5926,-32.4681   ,33.606 ,-32.029   ,33.5996,-31.6631  ,33.5933,-31.2239   ,33.584 ,-30.8579  ,33.5498,-30.4193  ,33.54  ,-30.0534  ,33.5825,-29.6182  ,33.9277,31.5367   ,-1.52934   ,604,133573,57.1913,10.9859,140.083,0
2760,33.8939,-29.2505  ,33.9091,-29.7268   ,33.9203,-30.1151 ,33.964 ,-30.5809  ,34.0004,-30.9695  ,34.0138,-31.4366  ,34.0128,-31.8261   ,33.9812,-32.2922  ,33.9192,-32.6787  ,33.8066,-33.0594    ,33.6091,-33.4992  ,33.4344,-33.8153  ,33.8939,-29.2505  ,34.2362,-29.6675   ,34.2922,-30.0661  ,34.3667,-30.5446  ,34.4092,-30.9445  ,34.434 ,-31.4254   ,34.4341,-31.8265   ,34.3863,-32.3064  ,34.3067,-32.7035   ,34.1691,-33.093   ,33.9279,-33.5424  ,33.4344,-33.8153  ,33.3638,-33.3181  ,33.4961,-32.8746  ,33.5679,-32.5003   ,33.5933,-32.1232  ,33.5933,-31.6698  ,33.5933,-31.2921   ,33.5763,-30.839   ,33.5467,-30.4618  ,33.5305,-30.0088  ,33.5782,-29.6342  ,33.91  ,31.5413   ,-1.51822   ,605,134015,57.4094,10.489 ,139.255,0
2761,33.8939,-29.2505  ,33.9061,-29.7274   ,33.9141,-30.1158 ,33.9597,-30.5816  ,33.9909,-30.9705  ,34.0041,-31.4376  ,34.0034,-31.8271   ,33.975 ,-32.2936  ,33.9066,-32.6796  ,33.7931,-33.0604    ,33.5983,-33.501   ,33.4283,-33.8153  ,33.8939,-29.2505  ,34.2303,-29.6685   ,34.2812,-30.0673  ,34.354 ,-30.5458  ,34.3936,-30.9459  ,34.4149,-31.4268   ,34.4154,-31.8279   ,34.3798,-32.3084  ,34.2937,-32.7048   ,34.1618,-33.0951  ,33.9226,-33.5449  ,33.4283,-33.8153  ,33.345 ,-33.3185  ,33.4771,-32.8746  ,33.555 ,-32.5009   ,33.5934,-32.1241  ,33.5933,-31.6706  ,33.5933,-31.2927   ,33.5764,-30.8396  ,33.5467,-30.4622  ,33.5305,-30.0091  ,33.5782,-29.6343  ,33.9008,31.5516   ,-1.51543   ,602,134056,57.3751,10.2648,138.426,0
2762,33.8941,-29.257   ,33.9065,-29.7215   ,33.9201,-30.1832 ,33.9565,-30.5677  ,33.9924,-31.0298  ,34.001 ,-31.4153  ,33.9975,-31.878    ,33.9782,-32.2632  ,33.8986,-32.7218  ,33.7842,-33.0986    ,33.5937,-33.5286  ,33.4224,-33.8405  ,33.8941,-29.257   ,34.2357,-29.6659   ,34.2977,-30.1421  ,34.3594,-30.5389  ,34.399 ,-31.0171  ,34.4087,-31.4161   ,34.408 ,-31.8951   ,34.377 ,-32.2937  ,34.2744,-32.767    ,34.1389,-33.1547  ,33.8892,-33.5861  ,33.4224,-33.8405  ,33.3648,-33.3317  ,33.4792,-32.8925  ,33.5576,-32.5246   ,33.5936,-32.0789  ,33.5933,-31.7068  ,33.5933,-31.2602   ,33.5738,-30.8884  ,33.5388,-30.4425  ,33.5301,-30.0706  ,33.5738,-29.6272  ,33.9016,31.5463   ,-1.51774   ,602,134249,57.6165,10.2553,139.012,0
2763,33.9252,-29.2745  ,33.9092,-29.7381   ,33.9231,-30.2038 ,33.9616,-30.5924  ,33.9951,-31.0594  ,34.001 ,-31.449   ,33.995 ,-31.9165   ,33.9682,-32.3054  ,33.8827,-32.7684  ,33.7677,-33.1491    ,33.5738,-33.5805  ,33.4047,-33.9055  ,33.9252,-29.2745  ,34.2429,-29.7092   ,34.306 ,-30.1847  ,34.3632,-30.581   ,34.3998,-31.0584  ,34.4087,-31.4567   ,34.4023,-31.9347   ,34.3623,-32.332   ,34.2619,-32.8045   ,34.1222,-33.1909  ,33.8634,-33.6139  ,33.4047,-33.9055  ,33.3553,-33.4066  ,33.4648,-32.956   ,33.5464,-32.5794   ,33.5911,-32.1235  ,33.5933,-31.7425  ,33.5933,-31.2854   ,33.5794,-30.9047  ,33.5461,-30.4481  ,33.5241,-30.0676  ,33.577 ,-29.6173  ,33.8973,31.5635   ,-1.51336   ,606,134957,58.206 ,10.2374,141.841,0
2764,33.8308,-29.3073  ,33.8852,-29.7634   ,33.9098,-30.2228 ,33.9551,-30.6066  ,33.9922,-31.0681  ,34.001 ,-31.4532  ,33.9973,-31.9155   ,33.9689,-32.3     ,33.8811,-32.7576  ,33.7654,-33.1338    ,33.5817,-33.5638  ,33.4163,-33.8845  ,33.8308,-29.3073  ,34.2118,-29.6706   ,34.2919,-30.1459  ,34.3536,-30.5433  ,34.3994,-31.0217  ,34.4087,-31.4212   ,34.4076,-31.9009   ,34.3699,-32.2996  ,34.266 ,-32.7734   ,34.1301,-33.1616  ,33.8838,-33.5937  ,33.4163,-33.8845  ,33.3437,-33.3947  ,33.4517,-32.9563  ,33.5352,-32.5902   ,33.5857,-32.1468  ,33.5933,-31.7761  ,33.5933,-31.3311   ,33.5731,-30.9607  ,33.5382,-30.5164  ,33.5113,-30.1461  ,33.5455,-29.7073  ,33.8937,31.5714   ,-1.51652   ,602,134128,57.5514,10.161 ,136.77 ,0
2765,33.8059,-29.4576  ,33.8665,-29.9167   ,33.8952,-30.2976 ,33.9409,-30.755   ,33.9754,-31.1367  ,33.9975,-31.5187  ,33.9914,-31.9775   ,33.9582,-32.359   ,33.8832,-32.7374  ,33.7459,-33.1851    ,33.5917,-33.546   ,33.4092,-33.8593  ,33.8059,-29.4576  ,34.1855,-29.8285   ,34.2666,-30.2232  ,34.34  ,-30.6998  ,34.3865,-31.0977  ,34.4087,-31.4968   ,34.3955,-31.9759   ,34.352 ,-32.374   ,34.2615,-32.7682   ,34.0869,-33.2316  ,33.8792,-33.6007  ,33.4092,-33.8593  ,33.3733,-33.3512  ,33.4564,-32.9903  ,33.5401,-32.5558   ,33.5823,-32.1916  ,33.5933,-31.8263  ,33.5809,-31.3878   ,33.5524,-31.0228  ,33.5239,-30.6579  ,33.5118,-30.2194  ,33.5347,-29.8572  ,33.885 ,31.6405   ,-1.52065   ,575,128797,55.4813,10.2704,131.941,0
2766,33.7927,-29.5485  ,33.8627,-30.0083   ,33.9014,-30.428  ,33.9314,-30.8109  ,33.956 ,-31.2094  ,33.968 ,-31.6205  ,33.9618,-32.0251   ,33.9249,-32.4533  ,33.8424,-32.8676  ,33.7152,-33.2713    ,33.5678,-33.6621  ,33.4081,-34.0014  ,33.7927,-29.5485  ,34.1513,-29.9844   ,34.2607,-30.4003  ,34.3221,-30.7727  ,34.3646,-31.1681  ,34.3837,-31.5958   ,34.3755,-32.0298   ,34.3261,-32.4853  ,34.2175,-32.9042   ,34.0577,-33.2972  ,33.8515,-33.6784  ,33.4081,-34.0014  ,33.319 ,-33.5595  ,33.4032,-33.1586  ,33.4918,-32.7349   ,33.5385,-32.3066  ,33.5531,-31.8889  ,33.5506,-31.5076   ,33.5406,-31.1156  ,33.5311,-30.7194  ,33.5317,-30.3314  ,33.562 ,-29.9204  ,33.8682,31.7614   ,-1.5122    ,544,121308,55.8815,10.2745,127.355,0
2767,33.7426,-29.75    ,33.8605,-30.1576   ,33.9042,-30.5612 ,33.9329,-30.9369  ,33.959 ,-31.3905  ,33.969 ,-31.7817  ,33.9595,-32.159    ,33.9173,-32.5558  ,33.8282,-32.9452  ,33.6851,-33.3492    ,33.5124,-33.693   ,33.2824,-33.9849  ,33.7426,-29.75    ,34.1431,-30.049    ,34.2629,-30.4417  ,34.3232,-30.8161  ,34.3683,-31.2881  ,34.385 ,-31.719    ,34.3758,-32.1489   ,34.3243,-32.5924  ,34.2093,-32.9939   ,34.0223,-33.398   ,33.7789,-33.7536  ,33.2824,-33.9849  ,33.2935,-33.5505  ,33.3849,-33.2113  ,33.4736,-32.8047   ,33.5265,-32.4127  ,33.5498,-32.0472  ,33.5521,-31.7147   ,33.5435,-31.3626  ,33.5337,-30.9302  ,33.5351,-30.5594  ,33.5618,-30.1614  ,33.8628,31.8667   ,-1.49794   ,535,117592,54.2303,10.2153,124.184,0
2768,33.9224,-29.9073  ,33.9238,-30.2974   ,33.9272,-30.742  ,33.9421,-31.0804  ,33.9638,-31.4838  ,33.9743,-31.872   ,33.9607,-32.2445   ,33.9018,-32.6531  ,33.7967,-33.03    ,33.6603,-33.3842    ,33.5003,-33.7185  ,33.3038,-34.0206  ,33.9224,-29.9073  ,34.2184,-30.2405   ,34.3055,-30.6901  ,34.345 ,-31.0352  ,34.3768,-31.4662  ,34.3868,-31.9099   ,34.3668,-32.3384   ,34.2953,-32.7778  ,34.162 ,-33.1494   ,33.9832,-33.4857  ,33.7609,-33.7955  ,33.3038,-34.0206  ,33.2888,-33.5504  ,33.3794,-33.1836  ,33.4663,-32.8063   ,33.5309,-32.4155  ,33.5636,-32.0287  ,33.561 ,-31.7068   ,33.544 ,-31.3689  ,33.5321,-30.9897  ,33.545 ,-30.6606  ,33.6315,-30.2399  ,33.8676,31.9449   ,-1.48523   ,517,114028,52.1902,10.5571,121.012,0
2769,34.0246,-29.9896  ,33.9915,-30.3684   ,33.9605,-30.7526 ,33.9534,-31.1663  ,33.9598,-31.5363  ,33.9623,-31.915   ,33.9477,-32.2822   ,33.8996,-32.668   ,33.8189,-33.0046  ,33.6777,-33.3983    ,33.5059,-33.7205  ,33.3064,-34.0078  ,34.0246,-29.9896  ,34.2847,-30.3717   ,34.3278,-30.7784  ,34.3568,-31.2221  ,34.3757,-31.6288  ,34.3786,-32.0466   ,34.3553,-32.4428   ,34.286 ,-32.8359  ,34.1736,-33.1512   ,33.9848,-33.508   ,33.7396,-33.8035  ,33.3064,-34.0078  ,33.3185,-33.5622  ,33.4069,-33.2035  ,33.4907,-32.7665   ,33.5313,-32.3964  ,33.5481,-32.0031  ,33.5471,-31.6573   ,33.5414,-31.3186  ,33.5494,-30.9898  ,33.599 ,-30.6125  ,33.7097,-30.2637  ,33.8885,31.959    ,-1.47724   ,503,112624,51.1084,11.2731,121.012,0
2770,33.8733,-29.9662  ,33.9152,-30.3655   ,33.9371,-30.7684 ,33.9517,-31.1135  ,33.9683,-31.4994  ,33.9654,-31.9041  ,33.9466,-32.2477   ,33.8966,-32.6412  ,33.8172,-33.0025  ,33.6797,-33.3918    ,33.5158,-33.7206  ,33.3178,-34.0169  ,33.8733,-29.9662  ,34.2026,-30.2954   ,34.3064,-30.723   ,34.3537,-31.1148  ,34.3838,-31.578   ,34.3823,-32.0748   ,34.346 ,-32.4549   ,34.2722,-32.8473  ,34.1686,-33.1934   ,33.9848,-33.5554  ,33.7555,-33.846   ,33.3178,-34.0169  ,33.3261,-33.506   ,33.4157,-33.1309  ,33.4921,-32.7126   ,33.5392,-32.3262  ,33.5558,-31.9254  ,33.552 ,-31.62     ,33.5488,-31.2985  ,33.5437,-30.9762  ,33.5616,-30.6752  ,33.6187,-30.3127  ,33.8824,31.9668   ,-1.47391   ,506,112864,51.3879,11.6659,122.669,0
2771,33.9612,-29.871   ,33.9696,-30.3148   ,33.9731,-30.7152 ,33.9769,-31.0732  ,33.9781,-31.4313  ,33.9715,-31.8409  ,33.951 ,-32.2135   ,33.9011,-32.6012  ,33.8118,-32.9984  ,33.6857,-33.3688    ,33.5059,-33.7265  ,33.3056,-34.0018  ,33.9612,-29.871   ,34.2539,-30.3006   ,34.331 ,-30.725   ,34.368 ,-31.1028  ,34.387 ,-31.4807  ,34.3847,-31.9194   ,34.3526,-32.3203   ,34.2817,-32.7239  ,34.1704,-33.1142   ,34.0191,-33.4626  ,33.7744,-33.8029  ,33.3056,-34.0018  ,33.2876,-33.5646  ,33.3892,-33.1835  ,33.4791,-32.7872   ,33.5383,-32.3731  ,33.5588,-31.9879  ,33.5622,-31.6305   ,33.5696,-31.2401  ,33.5843,-30.8993  ,33.6137,-30.5654  ,33.6846,-30.2081  ,33.8846,31.9698   ,-1.4621    ,507,113925,52.4381,10.6919,120.77 ,0
2772,33.8353,-29.9785  ,33.9389,-30.3882   ,33.9657,-30.781  ,33.9712,-31.131   ,33.968 ,-31.5496  ,33.9566,-31.9143  ,33.9322,-32.2645   ,33.8755,-32.6852  ,33.7869,-33.039   ,33.663 ,-33.4       ,33.5072,-33.7571  ,33.3209,-34.0459  ,33.8353,-29.9785  ,34.2268,-30.309    ,34.335 ,-30.7076  ,34.3728,-31.0545  ,34.3872,-31.4693  ,34.3839,-31.8509   ,34.3599,-32.2292   ,34.2915,-32.6844  ,34.18  ,-33.0576   ,34.0252,-33.4324  ,33.8007,-33.8075  ,33.3209,-34.0459  ,33.2513,-33.6295  ,33.3309,-33.2879  ,33.4187,-32.9377   ,33.4773,-32.5882  ,33.5146,-32.1865  ,33.5346,-31.8571   ,33.5508,-31.5085  ,33.5694,-31.0902  ,33.5918,-30.7387  ,33.6384,-30.3641  ,33.8749,32.0007   ,-1.45376   ,518,115123,51.7015,10.4165,121.012,0
2773,33.8307,-29.976   ,33.9447,-30.3736   ,33.9735,-30.779  ,33.9791,-31.1442  ,33.9764,-31.5215  ,33.9642,-31.9056  ,33.931 ,-32.3281   ,33.8736,-32.6993  ,33.7791,-33.0615  ,33.6568,-33.4446    ,33.5332,-33.7921  ,33.3716,-34.1327  ,33.8307,-29.976   ,34.2231,-30.2665   ,34.3328,-30.6748  ,34.371 ,-31.0322  ,34.3855,-31.4003  ,34.3847,-31.7986   ,34.3564,-32.2598   ,34.2952,-32.6732  ,34.1862,-33.0657   ,34.0354,-33.4576  ,33.8533,-33.8142  ,33.3716,-34.1327  ,33.2462,-33.6844  ,33.3062,-33.3453  ,33.3979,-32.9714   ,33.4717,-32.6265  ,33.518 ,-32.2813  ,33.5497,-31.8859   ,33.5691,-31.5147  ,33.5869,-31.1333  ,33.6093,-30.7627  ,33.6521,-30.3754  ,33.8707,32.0648   ,-1.44548   ,527,117123,52.4632,10.2973,122.77 ,0
2774,33.9456,-30.0752  ,33.976 ,-30.5153   ,33.9815,-30.916  ,33.9806,-31.3461  ,33.9709,-31.7049  ,33.9441,-32.1133  ,33.8988,-32.4801   ,33.8093,-32.8981  ,33.7064,-33.278   ,33.5908,-33.6524    ,33.4417,-34.0186  ,33.2348,-34.349   ,33.9456,-30.0752  ,34.2798,-30.509    ,34.3565,-30.9341  ,34.3902,-31.3821  ,34.393 ,-31.7527  ,34.3671,-32.1757   ,34.3126,-32.5575   ,34.2013,-32.9885  ,34.0801,-33.3769   ,33.9442,-33.7508  ,33.7393,-34.1073  ,33.2348,-34.349   ,33.1852,-33.8416  ,33.2692,-33.4606  ,33.3591,-33.0853   ,33.4419,-32.7097  ,33.5029,-32.2872  ,33.5325,-31.9199   ,33.5544,-31.5152  ,33.5726,-31.1655  ,33.6055,-30.7581  ,33.6691,-30.4002  ,33.8413,32.2208   ,-1.43187   ,538,119832,54.1153,10.7055,125.355,0
2775,33.9427,-30.1673  ,33.9663,-30.57     ,33.9691,-31.0165 ,33.9667,-31.4276  ,33.9516,-31.8325  ,33.9182,-32.2168  ,33.8553,-32.6252   ,33.7712,-32.9886  ,33.6613,-33.3755  ,33.5436,-33.756     ,33.4249,-34.153   ,33.3087,-34.5066  ,33.9427,-30.1673  ,34.2725,-30.5326   ,34.3506,-30.9901  ,34.3794,-31.4128  ,34.3812,-31.831   ,34.3505,-32.2304   ,34.2793,-32.6574   ,34.1809,-33.034   ,34.0589,-33.4328   ,33.921 ,-33.8064  ,33.7297,-34.1742  ,33.3087,-34.5066  ,33.1499,-34.0318  ,33.1958,-33.609   ,33.2924,-33.2235   ,33.387 ,-32.843   ,33.4525,-32.4827  ,33.4997,-32.0789   ,33.5294,-31.7012  ,33.5559,-31.3051  ,33.5873,-30.9082  ,33.6589,-30.4938  ,33.799 ,32.373    ,-1.41316   ,557,122756,54.3084,10.5993,127.941,0
2776,33.955 ,-30.3245  ,33.9466,-30.7603   ,33.94  ,-31.1868 ,33.9295,-31.5763  ,33.9112,-31.9693  ,33.8741,-32.4104  ,33.8142,-32.7847   ,33.7211,-33.1517  ,33.5984,-33.5391  ,33.465 ,-33.9314    ,33.3303,-34.3333  ,33.2215,-34.6694  ,33.955 ,-30.3245  ,34.2624,-30.7317   ,34.3132,-31.1784  ,34.3248,-31.6032  ,34.3167,-32.0383  ,34.2813,-32.5241   ,34.2157,-32.9238   ,34.1107,-33.2943  ,33.9732,-33.6693   ,33.8099,-34.0231  ,33.6112,-34.3803  ,33.2215,-34.6694  ,33.0807,-34.1876  ,33.1543,-33.7397  ,33.2559,-33.3128   ,33.3601,-32.9095  ,33.4357,-32.5303  ,33.4822,-32.1577   ,33.5144,-31.7447  ,33.5396,-31.3917  ,33.5695,-31.0443  ,33.6331,-30.6631  ,33.7631,32.5085   ,-1.40325   ,546,122495,54.5105,10.7821,125.941,0
2777,33.9169,-30.514   ,33.9257,-30.9656   ,33.921 ,-31.3676 ,33.9103,-31.7373  ,33.8899,-32.1076  ,33.8458,-32.5112  ,33.7687,-32.9117   ,33.6736,-33.2662  ,33.556 ,-33.6554  ,33.4169,-34.037     ,33.2733,-34.3662  ,33.0585,-34.6809  ,33.9169,-30.514   ,34.2575,-30.9509   ,34.3059,-31.3772  ,34.3158,-31.7747  ,34.3029,-32.1752  ,34.2571,-32.6096   ,34.1697,-33.0331   ,34.0588,-33.3978  ,33.9201,-33.7882   ,33.7448,-34.1498  ,33.5513,-34.4606  ,33.0585,-34.6809  ,33.0389,-34.1811  ,33.127 ,-33.8284  ,33.2233,-33.427    ,33.3167,-33.036   ,33.3921,-32.683   ,33.4524,-32.2866   ,33.4871,-31.8948  ,33.5104,-31.5499  ,33.5386,-31.2155  ,33.5945,-30.8601  ,33.74  ,32.591    ,-1.39451   ,529,118034,53.1314,10.6336,123.598,0
2778,33.9237,-30.6261  ,33.9327,-31.0303   ,33.9286,-31.4092 ,33.9168,-31.7609  ,33.8891,-32.1856  ,33.8402,-32.5696  ,33.7681,-32.8971   ,33.6525,-33.2875  ,33.552 ,-33.6319  ,33.4349,-33.9718    ,33.2788,-34.3632  ,33.1244,-34.6557  ,33.9237,-30.6261  ,34.2456,-31.0042   ,34.299 ,-31.4039  ,34.3121,-31.7839  ,34.2967,-32.2463  ,34.2507,-32.666    ,34.1778,-33.0251   ,34.0483,-33.4291  ,33.9293,-33.766    ,33.782 ,-34.0792  ,33.5623,-34.443   ,33.1244,-34.6557  ,33.0352,-34.1883  ,33.1241,-33.7667  ,33.205 ,-33.4004   ,33.2851,-33.0479  ,33.3852,-32.6668  ,33.4491,-32.353    ,33.4935,-31.9871  ,33.5276,-31.5947  ,33.5608,-31.28    ,33.6202,-30.944   ,33.7343,32.658    ,-1.38263   ,510,113906,51.064 ,10.6681,119.012,0
2779,33.974 ,-30.7653  ,33.9569,-31.1393   ,33.9288,-31.5327 ,33.9044,-31.8847  ,33.8671,-32.3032  ,33.8176,-32.6416  ,33.7375,-32.9982   ,33.631 ,-33.3775  ,33.533 ,-33.705   ,33.3965,-34.0746    ,33.2495,-34.3912  ,33.0565,-34.6875  ,33.974 ,-30.7653  ,34.2399,-31.1427   ,34.3055,-31.5573  ,34.3137,-31.9067  ,34.2904,-32.3383  ,34.2408,-32.7039   ,34.1545,-33.096    ,34.029 ,-33.4913  ,33.9101,-33.8163   ,33.7323,-34.1676  ,33.5191,-34.4734  ,33.0565,-34.6875  ,33.0241,-34.2223  ,33.0989,-33.8889  ,33.1857,-33.5012   ,33.2596,-33.169   ,33.3458,-32.8032  ,33.4133,-32.4704   ,33.4572,-32.1507  ,33.5032,-31.7431  ,33.5604,-31.3937  ,33.6822,-31.0291  ,33.7215,32.7176   ,-1.3724    ,500,112346,50.0996,10.5479,118.669,0
2780,33.9776,-30.8174  ,33.9524,-31.2225   ,33.929 ,-31.5819 ,33.9072,-31.9582  ,33.8776,-32.3303  ,33.8284,-32.6808  ,33.7447,-33.0483   ,33.6257,-33.4262  ,33.5177,-33.7525  ,33.3791,-34.1375    ,33.2268,-34.4807  ,33.066 ,-34.7703  ,33.9776,-30.8174  ,34.2749,-31.258    ,34.3065,-31.6416  ,34.308 ,-32.0317  ,34.2905,-32.4122  ,34.244 ,-32.7775   ,34.1574,-33.1695   ,34.0226,-33.5557  ,33.892 ,-33.8631   ,33.7165,-34.2131  ,33.4916,-34.5339  ,33.066 ,-34.7703  ,33.0079,-34.3324  ,33.0802,-33.9634  ,33.175 ,-33.5482   ,33.2593,-33.2038  ,33.3591,-32.8277  ,33.4319,-32.4712   ,33.477 ,-32.1266  ,33.5137,-31.7587  ,33.5591,-31.3986  ,33.6381,-31.0754  ,33.7159,32.7773   ,-1.36249   ,511,112934,50.3396,10.6511,120.669,0
2781,34.0744,-30.7425  ,34.0011,-31.1313   ,33.9602,-31.5496 ,33.934 ,-31.9329  ,33.9034,-32.3144  ,33.8629,-32.666   ,33.7779,-33.075    ,33.663 ,-33.4076  ,33.5283,-33.7856  ,33.3867,-34.1457    ,33.2314,-34.4633  ,33.0324,-34.7883  ,34.0744,-30.7425  ,34.2954,-31.1708   ,34.3263,-31.6611  ,34.3228,-32.0974  ,34.2983,-32.5158  ,34.2534,-32.8796   ,34.1585,-33.2829   ,34.0361,-33.6063  ,33.8876,-33.9578   ,33.7087,-34.2759  ,33.4834,-34.5576  ,33.0324,-34.7883  ,33.034 ,-34.2652  ,33.1107,-33.9094  ,33.2034,-33.5153   ,33.3239,-33.117   ,33.4261,-32.7625  ,33.4908,-32.3187   ,33.5219,-31.9635  ,33.5561,-31.6135  ,33.605 ,-31.2893  ,33.7252,-30.9705  ,33.7449,32.7856   ,-1.35855   ,510,112276,51.8874,11.6859,119.841,0
2782,34.1142,-30.7674  ,34.0273,-31.1516   ,33.9717,-31.5599 ,33.9349,-31.9394  ,33.8971,-32.3211  ,33.8461,-32.75    ,33.7768,-33.1184   ,33.6696,-33.482   ,33.5438,-33.8203  ,33.3935,-34.1763    ,33.2263,-34.5528  ,33.072 ,-34.8753  ,34.1142,-30.7674  ,34.3669,-31.1949   ,34.3632,-31.6447  ,34.3354,-32.0574  ,34.294 ,-32.4592  ,34.2342,-32.8938   ,34.159 ,-33.2629   ,34.0459,-33.6219  ,33.9126,-33.9516   ,33.7343,-34.2902  ,33.4923,-34.6336  ,33.072 ,-34.8753  ,33.0075,-34.3659  ,33.0991,-33.9569  ,33.213 ,-33.5915   ,33.3268,-33.244   ,33.4204,-32.8598  ,33.477 ,-32.4706   ,33.5155,-32.0322  ,33.549 ,-31.6676  ,33.5958,-31.3286  ,33.7107,-30.9912  ,33.7443,32.8066   ,-1.36081   ,514,113437,52.421 ,10.8893,121.255,0
2783,34.0657,-30.7853  ,34.0099,-31.2249   ,33.9734,-31.5725 ,33.9363,-31.9443  ,33.884 ,-32.3805  ,33.8336,-32.7185  ,33.7494,-33.1459   ,33.6679,-33.484   ,33.5492,-33.8405  ,33.3846,-34.2355    ,33.2426,-34.6042  ,33.1416,-34.9221  ,34.0657,-30.7853  ,34.3567,-31.2424   ,34.3645,-31.6217  ,34.3411,-32.0348  ,34.2895,-32.5149  ,34.2358,-32.8731   ,34.1404,-33.2954   ,34.0479,-33.6145  ,33.922 ,-33.9561   ,33.7356,-34.321   ,33.53  ,-34.6518  ,33.1416,-34.9221  ,32.9924,-34.4525  ,33.0762,-34.0471  ,33.2144,-33.628    ,33.317 ,-33.2446  ,33.384 ,-32.8794  ,33.4526,-32.433    ,33.4969,-32.1046  ,33.5472,-31.7046  ,33.5965,-31.3778  ,33.6784,-31.0815  ,33.735 ,32.8417   ,-1.36195   ,522,115110,52.2892,11.0187,121.255,0
2784,33.9943,-30.8385  ,33.9702,-31.2177   ,33.9398,-31.6039 ,33.9069,-31.9983  ,33.8731,-32.3687  ,33.8267,-32.7197  ,33.7495,-33.1063   ,33.6526,-33.4642  ,33.5225,-33.8439  ,33.4035,-34.1765    ,33.2892,-34.5268  ,33.182 ,-34.8779  ,33.9943,-30.8385  ,34.2889,-31.1972   ,34.3207,-31.6257  ,34.3057,-32.0534  ,34.2797,-32.4305  ,34.2388,-32.7795   ,34.1609,-33.1759   ,34.0594,-33.5488  ,33.9194,-33.9329   ,33.7834,-34.249   ,33.6137,-34.57    ,33.182 ,-34.8779  ,32.9956,-34.3825  ,33.0575,-34.0071  ,33.1593,-33.6614   ,33.2758,-33.2808  ,33.3629,-32.9299  ,33.4324,-32.5447   ,33.4789,-32.187   ,33.5192,-31.8145  ,33.5691,-31.449   ,33.662 ,-31.1212  ,33.7089,32.8943   ,-1.35923   ,529,116923,50.8487,10.3009,122.184,0
2785,33.9606,-30.9153  ,33.9538,-31.3547   ,33.9372,-31.7126 ,33.9078,-32.0853  ,33.8591,-32.5248  ,33.8049,-32.8639  ,33.7078,-33.2789   ,33.5917,-33.647   ,33.4607,-33.9924  ,33.3229,-34.3373    ,33.198 ,-34.7076  ,33.0914,-35.0649  ,33.9606,-30.9153  ,34.2721,-31.3454   ,34.3096,-31.7429  ,34.3015,-32.158   ,34.2606,-32.6417  ,34.2066,-33.0084   ,34.102 ,-33.433    ,33.9749,-33.7913  ,33.8341,-34.1256   ,33.6832,-34.4457  ,33.5206,-34.7745  ,33.0914,-35.0649  ,32.9087,-34.5337  ,33.001 ,-34.1274  ,33.1264,-33.7622   ,33.2436,-33.4011  ,33.3437,-33.0134  ,33.4271,-32.5896   ,33.4761,-32.2648  ,33.5276,-31.8633  ,33.5732,-31.5348  ,33.6397,-31.231   ,33.6846,33.0003   ,-1.34531   ,536,119158,52.4223,10.8525,123.598,0
2786,33.9304,-31.0481  ,33.9296,-31.4897   ,33.9138,-31.8919 ,33.881 ,-32.2354  ,33.826 ,-32.6483  ,33.7563,-33.0363  ,33.6541,-33.4391   ,33.5295,-33.7972  ,33.3754,-34.1914  ,33.2379,-34.5548    ,33.0929,-34.9351  ,32.941 ,-35.2402  ,33.9304,-31.0481  ,34.2467,-31.4734   ,34.3003,-31.901   ,34.2869,-32.2627  ,34.2368,-32.7081  ,34.1653,-33.1259   ,34.0599,-33.5515   ,33.9254,-33.9155  ,33.753 ,-34.2993   ,33.598 ,-34.6472  ,33.4046,-35.0068  ,32.941 ,-35.2402  ,32.8241,-34.7582  ,32.9172,-34.354   ,33.0378,-33.9852   ,33.1705,-33.5788  ,33.2809,-33.2187  ,33.3726,-32.8223   ,33.4357,-32.453   ,33.4906,-32.0696  ,33.5364,-31.7473  ,33.6145,-31.3769  ,33.6298,33.1675   ,-1.33442   ,545,122040,53.4176,10.4102,125.841,0
2787,33.865 ,-31.1706  ,33.8873,-31.6094   ,33.8732,-32.0531 ,33.8426,-32.4357  ,33.7947,-32.792   ,33.7   ,-33.2224  ,33.5826,-33.5963   ,33.4405,-34.009   ,33.309 ,-34.3626  ,33.1733,-34.7242    ,33.0521,-35.1283  ,32.9493,-35.5036  ,33.865 ,-31.1706  ,34.1939,-31.5664   ,34.2428,-32.0614  ,34.233 ,-32.4991  ,34.1916,-32.9019  ,34.0973,-33.3696   ,33.9774,-33.7584   ,33.822 ,-34.1689  ,33.6785,-34.5173   ,33.5201,-34.8487  ,33.3344,-35.1911  ,32.9493,-35.5036  ,32.8016,-34.9476  ,32.8638,-34.4912  ,32.9786,-34.1082   ,33.095 ,-33.7463  ,33.2229,-33.3303  ,33.3331,-32.9612   ,33.4195,-32.5457  ,33.4675,-32.222   ,33.5115,-31.8909  ,33.5805,-31.5179  ,33.5795,33.3366   ,-1.32607   ,548,123294,54.84  ,10.6392,126.426,0
2788,33.9223,-31.3284  ,33.8982,-31.739    ,33.8686,-32.1737 ,33.8298,-32.5487  ,33.7634,-32.9641  ,33.658 ,-33.3842  ,33.5248,-33.75     ,33.3909,-34.1154  ,33.2601,-34.4868  ,33.1183,-34.8675    ,32.968 ,-35.2841  ,32.8372,-35.6165  ,33.9223,-31.3284  ,34.206 ,-31.7459   ,34.2373,-32.236   ,34.2179,-32.6608  ,34.1569,-33.116   ,34.0531,-33.5635   ,33.916 ,-33.9388   ,33.7701,-34.2967  ,33.6196,-34.6454   ,33.4496,-34.9836  ,33.2303,-35.3453  ,32.8372,-35.6165  ,32.7481,-35.104   ,32.8292,-34.6375  ,32.9396,-34.2237   ,33.0478,-33.8265  ,33.1729,-33.459   ,33.2971,-33.0934   ,33.3953,-32.6809  ,33.4598,-32.2894  ,33.5117,-31.9603  ,33.5979,-31.6019  ,33.5452,33.4747   ,-1.30664   ,546,120818,54.6648,10.918 ,127.255,0
2789,33.9603,-31.5088  ,33.9059,-31.928    ,33.863 ,-32.3451 ,33.8172,-32.7004  ,33.7421,-33.0908  ,33.6444,-33.4327  ,33.5152,-33.8017   ,33.3837,-34.1714  ,33.2424,-34.5494  ,33.0892,-34.9357    ,32.9632,-35.2851  ,32.8533,-35.6149  ,33.9603,-31.5088  ,34.212 ,-31.9427   ,34.235 ,-32.4217  ,34.2103,-32.8257  ,34.1429,-33.251   ,34.0458,-33.6062   ,33.9165,-33.9803   ,33.7761,-34.338   ,33.6092,-34.6911   ,33.4161,-35.0448  ,33.2273,-35.3527  ,32.8533,-35.6149  ,32.7388,-35.101   ,32.8064,-34.7131  ,32.919 ,-34.2996   ,33.0288,-33.8976  ,33.1511,-33.518   ,33.2785,-33.1511   ,33.3698,-32.8076  ,33.4447,-32.436   ,33.5061,-32.1242  ,33.6142,-31.7874  ,33.5375,33.5598   ,-1.2913    ,526,116419,52.4349,10.967 ,121.497,0
2790,33.9716,-31.6758  ,33.908 ,-32.0709   ,33.8552,-32.4494 ,33.7944,-32.8323  ,33.735 ,-33.1386  ,33.6311,-33.5279  ,33.5059,-33.8888   ,33.391 ,-34.1943  ,33.2605,-34.5404  ,33.1176,-34.8991    ,32.984 ,-35.2276  ,32.8404,-35.5653  ,33.9716,-31.6758  ,34.2155,-32.0908   ,34.228 ,-32.5191  ,34.1879,-32.9477  ,34.1351,-33.2815  ,34.0381,-33.6948   ,33.9089,-34.0626   ,33.7812,-34.3732  ,33.6328,-34.7042   ,33.4622,-35.0258  ,33.2688,-35.318   ,32.8404,-35.5653  ,32.7435,-35.028   ,32.8166,-34.6656  ,32.9261,-34.2786   ,33.0384,-33.9142  ,33.1405,-33.6125  ,33.2576,-33.256    ,33.3601,-32.876   ,33.4224,-32.5907  ,33.5007,-32.2508  ,33.618 ,-31.9333  ,33.5311,33.6366   ,-1.28317   ,507,113164,49.9336,10.9815,116.669,0
2791,34.0177,-31.7485  ,33.9125,-32.1287   ,33.8325,-32.4985 ,33.7754,-32.8213  ,33.7081,-33.1998  ,33.6287,-33.5437  ,33.5147,-33.8997   ,33.3922,-34.242   ,33.2592,-34.5942  ,33.1257,-34.9042    ,32.9948,-35.2254  ,32.8619,-35.5566  ,34.0177,-31.7485  ,34.2209,-32.1466   ,34.2077,-32.5453  ,34.17  ,-32.9012  ,34.1079,-33.3133  ,34.0331,-33.6822   ,33.9283,-34.0583   ,33.8016,-34.393   ,33.6497,-34.7228   ,33.4812,-35.0089  ,33.2893,-35.296   ,32.8619,-35.5566  ,32.7424,-35.0486  ,32.8155,-34.6939  ,32.9106,-34.3644   ,33.0175,-33.9917  ,33.136 ,-33.6434  ,33.2533,-33.2963   ,33.3316,-32.9638  ,33.4029,-32.6122  ,33.482 ,-32.3242  ,33.6333,-31.9978  ,33.5216,33.6757   ,-1.28737   ,499,111647,48.9793,10.9684,115.255,0
2792,34.1894,-31.9098  ,33.9769,-32.2101   ,33.8112,-32.5884 ,33.7263,-32.9542  ,33.673 ,-33.2727  ,33.6037,-33.6391  ,33.4951,-34.0116   ,33.3667,-34.348   ,33.2224,-34.6862  ,33.0837,-35.0073    ,32.9412,-35.3444  ,32.811 ,-35.6505  ,34.1894,-31.9098  ,34.2755,-32.3201   ,34.1762,-32.7097  ,34.1039,-33.0957  ,34.057 ,-33.4397  ,33.9907,-33.8207   ,33.8827,-34.1916   ,33.7527,-34.5176  ,33.6014,-34.8389   ,33.4228,-35.1271  ,33.201 ,-35.4206  ,32.811 ,-35.6505  ,32.7276,-35.1576  ,32.7921,-34.7764  ,32.887 ,-34.4329   ,33.0186,-34.0836  ,33.1421,-33.7319  ,33.2422,-33.3406   ,33.31  ,-32.9786  ,33.3719,-32.6867  ,33.4837,-32.3516  ,33.7362,-32.0052  ,33.5154,33.7133   ,-1.28096   ,496,111139,49.285 ,10.9058,117.497,0
2793,34.0974,-31.8656  ,33.9348,-32.2453   ,33.8276,-32.5841 ,33.7386,-32.9418  ,33.6594,-33.3114  ,33.5825,-33.6837  ,33.4934,-34.0334   ,33.3651,-34.396   ,33.2189,-34.7346  ,33.0388,-35.1045    ,32.8842,-35.3887  ,32.6925,-35.6982  ,34.0974,-31.8656  ,34.2847,-32.3263   ,34.2037,-32.6817  ,34.1221,-33.0681  ,34.0464,-33.4558  ,33.9694,-33.832    ,33.877 ,-34.1788   ,33.7436,-34.5365  ,33.5961,-34.8699   ,33.3804,-35.2189  ,33.1534,-35.4763  ,32.6925,-35.6982  ,32.6783,-35.1886  ,32.7547,-34.8785  ,32.8858,-34.5012   ,33.0253,-34.1562  ,33.1429,-33.7771  ,33.2224,-33.4131   ,33.2979,-33.0426  ,33.3835,-32.6947  ,33.483 ,-32.369   ,33.627 ,-32.0605  ,33.5043,33.7572   ,-1.27142   ,500,111930,50.3974,10.5037,118.326,0
2794,34.0984,-31.8641  ,33.9575,-32.2066   ,33.8296,-32.6047 ,33.7414,-32.9679  ,33.6576,-33.3332  ,33.5703,-33.6902  ,33.4746,-34.0317   ,33.3669,-34.3523  ,33.2292,-34.7072  ,33.0781,-35.0729    ,32.9173,-35.3982  ,32.7624,-35.6845  ,34.0984,-31.8641  ,34.2915,-32.2766   ,34.2013,-32.6945  ,34.1189,-33.0847  ,34.0392,-33.4687  ,33.9538,-33.8324   ,33.8599,-34.1786   ,33.7525,-34.5017  ,33.6063,-34.843    ,33.4372,-35.1788  ,33.2218,-35.4792  ,32.7624,-35.6845  ,32.669 ,-35.2104  ,32.7665,-34.859   ,32.8924,-34.4707   ,33.0185,-34.0985  ,33.123 ,-33.7742  ,33.2168,-33.4305   ,33.3043,-33.0769  ,33.3924,-32.7292  ,33.4895,-32.396   ,33.6655,-32.0327  ,33.4977,33.7818   ,-1.27194   ,503,112794,49.8259,10.3093,118.326,0
2795,34.1224,-31.9515  ,33.9304,-32.2994   ,33.8187,-32.6541 ,33.7284,-33.0188  ,33.641 ,-33.3809  ,33.5503,-33.7341  ,33.4533,-34.076    ,33.3207,-34.4452  ,33.1798,-34.8044  ,33.0604,-35.1229    ,32.9346,-35.5229  ,32.8664,-35.8274  ,34.1224,-31.9515  ,34.2678,-32.3921   ,34.1828,-32.7625  ,34.0985,-33.151   ,34.0214,-33.5364  ,33.9374,-33.8975   ,33.8428,-34.2366   ,33.7131,-34.6022  ,33.5587,-34.9316   ,33.4241,-35.2087  ,33.2434,-35.5523  ,32.8664,-35.8274  ,32.6587,-35.3788  ,32.7356,-34.9276  ,32.8412,-34.5739   ,32.968 ,-34.1854  ,33.098 ,-33.8044  ,33.1935,-33.4537   ,33.2902,-33.1064  ,33.3872,-32.7647  ,33.4865,-32.424   ,33.6398,-32.098   ,33.4751,33.8457   ,-1.274     ,513,115179,50.1452,10.6232,120.669,0
2796,33.9951,-31.9552  ,33.8935,-32.3769   ,33.7981,-32.7432 ,33.7047,-33.1106  ,33.6172,-33.4813  ,33.5082,-33.897   ,33.401 ,-34.2301   ,33.2623,-34.5964  ,33.13  ,-34.9716  ,33.0131,-35.3159    ,32.8287,-35.7213  ,32.6426,-35.995   ,33.9951,-31.9552  ,34.2242,-32.3965   ,34.1711,-32.8106  ,34.0844,-33.216   ,33.999 ,-33.612   ,33.8955,-34.0515   ,33.7897,-34.3957   ,33.6473,-34.7678  ,33.5013,-35.1284   ,33.3642,-35.4437  ,33.1138,-35.8162  ,32.6426,-35.995   ,32.6034,-35.5169  ,32.7041,-35.0697  ,32.796 ,-34.7052   ,32.9167,-34.3204  ,33.0505,-33.9571  ,33.1537,-33.6269   ,33.2644,-33.2277  ,33.3549,-32.8817  ,33.4572,-32.5541  ,33.5943,-32.2375  ,33.4352,33.9907   ,-1.2744    ,529,118781,52.527 ,10.5421,125.154,0
2797,33.8305,-32.0738  ,33.8086,-32.4756   ,33.7492,-32.8878 ,33.6664,-33.2898  ,33.573 ,-33.6682  ,33.4527,-34.0795  ,33.3139,-34.4609   ,33.1752,-34.8411  ,33.062 ,-35.1744  ,32.9181,-35.5648    ,32.7413,-35.9707  ,32.5771,-36.2712  ,33.8305,-32.0738  ,34.1298,-32.4673   ,34.1256,-32.9462  ,34.0528,-33.3983  ,33.9608,-33.8071  ,33.8421,-34.2369   ,33.7031,-34.6282   ,33.5523,-35.0039  ,33.4255,-35.3253   ,33.265 ,-35.6921  ,33.0267,-36.0579  ,32.5771,-36.2712  ,32.5093,-35.7703  ,32.6155,-35.3236  ,32.7364,-34.9124   ,32.8367,-34.5683  ,32.9658,-34.1866  ,33.0996,-33.8083   ,33.2178,-33.4068  ,33.3097,-33.0503  ,33.3967,-32.6922  ,33.5007,-32.3503  ,33.3736,34.156    ,-1.27047   ,549,122535,54.1178,10.5397,128.669,0
2798,33.8142,-32.1552  ,33.7644,-32.6019   ,33.7024,-33.0331 ,33.6162,-33.4421  ,33.5155,-33.8181  ,33.3837,-34.224   ,33.2417,-34.6141   ,33.1026,-35.0095  ,32.9644,-35.4036  ,32.8147,-35.8047    ,32.6385,-36.1555  ,32.4071,-36.4526  ,33.8142,-32.1552  ,34.0462,-32.6503   ,34.0509,-33.1754  ,33.9859,-33.6442  ,33.8836,-34.0342  ,33.7485,-34.4398   ,33.6116,-34.84     ,33.4636,-35.2264  ,33.3081,-35.5966   ,33.1335,-35.9563  ,32.9037,-36.2693  ,32.4071,-36.4526  ,32.4398,-35.9285  ,32.5437,-35.5357  ,32.6609,-35.0989   ,32.7801,-34.6782  ,32.9126,-34.2769  ,33.0581,-33.8949   ,33.1824,-33.4809  ,33.2777,-33.1082  ,33.3785,-32.7485  ,33.4986,-32.4133  ,33.3021,34.3324   ,-1.26707   ,557,124903,56.0473,11.0083,130.912,0
2799,33.8294,-32.4081  ,33.7433,-32.7964   ,33.6679,-33.1961 ,33.5751,-33.5703  ,33.4507,-33.9729  ,33.3182,-34.3603  ,33.1793,-34.7404   ,33.0645,-35.0732  ,32.9368,-35.472   ,32.7755,-35.8615    ,32.6096,-36.1901  ,32.3879,-36.4766  ,33.8294,-32.4081  ,34.0667,-32.8366   ,34.0479,-33.2919  ,33.9628,-33.7093  ,33.8378,-34.1392  ,33.7098,-34.5491   ,33.5641,-34.9328   ,33.4359,-35.2555  ,33.2855,-35.6301   ,33.0884,-35.9993  ,32.8692,-36.3102  ,32.3879,-36.4766  ,32.4088,-35.9651  ,32.5137,-35.6121  ,32.6269,-35.2013   ,32.7299,-34.7778  ,32.8341,-34.4389  ,32.9659,-34.0628   ,33.0996,-33.6931  ,33.2214,-33.312   ,33.3145,-32.9682  ,33.4449,-32.6286  ,33.2687,34.4167   ,-1.25599   ,536,120303,53.3541,10.9003,125.74 ,0
2800,33.8213,-32.5819  ,33.725 ,-32.96     ,33.6329,-33.3814 ,33.5443,-33.7309  ,33.443 ,-34.0575  ,33.3087,-34.4315  ,33.1685,-34.7972   ,33.0418,-35.1652  ,32.918 ,-35.5308  ,32.77  ,-35.8917    ,32.5982,-36.1968  ,32.3605,-36.464   ,33.8213,-32.5819  ,34.0598,-33.0143   ,34.0083,-33.4843  ,33.9219,-33.8795  ,33.8216,-34.2352  ,33.6983,-34.6274   ,33.5575,-34.9933   ,33.4129,-35.352   ,33.2615,-35.6955   ,33.0838,-36.0383  ,32.8529,-36.3284  ,32.3605,-36.464   ,32.4069,-35.9684  ,32.5047,-35.6411  ,32.6112,-35.2632   ,32.7046,-34.8717  ,32.8185,-34.4977  ,32.9604,-34.1301   ,33.0996,-33.7723  ,33.198 ,-33.4697  ,33.2842,-33.1569  ,33.4174,-32.7936  ,33.2491,34.5163   ,-1.24862   ,516,116096,51.3738,10.9132,121.74 ,0
2801,33.7453,-32.6307  ,33.6751,-33.0519   ,33.6098,-33.4474 ,33.5376,-33.7586  ,33.4124,-34.1452  ,33.2778,-34.5106  ,33.1401,-34.8721   ,33.0303,-35.1993  ,32.895 ,-35.5968  ,32.7582,-35.9247    ,32.5712,-36.3102  ,32.4078,-36.5877  ,33.7453,-32.6307  ,33.9862,-33.0842   ,33.9772,-33.5536  ,33.9193,-33.9064  ,33.7953,-34.3114  ,33.665 ,-34.686    ,33.5318,-35.0554   ,33.4117,-35.3688  ,33.247 ,-35.7414   ,33.0771,-36.0479  ,32.8271,-36.4079  ,32.4078,-36.5877  ,32.371 ,-36.1051  ,32.4882,-35.692   ,32.5853,-35.3408   ,32.6842,-34.917   ,32.7878,-34.5851  ,32.9299,-34.2319   ,33.0669,-33.8726  ,33.1879,-33.4918  ,33.2668,-33.2096  ,33.3837,-32.8943  ,33.2185,34.607    ,-1.24523   ,509,114635,51.5298,10.794 ,120.326,0
2802,33.7634,-32.6921  ,33.6857,-33.0879   ,33.6124,-33.4844 ,33.5203,-33.8647  ,33.4113,-34.2084  ,33.2727,-34.5864  ,33.1314,-34.9604   ,33.0148,-35.2873  ,32.8669,-35.6765  ,32.7144,-36.0189    ,32.5487,-36.3673  ,32.3798,-36.6915  ,33.7634,-32.6921  ,34.0198,-33.1407   ,33.9883,-33.5789  ,33.9004,-33.9895  ,33.7984,-34.3581  ,33.6701,-34.7571   ,33.5297,-35.1365   ,33.3968,-35.4426  ,33.2258,-35.8111   ,33.0262,-36.1304  ,32.7933,-36.4527  ,32.3798,-36.6915  ,32.3594,-36.1674  ,32.4558,-35.7916  ,32.5549,-35.4299   ,32.671 ,-35.0216  ,32.7732,-34.6773  ,32.9153,-34.3086   ,33.0626,-33.9483  ,33.1738,-33.6187  ,33.2632,-33.2561  ,33.3737,-32.9122  ,33.2122,34.6539   ,-1.24051   ,513,114149,52.1353,10.8539,122.569,0
2803,33.8078,-32.7397  ,33.6872,-33.1453   ,33.5895,-33.5029 ,33.5027,-33.8733  ,33.4087,-34.2263  ,33.2821,-34.6071  ,33.162 ,-34.9169   ,33.0195,-35.2728  ,32.8825,-35.6444  ,32.7411,-35.9848    ,32.567 ,-36.33    ,32.3829,-36.6176  ,33.8078,-32.7397  ,34.0393,-33.2131   ,33.9679,-33.5886  ,33.8792,-33.979   ,33.7917,-34.3603  ,33.6701,-34.7609   ,33.5526,-35.0819   ,33.3994,-35.4326  ,33.2511,-35.7894   ,33.072 ,-36.1031  ,32.8262,-36.4326  ,32.3829,-36.6176  ,32.3679,-36.1158  ,32.4627,-35.7509  ,32.5541,-35.3896   ,32.6792,-35.0101  ,32.8126,-34.6501  ,32.9321,-34.3474   ,33.0594,-33.9787  ,33.1555,-33.6455  ,33.2413,-33.2942  ,33.3708,-32.9666  ,33.2121,34.6701   ,-1.24039   ,505,112581,50.9053,10.5079,119.74 ,0
2804,33.8372,-32.7641  ,33.6998,-33.1255   ,33.5947,-33.4907 ,33.5015,-33.8649  ,33.4094,-34.2338  ,33.2907,-34.6421  ,33.1668,-34.9594   ,33.0223,-35.325   ,32.8718,-35.681   ,32.693 ,-36.0706    ,32.5394,-36.3673  ,32.3467,-36.6793  ,33.8372,-32.7641  ,34.0399,-33.2002   ,33.9698,-33.5798  ,33.8803,-33.9751  ,33.7956,-34.3687  ,33.6822,-34.791    ,33.5543,-35.105    ,33.4011,-35.4625  ,33.2464,-35.8104   ,33.0355,-36.1775  ,32.8151,-36.4554  ,32.3467,-36.6793  ,32.3265,-36.163   ,32.4083,-35.8458  ,32.541 ,-35.4485   ,32.6848,-35.0838  ,32.822 ,-34.7102  ,32.9358,-34.3809   ,33.0548,-33.9779  ,33.1536,-33.6308  ,33.2511,-33.2758  ,33.3998,-32.9394  ,33.2026,34.7105   ,-1.23676   ,513,113782,51.6111,10.444 ,121.983,0
2805,33.8387,-32.7636  ,33.6999,-33.1354   ,33.5754,-33.5629 ,33.478 ,-33.9346  ,33.3796,-34.3003  ,33.2817,-34.6638  ,33.1501,-35.0601   ,32.9997,-35.426   ,32.8382,-35.7727  ,32.6846,-36.0952    ,32.4953,-36.4456  ,32.3085,-36.7795  ,33.8387,-32.7636  ,34.0374,-33.1983   ,33.9453,-33.6387  ,33.8572,-34.0386  ,33.7722,-34.4305  ,33.6857,-34.8128   ,33.5478,-35.1997   ,33.3776,-35.5359  ,33.2138,-35.8722   ,33.043 ,-36.1796  ,32.7827,-36.5108  ,32.3085,-36.7795  ,32.2734,-36.2628  ,32.3828,-35.8984  ,32.5089,-35.5725   ,32.667 ,-35.2153  ,32.7926,-34.8114  ,32.9111,-34.3954   ,33.0198,-34.0485  ,33.131 ,-33.7075  ,33.2375,-33.3613  ,33.4026,-32.9595  ,33.1886,34.7495   ,-1.23353   ,522,115881,52.9295,10.7923,123.983,0
2806,33.8336,-32.7625  ,33.6919,-33.128    ,33.5702,-33.5616 ,33.472 ,-33.9386  ,33.3723,-34.3106  ,33.2732,-34.6814  ,33.1626,-35.0329   ,33.0192,-35.4192  ,32.867 ,-35.7889  ,32.7083,-36.1092    ,32.5091,-36.4488  ,32.3123,-36.7706  ,33.8336,-32.7625  ,34.0246,-33.1762   ,33.9381,-33.6251  ,33.8491,-34.0329  ,33.7611,-34.432   ,33.6669,-34.8122   ,33.5598,-35.1699   ,33.4107,-35.5498  ,33.2433,-35.896    ,33.072 ,-36.2111  ,32.8126,-36.5484  ,32.3123,-36.7706  ,32.2733,-36.2345  ,32.405 ,-35.8979  ,32.5364,-35.5778   ,32.6706,-35.1813  ,32.8033,-34.7807  ,32.9136,-34.4287   ,33.017 ,-34.066   ,33.1271,-33.7187  ,33.2345,-33.3712  ,33.3986,-32.9661  ,33.1787,34.7935   ,-1.24297   ,528,118063,52.8626,10.4347,124.569,0
2807,33.8288,-32.8505  ,33.6656,-33.2346   ,33.5614,-33.6154 ,33.464 ,-33.9927  ,33.3661,-34.3611  ,33.2441,-34.7773  ,33.1226,-35.1082   ,32.9815,-35.4912  ,32.8436,-35.8754  ,32.695 ,-36.2041    ,32.4484,-36.581   ,32.228 ,-36.8295  ,33.8288,-32.8505  ,34.018 ,-33.3023   ,33.9346,-33.705   ,33.8415,-34.1107  ,33.7479,-34.495   ,33.6338,-34.9253   ,33.5151,-35.2621   ,33.3655,-35.6358  ,33.2217,-36.0086   ,33.0573,-36.3284  ,32.7369,-36.6998  ,32.228 ,-36.8295  ,32.2368,-36.3592  ,32.3902,-35.9697  ,32.5068,-35.6331   ,32.6372,-35.2371  ,32.7715,-34.8455  ,32.8923,-34.5149   ,33.0172,-34.1055  ,33.1187,-33.7501  ,33.2205,-33.3975  ,33.3545,-33.0477  ,33.1644,34.8485   ,-1.24544   ,541,120354,53.1103,10.4525,126.811,0
2808,33.7716,-32.8148  ,33.6572,-33.2446   ,33.5522,-33.6457 ,33.4467,-34.051   ,33.3415,-34.448   ,33.2242,-34.8241  ,33.0761,-35.2449   ,32.9197,-35.6506  ,32.7816,-35.9977  ,32.5849,-36.4037    ,32.3622,-36.7532  ,32.1079,-37.0281  ,33.7716,-32.8148  ,34.0042,-33.282    ,33.9163,-33.7201  ,33.8213,-34.1692  ,33.7234,-34.5919  ,33.608 ,-34.9802   ,33.4531,-35.4      ,33.2953,-35.8124  ,33.1499,-36.1547   ,32.9186,-36.5523  ,32.6218,-36.8948  ,32.1079,-37.0281  ,32.1833,-36.4997  ,32.3138,-36.1379  ,32.4612,-35.7243   ,32.5887,-35.3735  ,32.742 ,-34.9706  ,32.8828,-34.5475   ,32.9959,-34.1739  ,33.1061,-33.7975  ,33.2243,-33.4366  ,33.3444,-33.0794  ,33.1242,34.9479   ,-1.23742   ,558,124776,56.1581,10.3562,132.225,0
2809,33.7928,-32.8152  ,33.6495,-33.2613   ,33.5437,-33.6614 ,33.4437,-34.063   ,33.3201,-34.5107  ,33.1796,-34.9289  ,33.0315,-35.3345   ,32.8977,-35.6864  ,32.7196,-36.0949  ,32.5397,-36.5001    ,32.3269,-36.8498  ,32.0578,-37.1623  ,33.7928,-32.8152  ,33.9751,-33.318    ,33.9085,-33.766   ,33.8174,-34.2004  ,33.698 ,-34.6614  ,33.5613,-35.0825   ,33.4204,-35.4942   ,33.2792,-35.8378  ,33.08  ,-36.2549   ,32.8712,-36.6525  ,32.6038,-36.9832  ,32.0578,-37.1623  ,32.1305,-36.6009  ,32.2635,-36.2314  ,32.411 ,-35.8192   ,32.5636,-35.4176  ,32.6855,-35.0587  ,32.8401,-34.659    ,32.9792,-34.2356  ,33.1033,-33.7928  ,33.2133,-33.4227  ,33.3605,-33.0743  ,33.0848,35.0359   ,-1.23133   ,579,129206,57.9198,10.4769,135.397,0
2810,33.6873,-32.9576  ,33.5936,-33.4229   ,33.4929,-33.8045 ,33.3727,-34.2686  ,33.2631,-34.6543  ,33.1395,-35.0381  ,33.002 ,-35.4196   ,32.8543,-35.7993  ,32.6629,-36.2522  ,32.4852,-36.6242    ,32.2787,-36.974   ,32.0414,-37.271   ,33.6873,-32.9576  ,33.9261,-33.4334   ,33.8639,-33.8353  ,33.7716,-34.3163  ,33.6686,-34.7143  ,33.5492,-35.1101   ,33.4112,-35.503    ,33.2545,-35.8927  ,33.046 ,-36.3564   ,32.8234,-36.7318  ,32.5532,-37.0742  ,32.0414,-37.271   ,32.1006,-36.7424  ,32.2185,-36.3693  ,32.3484,-35.998    ,32.5132,-35.554   ,32.649 ,-35.1837  ,32.7791,-34.8125   ,32.9002,-34.4399  ,33.015 ,-34.0662  ,33.1589,-33.6188  ,33.2978,-33.2643  ,33.0466,35.1333   ,-1.22703   ,591,132250,57.1284,10.1347,140.468,0
2811,33.6367,-32.9826  ,33.5758,-33.4501   ,33.4792,-33.8313 ,33.3826,-34.2159  ,33.2536,-34.676   ,33.1236,-35.056   ,32.9839,-35.4345   ,32.829 ,-35.8102  ,32.6353,-36.2593  ,32.454 ,-36.6291    ,32.2495,-36.9745  ,32.0229,-37.2643  ,33.6367,-32.9826  ,33.9142,-33.4347   ,33.8635,-33.8371  ,33.7895,-34.2383  ,33.668 ,-34.7163  ,33.5425,-35.1111   ,33.3986,-35.5031   ,33.2295,-35.8905  ,33.0102,-36.352    ,32.7935,-36.7287  ,32.5345,-37.0743  ,32.0229,-37.2643  ,32.0542,-36.7469  ,32.1883,-36.3817  ,32.3285,-36.0176   ,32.4906,-35.5796  ,32.6245,-35.2144  ,32.7594,-34.8494   ,32.8809,-34.4822  ,33.0167,-34.0399  ,33.1305,-33.6715  ,33.2677,-33.3172  ,33.0296,35.1422   ,-1.22051   ,589,131935,56.6955,10.132 ,139.882,0
2812,33.6367,-32.9891  ,33.5731,-33.4585   ,33.476 ,-33.8432 ,33.3782,-34.2309  ,33.269 ,-34.6174  ,33.1156,-35.0777  ,32.9687,-35.4583   ,32.8114,-35.8369  ,32.6458,-36.2137  ,32.4653,-36.5871    ,32.2669,-36.9426  ,32.0671,-37.2458  ,33.6367,-32.9891  ,33.9143,-33.4388   ,33.8626,-33.8418  ,33.7883,-34.2435  ,33.6909,-34.6429  ,33.54  ,-35.1174   ,33.396 ,-35.51     ,33.2261,-35.8978  ,33.0422,-36.2827   ,32.8288,-36.6608  ,32.5807,-37.0167  ,32.0671,-37.2458  ,32.0366,-36.7347  ,32.1762,-36.3644  ,32.3186,-35.9946   ,32.4607,-35.6247  ,32.603 ,-35.2549  ,32.7454,-34.8851   ,32.8945,-34.4377  ,33.0095,-34.0634  ,33.1245,-33.6892  ,33.2628,-33.3279  ,33.0252,35.1442   ,-1.21729   ,590,132069,56.0839,10.2165,137.64 ,0
2813,33.6873,-32.964   ,33.5906,-33.4316   ,33.4855,-33.8171 ,33.3645,-34.2857  ,33.2541,-34.6753  ,33.1219,-35.0616  ,32.9737,-35.4452   ,32.8152,-35.8269  ,32.6133,-36.2824  ,32.4289,-36.6582    ,32.2294,-37.0167  ,32.0167,-37.3339  ,33.6873,-32.964   ,33.9259,-33.4382   ,33.8627,-33.8412  ,33.77  ,-34.3234  ,33.6662,-34.7224  ,33.5398,-35.118    ,33.3956,-35.511    ,33.2255,-35.8992  ,33.0003,-36.3606   ,32.7814,-36.7378  ,32.5221,-37.088   ,32.0167,-37.3339  ,32.0213,-36.8065  ,32.1515,-36.4285  ,32.2962,-36.0529   ,32.4694,-35.6021  ,32.6139,-35.2265  ,32.7589,-34.8509   ,32.884 ,-34.4721  ,33.0007,-34.0919  ,33.15  ,-33.6372  ,33.2929,-33.2757  ,33.0186,35.16     ,-1.21422   ,600,133930,57.7504,10.2021,141.882,0
2814,33.6873,-32.9576  ,33.591 ,-33.4299   ,33.4858,-33.8158 ,33.3647,-34.2851  ,33.2542,-34.6751  ,33.0932,-35.1389  ,32.9422,-35.5226   ,32.7822,-35.9045  ,32.6151,-36.2848  ,32.3937,-36.7363    ,32.1864,-37.0935  ,31.9601,-37.4154  ,33.6873,-32.9576  ,33.926 ,-33.4363   ,33.863 ,-33.8399  ,33.7701,-34.323   ,33.6661,-34.7227  ,33.5137,-35.1984   ,33.3615,-35.5907   ,33.1886,-35.9791  ,33.0039,-36.3651   ,32.7387,-36.8181  ,32.4681,-37.1661  ,31.9601,-37.4154  ,31.9956,-36.883   ,32.1219,-36.5041  ,32.2961,-36.0532   ,32.4406,-35.6772  ,32.5851,-35.3013  ,32.7298,-34.9254   ,32.8843,-34.4712  ,33.001 ,-34.0908  ,33.1506,-33.6358  ,33.2936,-33.2741  ,33.0094,35.1823   ,-1.2128    ,608,135182,59.0545,10.1804,143.882,0
2815,33.6873,-32.9576  ,33.5883,-33.4289   ,33.4843,-33.8153 ,33.3646,-34.2854  ,33.251 ,-34.6754  ,33.1183,-35.0626  ,32.9698,-35.4471   ,32.7814,-35.9065  ,32.614 ,-36.2873  ,32.432 ,-36.6645    ,32.233 ,-37.028   ,32.0167,-37.3528  ,33.6873,-32.9576  ,33.926 ,-33.4365   ,33.8629,-33.8402  ,33.77  ,-34.3235  ,33.6659,-34.7233  ,33.5391,-35.1199   ,33.3946,-35.5137   ,33.1881,-35.9801  ,33.0033,-36.3662   ,32.7839,-36.7442  ,32.5261,-37.1033  ,32.0167,-37.3528  ,32.0257,-36.8134  ,32.1554,-36.4343  ,32.2947,-36.0568   ,32.4394,-35.6802  ,32.6074,-35.2273  ,32.7525,-34.8507   ,32.8781,-34.4709  ,33.0011,-34.0908  ,33.1449,-33.6339  ,33.2882,-33.2717  ,33.0168,35.164    ,-1.21629   ,606,135395,58.0313,10.2738,141.054,0
2816,33.6873,-32.9576  ,33.5853,-33.4293   ,33.4812,-33.8156 ,33.3824,-34.2072  ,33.2658,-34.5966  ,33.1132,-35.0622  ,32.9694,-35.4475   ,32.8104,-35.83    ,32.6426,-36.2108  ,32.4611,-36.5879    ,32.2562,-36.9488  ,32.0293,-37.2712  ,33.6873,-32.9576  ,33.9196,-33.4381   ,33.8561,-33.8424  ,33.7817,-34.246   ,33.6894,-34.6478  ,33.5374,-35.1244   ,33.3927,-35.5188   ,33.2213,-35.9082  ,33.0362,-36.2948   ,32.8264,-36.6757  ,32.5545,-37.0304  ,32.0293,-37.2712  ,32.0447,-36.7292  ,32.1741,-36.3507  ,32.3139,-35.9739   ,32.4644,-35.5991  ,32.609 ,-35.2231  ,32.7419,-34.8452   ,32.8915,-34.3901  ,33.0194,-34.0113  ,33.1455,-33.6323  ,33.2886,-33.2708  ,33.0253,35.1335   ,-1.21748   ,600,135240,57.0783,10.3394,138.225,0
2817,33.694 ,-32.9387  ,33.5832,-33.4103   ,33.4833,-33.7956 ,33.3827,-34.1836  ,33.2675,-34.5699  ,33.1438,-34.955   ,32.9689,-35.4128   ,32.8129,-35.7924  ,32.6501,-36.1706  ,32.4764,-36.5451    ,32.2648,-36.8926  ,32.0354,-37.1897  ,33.694 ,-32.9387  ,33.9202,-33.4275   ,33.8583,-33.8308  ,33.7782,-34.2328  ,33.6814,-34.6328  ,33.5613,-35.03     ,33.3806,-35.5006   ,33.2167,-35.8904  ,33.0386,-36.2774   ,32.8312,-36.658   ,32.5568,-36.9954  ,32.0354,-37.1897  ,32.0632,-36.6574  ,32.1942,-36.285   ,32.3309,-35.9135   ,32.4733,-35.543   ,32.616 ,-35.1725  ,32.7806,-34.7268   ,32.906 ,-34.3534  ,33.0231,-33.9787  ,33.1496,-33.6055  ,33.2852,-33.2433  ,33.0311,35.0974   ,-1.21881   ,594,134630,56.4181,10.2711,138.225,0
2818,33.6876,-32.8949  ,33.5911,-33.372    ,33.4881,-33.7606 ,33.3898,-34.1507  ,33.2804,-34.5395  ,33.159 ,-34.9269  ,32.9909,-35.3882   ,32.8349,-35.7698  ,32.6718,-36.1499  ,32.5199,-36.5313    ,32.3964,-36.9152  ,32.2876,-37.2719  ,33.6876,-32.8949  ,33.9326,-33.3507   ,33.8767,-33.7508  ,33.8037,-34.1497  ,33.7187,-34.5474  ,33.6054,-34.9418   ,33.4343,-35.4095   ,33.2731,-35.7959  ,33.0964,-36.1793   ,32.8999,-36.5582  ,32.7024,-36.937   ,32.2876,-37.2719  ,32.1334,-36.7396  ,32.1972,-36.3513  ,32.3157,-35.9692   ,32.461 ,-35.5914  ,32.6057,-35.2135  ,32.7694,-34.7583   ,32.8905,-34.3766  ,33.0177,-33.9958  ,33.1459,-33.6152  ,33.2888,-33.2428  ,33.06  ,35.0727   ,-1.24121   ,598,133770,56.49  ,10.4967,137.983,0
2819,33.7   ,-32.8951  ,33.6045,-33.3616   ,33.5015,-33.7487 ,33.4021,-34.1412  ,33.2859,-34.5317  ,33.1651,-34.9218  ,33.0276,-35.3092   ,32.8791,-35.6947  ,32.7279,-36.0796  ,32.6035,-36.4682    ,32.5171,-36.8531  ,32.4706,-37.2154  ,33.7   ,-32.8951  ,33.9448,-33.3526   ,33.89  ,-33.7493  ,33.8174,-34.1447  ,33.7209,-34.5377  ,33.609 ,-34.9286   ,33.4764,-35.3165   ,33.3224,-35.7006  ,33.1591,-36.083    ,32.9905,-36.4644  ,32.8239,-36.8394  ,32.4706,-37.2154  ,32.2327,-36.7136  ,32.2578,-36.3154  ,32.3558,-35.922    ,32.4954,-35.5346  ,32.6325,-35.1467  ,32.7706,-34.7591   ,32.8994,-34.3699  ,33.0287,-33.9807  ,33.1608,-33.5921  ,33.3023,-33.2205  ,33.0967,35.03     ,-1.25864   ,585,131958,55.2421,10.557 ,136.569,0
2820,33.7779,-32.8095  ,33.6398,-33.2174   ,33.5254,-33.6869 ,33.422 ,-34.0838  ,33.3143,-34.4667  ,33.1767,-34.8893  ,33.0281,-35.296    ,32.8673,-35.6858  ,32.6972,-36.0664  ,32.5893,-36.4524    ,32.5412,-36.8976  ,32.5084,-37.269   ,33.7779,-32.8095  ,33.9727,-33.2653   ,33.8904,-33.7696  ,33.8025,-34.1973  ,33.7115,-34.6026  ,33.5814,-35.025    ,33.435 ,-35.4216   ,33.2782,-35.8048  ,33.1018,-36.1597   ,32.9664,-36.4854  ,32.8565,-36.8849  ,32.5084,-37.269   ,32.236 ,-36.7649  ,32.2391,-36.2779  ,32.339 ,-35.8601   ,32.5042,-35.4579  ,32.6661,-35.0571  ,32.8122,-34.6346   ,32.9543,-34.2062  ,33.0767,-33.8397  ,33.1941,-33.4698  ,33.3404,-33.0419  ,33.0967,35.0195   ,-1.2612    ,584,131876,57.1666,10.5784,133.154,0
2821,33.7   ,-32.8887  ,33.6082,-33.3496   ,33.5079,-33.7319 ,33.4039,-34.1186  ,33.2935,-34.5046  ,33.1716,-34.8892  ,33.0358,-35.2715   ,32.8891,-35.6521  ,32.7506,-36.0338  ,32.6444,-36.4196    ,32.6245,-36.81    ,32.666 ,-37.1593  ,33.7   ,-32.8887  ,33.9461,-33.3269   ,33.8987,-33.7119  ,33.8227,-34.0947  ,33.7347,-34.4763  ,33.6318,-34.8561   ,33.5027,-35.232    ,33.3549,-35.6047  ,33.2024,-35.9765   ,33.0537,-36.3491  ,32.9573,-36.7292  ,32.666 ,-37.1593  ,32.2906,-36.7355  ,32.2712,-36.3353  ,32.3571,-35.939    ,32.484 ,-35.5475  ,32.6224,-35.158   ,32.7652,-34.7692   ,32.8961,-34.3784  ,33.0266,-33.9875  ,33.1649,-33.598   ,33.3069,-33.2241  ,33.1071,35.036    ,-1.27359   ,587,132536,54.3942,10.834 ,134.569,0
2822,33.6937,-32.8885  ,33.6183,-33.2945   ,33.5025,-33.7611 ,33.3987,-34.1518  ,33.2859,-34.5414  ,33.1575,-34.9289  ,33.019 ,-35.3148   ,32.8764,-35.6999  ,32.7541,-36.0878  ,32.6866,-36.4812    ,32.7245,-36.8719  ,32.8168,-37.2151  ,33.6937,-32.8885  ,33.9435,-33.2511   ,33.9069,-33.7177  ,33.8333,-34.1046  ,33.738 ,-34.4893  ,33.6266,-34.8718   ,33.4955,-35.2514   ,33.3499,-35.6285  ,33.1986,-36.0046   ,33.0795,-36.3861  ,33.0342,-36.7747  ,32.8168,-37.2151  ,32.3862,-36.8167  ,32.3064,-36.4182  ,32.3499,-36.0148   ,32.4571,-35.6168  ,32.602 ,-35.2245  ,32.7409,-34.8312   ,32.8754,-34.4372  ,33.0099,-34.0432  ,33.1392,-33.6483  ,33.324 ,-33.1906  ,33.1237,35.0477   ,-1.29488   ,595,132980,55.0539,10.9626,135.74 ,0
2823,33.706 ,-32.8947  ,33.621 ,-33.3499   ,33.5177,-33.7289 ,33.4139,-34.1144  ,33.3009,-34.499   ,33.1828,-34.8829  ,33.0516,-35.2648   ,32.9226,-35.6472  ,32.8168,-36.0324  ,32.7668,-36.4224    ,32.8105,-36.8108  ,32.8983,-37.1528  ,33.706 ,-32.8947  ,33.9633,-33.3211   ,33.9193,-33.7036  ,33.8378,-34.0832  ,33.7505,-34.4621  ,33.6492,-34.8393   ,33.5225,-35.2129   ,33.3855,-35.5848  ,33.2484,-35.9567   ,33.1519,-36.3344  ,33.1209,-36.7173  ,32.8983,-37.1528  ,32.4723,-36.75    ,32.3881,-36.3537  ,32.4207,-35.9531   ,32.5123,-35.5567  ,32.633 ,-35.164   ,32.7664,-34.7733   ,32.8947,-34.3818  ,33.0257,-33.9907  ,33.1639,-33.6008  ,33.313 ,-33.2311  ,33.1602,35.0188   ,-1.31322   ,586,132158,54.0201,10.9252,133.983,0
2824,33.712 ,-32.8947  ,33.6268,-33.3429   ,33.5296,-33.7191 ,33.4289,-34.1022  ,33.3162,-34.4838  ,33.1951,-34.8642  ,33.0636,-35.2431   ,32.9409,-35.6233  ,32.8427,-36.0065  ,32.8071,-36.4716    ,32.8718,-36.8547  ,32.9736,-37.1904  ,33.712 ,-32.8947  ,33.9687,-33.3119   ,33.9349,-33.6888  ,33.8537,-34.0628  ,33.7669,-34.436   ,33.6592,-34.8067   ,33.5366,-35.1753   ,33.4134,-35.5437  ,33.2875,-35.9117   ,33.1856,-36.3595  ,33.1734,-36.7377  ,32.9736,-37.1904  ,32.535 ,-36.8211  ,32.424 ,-36.4283  ,32.4277,-35.9472   ,32.5202,-35.5513  ,32.6409,-35.1589  ,32.7797,-34.7695   ,32.9126,-34.3791  ,33.0392,-33.9877  ,33.1656,-33.5963  ,33.3148,-33.2274  ,33.1738,35.0369   ,-1.32498   ,593,132532,54.5028,10.9866,135.397,0
2825,33.6873,-32.9576  ,33.6084,-33.4134   ,33.5103,-33.7928 ,33.4047,-34.1752  ,33.2851,-34.556   ,33.1642,-34.9366  ,33.0405,-35.3169   ,32.9241,-35.698   ,32.838 ,-36.0827  ,32.8196,-36.5487    ,32.8992,-36.9304  ,32.9986,-37.2719  ,33.6873,-32.9576  ,33.9489,-33.3847   ,33.9183,-33.7621  ,33.8427,-34.1367  ,33.7445,-34.5087  ,33.6369,-34.8795   ,33.5166,-35.2484   ,33.3922,-35.6167  ,33.277 ,-35.9862   ,33.1921,-36.4359  ,33.1923,-36.8139  ,32.9986,-37.2719  ,32.57  ,-36.8965  ,32.441 ,-36.506   ,32.4273,-36.0248   ,32.503 ,-35.6271  ,32.6121,-35.2329  ,32.7432,-34.842    ,32.8714,-34.4505  ,33.0105,-34.0609  ,33.1495,-33.6712  ,33.2966,-33.2954  ,33.1638,35.0957   ,-1.33661   ,594,132365,54.6667,11.0943,134.326,0
2826,33.6567,-33.1515  ,33.5477,-33.6217   ,33.4535,-34.0029 ,33.3468,-34.383   ,33.2307,-34.762   ,33.1051,-35.1398  ,32.9845,-35.5183   ,32.877 ,-35.8981  ,32.8301,-36.3608  ,32.8653,-36.7454    ,32.9665,-37.1201  ,33.1054,-37.4663  ,33.6567,-33.1515  ,33.8953,-33.5999   ,33.8553,-33.9711  ,33.7848,-34.3403  ,33.7003,-34.7081  ,33.5899,-35.0726   ,33.462 ,-35.4343   ,33.3297,-35.7953  ,33.2233,-36.236    ,33.1856,-36.6076  ,33.2137,-36.9797  ,33.1054,-37.4663  ,32.6698,-37.1143  ,32.5131,-36.7304  ,32.4421,-36.331    ,32.4552,-35.8477  ,32.5497,-35.4501  ,32.6728,-35.0563   ,32.811 ,-34.6648  ,32.9512,-34.2736  ,33.0908,-33.8823  ,33.2321,-33.4919  ,33.1436,35.2475   ,-1.36455   ,584,130021,54.8543,11.2491,134.083,0
2827,33.6722,-33.2679  ,33.5468,-33.6904   ,33.4557,-34.0912 ,33.3526,-34.4841  ,33.236 ,-34.8531  ,33.0939,-35.2539  ,32.954 ,-35.6655   ,32.8815,-36.0276  ,32.8632,-36.4366  ,32.9013,-36.8445    ,33.0027,-37.2835  ,33.1079,-37.616   ,33.6722,-33.2679  ,33.8969,-33.6961   ,33.8565,-34.1122  ,33.7734,-34.5229  ,33.6757,-34.8978  ,33.5491,-35.2828   ,33.4113,-35.6481   ,33.3067,-35.9252  ,33.2438,-36.2681   ,33.229 ,-36.6827  ,33.2342,-37.1753  ,33.1079,-37.616   ,32.7373,-37.2729  ,32.5537,-36.8737  ,32.4805,-36.466    ,32.4738,-36.0012  ,32.5282,-35.573   ,32.6758,-35.1272   ,32.8304,-34.7051  ,32.9629,-34.3356  ,33.0816,-33.955   ,33.2231,-33.5742  ,33.1434,35.3338   ,-1.36829   ,552,121933,55.1335,10.8797,128.083,0
2828,33.599 ,-33.4286  ,33.4847,-33.8468   ,33.4228,-34.2057 ,33.3314,-34.6102  ,33.236 ,-34.9407  ,33.0977,-35.3336  ,32.9827,-35.6944   ,32.9142,-36.1095  ,32.9121,-36.461   ,32.9423,-36.8811    ,32.9876,-37.2748  ,33.0399,-37.6158  ,33.599 ,-33.4286  ,33.8152,-33.8607   ,33.8049,-34.2182  ,33.7476,-34.6265  ,33.6758,-34.953   ,33.5621,-35.3139   ,33.4463,-35.6008   ,33.3536,-35.9457  ,33.3124,-36.2872   ,33.2771,-36.7451  ,33.2307,-37.2003  ,33.0399,-37.6158  ,32.7308,-37.2416  ,32.5963,-36.8992  ,32.5078,-36.5147   ,32.4835,-36.1617  ,32.5449,-35.6934  ,32.6646,-35.2669   ,32.8248,-34.837   ,32.9403,-34.4954  ,33.0604,-34.0897  ,33.1705,-33.7351  ,33.1394,35.4559   ,-1.39126   ,524,116466,52.6497,11.1138,122.426,0
2829,33.6083,-33.5541  ,33.459 ,-33.9149   ,33.3629,-34.323  ,33.2791,-34.6864  ,33.1898,-35.0415  ,33.0761,-35.429   ,32.9772,-35.7705   ,32.9171,-36.1422  ,32.9276,-36.5393  ,32.9717,-36.8879    ,33.0347,-37.2764  ,33.1104,-37.6319  ,33.6083,-33.5541  ,33.8109,-33.9326   ,33.7663,-34.3201  ,33.6971,-34.6729  ,33.6258,-35.0218  ,33.5364,-35.3961   ,33.4356,-35.6797   ,33.3543,-35.9922  ,33.3197,-36.389    ,33.3143,-36.7735  ,33.3069,-37.208   ,33.1104,-37.6319  ,32.7433,-37.239   ,32.6126,-36.8868  ,32.525 ,-36.5735   ,32.4892,-36.1828  ,32.5439,-35.7602  ,32.6458,-35.3666   ,32.7805,-34.9616  ,32.8853,-34.5964  ,32.9826,-34.2214  ,33.1341,-33.8026  ,33.1294,35.5023   ,-1.41067   ,512,114373,51.461 ,10.9811,120.426,0
2830,33.679 ,-33.611   ,33.4607,-33.9267   ,33.3297,-34.307  ,33.2473,-34.6703  ,33.175 ,-35.0494  ,33.0942,-35.414   ,33.009 ,-35.7712   ,32.9542,-36.1711  ,32.9463,-36.5434  ,32.9759,-36.9077    ,33.0623,-37.2891  ,33.1905,-37.5939  ,33.679 ,-33.611   ,33.793 ,-34.006    ,33.7152,-34.3716  ,33.6444,-34.7221  ,33.5826,-35.0884  ,33.5157,-35.4365   ,33.4352,-35.7503   ,33.3632,-36.073   ,33.3303,-36.3951   ,33.3218,-36.7552  ,33.3198,-37.1743  ,33.1905,-37.5939  ,32.7734,-37.3024  ,32.6147,-36.9424  ,32.5596,-36.5667   ,32.5549,-36.1485  ,32.6054,-35.6869  ,32.6973,-35.2899   ,32.7882,-34.9023  ,32.8718,-34.5115  ,32.9708,-34.1425  ,33.1711,-33.7626  ,33.1287,35.507    ,-1.42599   ,506,114102,50.9642,10.2064,119.598,0
2831,33.6653,-33.6034  ,33.4441,-33.9093   ,33.3214,-34.3089 ,33.2404,-34.6873  ,33.1781,-35.0248  ,33.1059,-35.4243  ,33.0444,-35.7706   ,32.9828,-36.1796  ,32.9582,-36.5306  ,32.9791,-36.9262    ,33.0426,-37.2937  ,33.1353,-37.6279  ,33.6653,-33.6034  ,33.7894,-34.0026   ,33.7044,-34.3766  ,33.633 ,-34.7426  ,33.58  ,-35.0697  ,33.5198,-35.4496   ,33.465 ,-35.7653   ,33.3971,-36.1239  ,33.3529,-36.4493   ,33.3248,-36.8437  ,33.3149,-37.2281  ,33.1353,-37.6279  ,32.7482,-37.2594  ,32.6215,-36.8983  ,32.5662,-36.4956   ,32.5832,-36.118   ,32.6441,-35.6601  ,32.7125,-35.2841   ,32.7966,-34.8665  ,32.8693,-34.5212  ,32.9636,-34.136   ,33.1405,-33.7291  ,33.1416,35.507    ,-1.43943   ,511,114674,51.1676,10.1499,120.77 ,0
2832,33.6726,-33.6124  ,33.4441,-33.9318   ,33.3217,-34.2988 ,33.2434,-34.6513  ,33.1743,-35.0214  ,33.1104,-35.4077  ,33.0602,-35.8268   ,33.0371,-36.1496  ,33.0237,-36.5473  ,33.0255,-36.9311    ,33.0476,-37.3286  ,33.0926,-37.6543  ,33.6726,-33.6124  ,33.7831,-34.0321   ,33.7014,-34.3894  ,33.6323,-34.7345  ,33.5732,-35.0951  ,33.5204,-35.4631   ,33.474 ,-35.8424   ,33.4445,-36.1247  ,33.4123,-36.4787   ,33.3789,-36.8448  ,33.3273,-37.2627  ,33.0926,-37.6543  ,32.759 ,-37.2908  ,32.6693,-36.8933  ,32.6375,-36.484    ,32.6371,-36.043   ,32.6585,-35.6865  ,32.7174,-35.2389   ,32.7949,-34.8405  ,32.8754,-34.4648  ,32.9672,-34.1111  ,33.1447,-33.7496  ,33.1545,35.5208   ,-1.45235   ,516,115409,51.1335,10.2248,119.941,0
2833,33.6025,-33.5063  ,33.435 ,-33.8803   ,33.3236,-34.2667 ,33.2376,-34.6242  ,33.1515,-35.0342  ,33.0925,-35.4172  ,33.054 ,-35.8039   ,33.0315,-36.2334  ,33.023 ,-36.5987  ,33.0255,-37.0151    ,33.04  ,-37.3786  ,33.0542,-37.7472  ,33.6025,-33.5063  ,33.7765,-33.9185   ,33.7083,-34.2929  ,33.6348,-34.6503  ,33.5628,-35.0847  ,33.5078,-35.479    ,33.4673,-35.8337   ,33.4337,-36.2101  ,33.408 ,-36.5366   ,33.375 ,-36.9358  ,33.3311,-37.3222  ,33.0542,-37.7472  ,32.743 ,-37.3241  ,32.6732,-36.9612  ,32.64  ,-36.5159   ,32.6348,-36.1105  ,32.6514,-35.6377  ,32.6924,-35.2375   ,32.7597,-34.8816  ,32.864 ,-34.4947  ,32.9648,-34.1405  ,33.1242,-33.7522  ,33.1437,35.5584   ,-1.45758   ,529,117838,53.0093,10.4298,124.184,0
2834,33.5991,-33.5952  ,33.4125,-33.9327   ,33.2951,-34.3339 ,33.2083,-34.7156  ,33.1358,-35.0948  ,33.0712,-35.4963  ,33.0262,-35.8741   ,33.0012,-36.259   ,32.9927,-36.6547  ,33.0021,-37.0604    ,33.0233,-37.4419  ,33.0709,-37.7799  ,33.5991,-33.5952  ,33.7582,-33.9723   ,33.6911,-34.3409  ,33.6177,-34.695   ,33.5543,-35.0663  ,33.5002,-35.4487   ,33.4602,-35.7994   ,33.4272,-36.1749  ,33.3966,-36.5777   ,33.3621,-36.9973  ,33.3074,-37.3983  ,33.0709,-37.7799  ,32.7318,-37.3831  ,32.6377,-37.0087  ,32.5887,-36.6167   ,32.5802,-36.232   ,32.6029,-35.8394  ,32.6577,-35.4393   ,32.734 ,-35.0282  ,32.8192,-34.6403  ,32.923 ,-34.2342  ,33.0966,-33.8102  ,33.1288,35.6159   ,-1.4632    ,534,120622,52.5986,10.5261,125.841,0
2835,33.5515,-33.5336  ,33.3911,-33.9358   ,33.2977,-34.3228 ,33.2092,-34.7336  ,33.1363,-35.1094  ,33.0605,-35.5491  ,33.0134,-35.9425   ,32.99  ,-36.3361  ,32.9959,-36.7377  ,33.0356,-37.1473    ,33.1041,-37.5288  ,33.2367,-37.911   ,33.5515,-33.5336  ,33.7266,-33.9522   ,33.6828,-34.316   ,33.6129,-34.7015  ,33.5549,-35.053   ,33.4929,-35.4577   ,33.4461,-35.8213   ,33.4143,-36.2092  ,33.4009,-36.6286   ,33.4019,-37.0632  ,33.4027,-37.4719  ,33.2367,-37.911   ,32.7814,-37.4831  ,32.6552,-37.1159  ,32.584 ,-36.73     ,32.5701,-36.35    ,32.5912,-35.9516  ,32.6449,-35.5286   ,32.7382,-35.0577  ,32.8267,-34.66    ,32.9356,-34.2307  ,33.08  ,-33.8264  ,33.1306,35.6622   ,-1.47487   ,541,123164,54.996 ,10.6063,127.841,0
2836,33.4852,-33.5913  ,33.3757,-33.9944   ,33.2824,-34.3775 ,33.2   ,-34.7633  ,33.1169,-35.2276  ,33.0576,-35.6155  ,33.0251,-36.0049   ,32.9962,-36.3944  ,32.9868,-36.7842  ,33.0302,-37.172     ,33.1263,-37.5541  ,33.2478,-37.9106  ,33.4852,-33.5913  ,33.6983,-33.9801   ,33.6632,-34.356   ,33.6008,-34.7306  ,33.5389,-35.1811  ,33.4806,-35.556    ,33.4481,-35.9325   ,33.3978,-36.308   ,33.3659,-36.6845   ,33.3621,-37.0612  ,33.394 ,-37.4377  ,33.2478,-37.9106  ,32.8101,-37.5194  ,32.6726,-37.1281  ,32.6072,-36.728    ,32.6012,-36.3248  ,32.6147,-35.9218  ,32.6535,-35.5195   ,32.7259,-35.1196  ,32.8317,-34.6415  ,32.9411,-34.2457  ,33.0912,-33.8626  ,33.1327,35.7177   ,-1.4868    ,556,125832,54.022 ,10.2225,129.598,0
2837,33.4427,-33.6099  ,33.3543,-34.0614   ,33.2663,-34.439  ,33.1858,-34.8213  ,33.1195,-35.2048  ,33.054 ,-35.6663  ,33.0219,-36.0522   ,33.0016,-36.4383  ,32.9993,-36.8245  ,33.0504,-37.2859    ,33.1605,-37.6601  ,33.2874,-37.9994  ,33.4427,-33.6099  ,33.6891,-34.0336   ,33.6497,-34.407   ,33.5866,-34.7786  ,33.5418,-35.1515  ,33.4766,-35.5983   ,33.4468,-35.9721   ,33.4007,-36.3449  ,33.3778,-36.7188   ,33.3788,-37.1676  ,33.4229,-37.5405  ,33.2874,-37.9994  ,32.8466,-37.6336  ,32.6931,-37.2514  ,32.6209,-36.7758   ,32.6085,-36.3771  ,32.6132,-35.9783  ,32.6472,-35.5802   ,32.7239,-35.1046  ,32.8144,-34.7107  ,32.9184,-34.3187  ,33.0537,-33.9439  ,33.1346,35.7741   ,-1.49772   ,567,128255,54.854 ,10.2242,133.012,0
2838,33.4427,-33.6099  ,33.3545,-34.0613   ,33.2695,-34.4392 ,33.189 ,-34.8214  ,33.1211,-35.2046  ,33.054 ,-35.6659  ,33.0282,-36.0519   ,33.0163,-36.4381  ,33.0281,-36.8244  ,33.0779,-37.2857    ,33.164 ,-37.6645  ,33.2553,-38.0058  ,33.4427,-33.6099  ,33.6891,-34.0347   ,33.6494,-34.4087  ,33.5862,-34.781   ,33.5414,-35.1545  ,33.4763,-35.6021   ,33.4472,-35.9766   ,33.4188,-36.3509  ,33.4174,-36.7259   ,33.4178,-37.1759  ,33.4496,-37.5501  ,33.2553,-38.0058  ,32.8489,-37.6285  ,32.7099,-37.2426  ,32.6329,-36.7684   ,32.6149,-36.3707  ,32.6145,-35.9727  ,32.6479,-35.5754   ,32.731 ,-35.1016  ,32.8213,-34.7086  ,32.925 ,-34.3174  ,33.0543,-33.9427  ,33.1419,35.7901   ,-1.50276   ,572,129307,54.705 ,10.2124,132.184,0
2839,33.4427,-33.6099  ,33.3545,-34.0616   ,33.2636,-34.4389 ,33.1827,-34.8212  ,33.1046,-35.2817  ,33.0509,-35.6663  ,33.0182,-36.0521   ,32.9973,-36.5155  ,33.0148,-36.9018  ,33.0632,-37.2866    ,33.1662,-37.7415  ,33.2553,-38.0809  ,33.4427,-33.6099  ,33.6891,-34.0354   ,33.6492,-34.4098  ,33.5797,-34.782   ,33.5232,-35.2306  ,33.4764,-35.6045   ,33.4394,-35.979    ,33.3874,-36.4279  ,33.3856,-36.8033   ,33.4053,-37.1784  ,33.4495,-37.6279  ,33.2553,-38.0809  ,32.8537,-37.7058  ,32.6973,-37.2413  ,32.6323,-36.8461   ,32.6087,-36.4485  ,32.6081,-35.971   ,32.6417,-35.5739   ,32.7095,-35.1789  ,32.8152,-34.7072  ,32.9192,-34.3162  ,33.0543,-33.9426  ,33.135 ,35.8166   ,-1.50346   ,577,130662,55.6687,10.2433,134.184,0
2840,33.5065,-33.6974  ,33.3444,-34.1531   ,33.2526,-34.5316 ,33.1762,-34.9129  ,33.097 ,-35.3716  ,33.0472,-35.7552  ,33.0192,-36.1398   ,33.0154,-36.602   ,33.0362,-36.9868  ,33.0862,-37.3698    ,33.1806,-37.8245  ,33.2675,-38.1688  ,33.5065,-33.6974  ,33.675 ,-34.173    ,33.629 ,-34.5417  ,33.5727,-34.9098  ,33.5171,-35.3522  ,33.4672,-35.7207   ,33.4351,-36.0902   ,33.4111,-36.5337  ,33.4112,-36.904    ,33.4251,-37.2739  ,33.4559,-37.7176  ,33.2675,-38.1688  ,32.8763,-37.781   ,32.7201,-37.3131  ,32.6487,-36.9159   ,32.6145,-36.5163  ,32.6148,-36.0358  ,32.6391,-35.6359   ,32.7003,-35.2378  ,32.8089,-34.7634  ,32.9087,-34.3693  ,33.0582,-33.9876  ,33.1392,35.8838   ,-1.51289   ,580,131757,55.8785,10.2088,134.184,0
2841,33.3921,-33.7916  ,33.3238,-34.2607   ,33.245 ,-34.6438 ,33.1713,-35.03    ,33.1183,-35.4179  ,33.0563,-35.8838  ,33.0295,-36.2733   ,33.0346,-36.6629  ,33.0617,-37.0521  ,33.1348,-37.5162    ,33.2234,-37.8968  ,33.3118,-38.2504  ,33.3921,-33.7916  ,33.6614,-34.2099   ,33.6339,-34.5902  ,33.5824,-34.9695  ,33.5463,-35.3496  ,33.4796,-35.8044   ,33.45  ,-36.1849   ,33.4302,-36.5655  ,33.4307,-36.9466   ,33.4598,-37.4033  ,33.4897,-37.7838  ,33.3118,-38.2504  ,32.9164,-37.8614  ,32.7824,-37.4747  ,32.675 ,-37.0021   ,32.6328,-36.6044  ,32.6148,-36.2058  ,32.645 ,-35.8074   ,32.711 ,-35.331   ,32.7876,-34.9358  ,32.8845,-34.5428  ,33.0097,-34.1612  ,33.1517,35.9788   ,-1.52722   ,577,128639,55.3941,10.2467,133.598,0
2842,33.3612,-34.0236  ,33.2989,-34.4194   ,33.218 ,-34.8797 ,33.1561,-35.2668  ,33.1109,-35.6551  ,33.0662,-36.0434  ,33.0451,-36.4327   ,33.063 ,-36.8217  ,33.1169,-37.2092  ,33.1832,-37.5953    ,33.2596,-37.9779  ,33.356 ,-38.3448  ,33.3612,-34.0236  ,33.6207,-34.3719   ,33.6167,-34.8267  ,33.5636,-35.2052  ,33.5338,-35.5849  ,33.4929,-35.9641   ,33.4631,-36.3438   ,33.4482,-36.7239  ,33.4746,-37.1037   ,33.504 ,-37.4835  ,33.5118,-37.8637  ,33.356 ,-38.3448  ,32.9707,-37.9402  ,32.829 ,-37.5536  ,32.7353,-37.16     ,32.6634,-36.7642  ,32.633 ,-36.3658  ,32.6517,-35.9671   ,32.706 ,-35.5699  ,32.7669,-35.1731  ,32.8491,-34.7783  ,32.9993,-34.3192  ,33.161 ,36.1195   ,-1.54912   ,554,123250,53.6564,10.317 ,128.527,0
2843,33.3252,-34.1301  ,33.2326,-34.5335   ,33.1834,-34.9298 ,33.1433,-35.3047  ,33.1064,-35.6977  ,33.0794,-36.1     ,33.071 ,-36.4996   ,33.0867,-36.8856  ,33.1293,-37.3065  ,33.1863,-37.7058    ,33.2421,-38.088   ,33.3027,-38.4534  ,33.3252,-34.1301  ,33.5547,-34.464    ,33.5753,-34.8499  ,33.5618,-35.2176  ,33.5379,-35.5979  ,33.5129,-35.9824   ,33.4921,-36.3616   ,33.482 ,-36.7358  ,33.4827,-37.1698   ,33.4828,-37.6165  ,33.4642,-38.0468  ,33.3027,-38.4534  ,33.0063,-38.0367  ,32.8752,-37.6972  ,32.7632,-37.3403   ,32.6841,-36.9271  ,32.6494,-36.5248  ,32.6518,-36.1025   ,32.6845,-35.6835  ,32.7361,-35.2821  ,32.8032,-34.9062  ,32.9249,-34.5122  ,33.1509,36.2082   ,-1.56667   ,526,118427,53.4767,10.664 ,123.113,0
2844,33.3692,-34.1188  ,33.2357,-34.4953   ,33.1732,-34.9319 ,33.1326,-35.3188  ,33.0983,-35.7353  ,33.0756,-36.0974  ,33.064 ,-36.5081   ,33.0785,-36.899   ,33.1244,-37.3204  ,33.1872,-37.7155    ,33.2444,-38.0977  ,33.303 ,-38.4656  ,33.3692,-34.1188  ,33.5582,-34.4833   ,33.5599,-34.8965  ,33.5405,-35.2655  ,33.5186,-35.6586  ,33.5004,-35.999    ,33.4838,-36.3866   ,33.4779,-36.7632  ,33.4832,-37.1977   ,33.4866,-37.6447  ,33.4699,-38.0748  ,33.303 ,-38.4656  ,33.0053,-38.0276  ,32.8722,-37.6891  ,32.7514,-37.341    ,32.6717,-36.9255  ,32.6445,-36.5144  ,32.6573,-36.0761   ,32.6868,-35.6909  ,32.7356,-35.2572  ,32.799 ,-34.8631  ,32.9304,-34.4218  ,33.1439,36.225    ,1.56873    ,522,116714,53.9723,10.4114,123.113,0
2845,33.4093,-34.1826  ,33.248 ,-34.5793   ,33.1766,-34.9413 ,33.1276,-35.359   ,33.0984,-35.7456  ,33.0813,-36.0691  ,33.0705,-36.4946   ,33.0834,-36.8785  ,33.1189,-37.2432  ,33.1733,-37.6506    ,33.2194,-37.9953  ,33.2675,-38.3746  ,33.4093,-34.1826  ,33.5947,-34.616    ,33.5771,-34.9613  ,33.5453,-35.3525  ,33.5186,-35.7044  ,33.4982,-35.9927   ,33.4772,-36.3674   ,33.4747,-36.7104  ,33.4831,-37.0682   ,33.4833,-37.5243  ,33.46  ,-37.9261  ,33.2675,-38.3746  ,32.9664,-37.9685  ,32.8494,-37.6761  ,32.7424,-37.3152   ,32.6854,-36.9402  ,32.6643,-36.5059  ,32.6703,-36.0177   ,32.6865,-35.6565  ,32.7217,-35.2405  ,32.7935,-34.8104  ,32.9257,-34.4502  ,33.1486,36.2141   ,1.56645    ,520,115886,52.1365,10.2223,122.77 ,0
2846,33.3022,-34.0797  ,33.2105,-34.4854   ,33.1783,-34.8498 ,33.1567,-35.2797  ,33.1459,-35.6371  ,33.1379,-36.0764  ,33.1343,-36.4579   ,33.1337,-36.831   ,33.1374,-37.2403  ,33.1467,-37.6102    ,33.1632,-37.9813  ,33.193 ,-38.3694  ,33.3022,-34.0797  ,33.532 ,-34.4588   ,33.5671,-34.8159  ,33.5785,-35.2321  ,33.5785,-35.5733  ,33.5718,-35.9911   ,33.5605,-36.3579   ,33.5439,-36.7253  ,33.5165,-37.1459   ,33.4784,-37.5462  ,33.4157,-37.9564  ,33.193 ,-38.3694  ,32.9062,-37.9197  ,32.8117,-37.5737  ,32.7567,-37.2224   ,32.7233,-36.8146  ,32.7089,-36.4313  ,32.7058,-36.0346   ,32.7163,-35.5786  ,32.7394,-35.2132  ,32.7962,-34.7851  ,32.899 ,-34.4316  ,33.152 ,36.1966   ,1.56798    ,524,115475,52.8198,10.6336,120.042,0
2847,33.3272,-34.0837  ,33.2128,-34.491    ,33.1814,-34.8941 ,33.1636,-35.2625  ,33.152 ,-35.6733  ,33.1462,-36.0456  ,33.1434,-36.485    ,33.1445,-36.8518  ,33.1507,-37.2509  ,33.1641,-37.6564    ,33.1823,-38.0463  ,33.2053,-38.4032  ,33.3272,-34.0837  ,33.5459,-34.4879   ,33.5761,-34.8833  ,33.5838,-35.2398  ,33.5845,-35.6282  ,33.5807,-35.9767   ,33.5708,-36.3919   ,33.5572,-36.7485  ,33.5344,-37.1569   ,33.4965,-37.6007  ,33.43  ,-38.041   ,33.2053,-38.4032  ,32.9309,-37.9716  ,32.8277,-37.617   ,32.7645,-37.2355   ,32.731 ,-36.8354  ,32.7163,-36.4533  ,32.7133,-35.9892   ,32.722 ,-35.5969  ,32.7479,-35.1743  ,32.7926,-34.8072  ,32.8888,-34.4157  ,33.1533,36.2086   ,1.56501    ,525,117406,53.3019,10.6394,120.627,0
2848,33.3705,-34.1469  ,33.229 ,-34.521    ,33.1861,-34.9195 ,33.1565,-35.3285  ,33.1391,-35.721   ,33.1307,-36.1278  ,33.1332,-36.5379   ,33.1456,-36.9454  ,33.1676,-37.3292  ,33.2026,-37.719     ,33.2444,-38.0996  ,33.3174,-38.4678  ,33.3705,-34.1469  ,33.5607,-34.5321   ,33.5814,-34.9127  ,33.5871,-35.3112  ,33.5898,-35.691   ,33.591 ,-36.0863   ,33.5904,-36.4871   ,33.588 ,-36.8839  ,33.5835,-37.2667   ,33.5727,-37.6737  ,33.541 ,-38.0753  ,33.3174,-38.4678  ,32.9388,-38.0448  ,32.823 ,-37.6728  ,32.7443,-37.2865   ,32.6985,-36.8922  ,32.674 ,-36.4712  ,32.6716,-36.0526   ,32.6922,-35.6362  ,32.7324,-35.2384  ,32.7992,-34.8309  ,32.9095,-34.4317  ,33.1578,36.2919   ,1.55678    ,539,119763,53.6841,11.2831,122.87 ,0
2849,33.327 ,-34.1694  ,33.2219,-34.5845   ,33.1795,-35.002  ,33.1574,-35.3735  ,33.143 ,-35.7845  ,33.1364,-36.217   ,33.1367,-36.5776   ,33.1456,-36.9902  ,33.1704,-37.4175  ,33.2166,-37.8309    ,33.2711,-38.1947  ,33.3344,-38.5815  ,33.327 ,-34.1694  ,33.565 ,-34.5769   ,33.5735,-35.0096  ,33.5707,-35.3848  ,33.5667,-35.783   ,33.5627,-36.1882   ,33.5607,-36.5218   ,33.5614,-36.9036  ,33.5668,-37.3118   ,33.5729,-37.7411  ,33.5589,-38.1451  ,33.3344,-38.5815  ,32.97  ,-38.157   ,32.8474,-37.824   ,32.7649,-37.4096   ,32.7254,-36.9439  ,32.7116,-36.4905  ,32.7112,-36.1006   ,32.7231,-35.6449  ,32.7504,-35.2321  ,32.7947,-34.88    ,32.8918,-34.5016  ,33.1632,36.3542   ,1.55325    ,545,121835,54.519 ,10.4993,125.113,0
2850,33.2796,-34.3501  ,33.2076,-34.7998   ,33.1455,-35.181  ,33.1142,-35.5678  ,33.1041,-35.9555  ,33.1041,-36.3433  ,33.1092,-36.7311   ,33.1335,-37.1184  ,33.176 ,-37.505   ,33.2295,-37.8898    ,33.2882,-38.2719  ,33.3429,-38.6076  ,33.2796,-34.3501  ,33.5414,-34.7773   ,33.5292,-35.1552  ,33.5118,-35.5344  ,33.5118,-35.9139  ,33.5118,-36.2935   ,33.5163,-36.6729   ,33.5455,-37.0519  ,33.5753,-37.4308   ,33.5933,-37.81    ,33.5918,-38.1898  ,33.3429,-38.6076  ,32.9634,-38.203   ,32.8427,-37.8162  ,32.7586,-37.4246   ,32.7095,-37.0301  ,32.6964,-36.6342  ,32.6964,-36.238    ,32.6961,-35.8419  ,32.7227,-35.4462  ,32.7858,-35.0528  ,32.8969,-34.6771  ,33.1663,36.4694   ,1.54886    ,560,124970,52.5699,10.2575,126.284,0
2851,33.3079,-34.502   ,33.2032,-34.9405   ,33.1424,-35.3147 ,33.1153,-35.6949  ,33.1041,-36.0758  ,33.11  ,-36.4569  ,33.1364,-36.8376   ,33.1853,-37.2936  ,33.2195,-37.6736  ,33.2744,-38.052     ,33.351 ,-38.4274  ,33.4379,-38.7667  ,33.3079,-34.502   ,33.5325,-34.9423   ,33.5145,-35.307   ,33.5118,-35.6721  ,33.5118,-36.0372  ,33.518 ,-36.4022   ,33.5485,-36.7667   ,33.5853,-37.2041  ,33.5945,-37.569    ,33.6206,-37.9336  ,33.6416,-38.2983  ,33.4379,-38.7667  ,33.0263,-38.4075  ,32.909 ,-38.019   ,32.825 ,-37.6263   ,32.7658,-37.2313  ,32.7168,-36.7562  ,32.6964,-36.3593   ,32.696 ,-35.962   ,32.7252,-35.5653  ,32.7876,-35.1706  ,32.9023,-34.7959  ,33.1871,36.6248   ,1.52905    ,557,126342,52.918 ,10.2011,127.355,0
2852,33.2043,-34.6759  ,33.1751,-35.0793   ,33.131 ,-35.5456 ,33.1145,-35.9374  ,33.1124,-36.3296  ,33.1374,-36.7215  ,33.1654,-37.1132   ,33.2139,-37.5038  ,33.262 ,-37.8944  ,33.3272,-38.2834    ,33.4067,-38.6689  ,33.4874,-39.0346  ,33.2043,-34.6759  ,33.4865,-35.0277   ,33.5118,-35.4892  ,33.5177,-35.8753  ,33.5241,-36.2613  ,33.5521,-36.647    ,33.5749,-37.0327   ,33.6051,-37.4181  ,33.6286,-37.8038   ,33.6586,-38.1894  ,33.6751,-38.5753  ,33.4874,-39.0346  ,33.1066,-38.6085  ,32.9673,-38.222   ,32.8714,-37.8292   ,32.8046,-37.4334  ,32.7429,-37.0372  ,32.7108,-36.6393   ,32.6964,-36.2409  ,32.7174,-35.8427  ,32.7625,-35.4455  ,32.8687,-34.9803  ,33.2037,36.8037   ,1.50399    ,559,124940,53.8806,10.3186,129.941,0
2853,33.1229,-34.8515  ,33.1071,-35.2747   ,33.1152,-35.6778 ,33.1241,-36.0428  ,33.1363,-36.4573  ,33.15  ,-36.8295  ,33.1777,-37.2073   ,33.2303,-37.6286  ,33.2813,-37.9783  ,33.34  ,-38.3905    ,33.3944,-38.7791  ,33.4379,-39.1437  ,33.1229,-34.8515  ,33.4025,-35.1857   ,33.4858,-35.5487  ,33.5274,-35.8759  ,33.5548,-36.2369  ,33.5654,-36.5592   ,33.5834,-36.9229   ,33.6156,-37.3867  ,33.6361,-37.7822   ,33.6429,-38.2544  ,33.619 ,-38.7106  ,33.4379,-39.1437  ,33.1578,-38.7545  ,33.0224,-38.4252  ,32.9118,-38.0716   ,32.8317,-37.7748  ,32.7627,-37.3992  ,32.7302,-36.9996   ,32.7141,-36.5635  ,32.7176,-36.0879  ,32.742 ,-35.6871  ,32.8103,-35.2576  ,33.2083,36.9081   ,1.49699    ,540,119114,52.9392,11.6373,124.77 ,0
2854,33.2112,-34.9312  ,33.1424,-35.3274   ,33.1358,-35.6802 ,33.1372,-36.0623  ,33.1448,-36.445   ,33.1602,-36.8165  ,33.1866,-37.2214   ,33.2276,-37.5727  ,33.2818,-37.9903  ,33.3292,-38.3485    ,33.3811,-38.7248  ,33.427 ,-39.0667  ,33.2112,-34.9312  ,33.4572,-35.3183   ,33.5141,-35.6383  ,33.5482,-35.9639  ,33.5692,-36.2692  ,33.586 ,-36.582    ,33.61  ,-36.9891   ,33.631 ,-37.3769  ,33.6511,-37.838    ,33.6559,-38.2454  ,33.6316,-38.6849  ,33.427 ,-39.0667  ,33.1188,-38.6752  ,32.9888,-38.3521  ,32.8988,-38.0381   ,32.811 ,-37.6663  ,32.7546,-37.3544  ,32.7291,-36.9466   ,32.7174,-36.5125  ,32.7249,-36.0505  ,32.7583,-35.616   ,32.8318,-35.2459  ,33.209 ,36.9649   ,1.49091    ,516,114987,51.0642,11.421 ,118.527,0
2855,33.2084,-35.0254  ,33.1335,-35.3932   ,33.1183,-35.7717 ,33.1261,-36.1393  ,33.1499,-36.544   ,33.1762,-36.9132  ,33.201 ,-37.2246   ,33.2406,-37.6448  ,33.279 ,-37.9804  ,33.3264,-38.3477    ,33.3759,-38.6934  ,33.4379,-39.0547  ,33.2084,-35.0254  ,33.4581,-35.3721   ,33.4988,-35.7055  ,33.5242,-36.0305  ,33.5529,-36.3875  ,33.5807,-36.7153   ,33.603 ,-37.0026   ,33.6303,-37.4194  ,33.6481,-37.7837   ,33.6547,-38.2098  ,33.635 ,-38.6142  ,33.4379,-39.0547  ,33.1027,-38.6774  ,32.9841,-38.3835  ,32.8967,-38.0683   ,32.8389,-37.7538  ,32.7886,-37.3226  ,32.7624,-36.9865   ,32.7388,-36.5806  ,32.7234,-36.1386  ,32.739 ,-35.7383  ,32.8161,-35.3285  ,33.2161,37.0159   ,1.48906    ,495,113241,49.8214,10.7312,115.698,0
2856,33.1106,-35.0992  ,33.0998,-35.4689   ,33.1093,-35.835  ,33.1265,-36.202   ,33.1525,-36.6052  ,33.1788,-36.9694  ,33.208 ,-37.3367   ,33.2403,-37.6915  ,33.2758,-38.0262  ,33.3195,-38.3892    ,33.3675,-38.768   ,33.4078,-39.1153  ,33.1106,-35.0992  ,33.4463,-35.3949   ,33.5022,-35.7358  ,33.5282,-36.0647  ,33.5545,-36.4226  ,33.5799,-36.7495   ,33.6045,-37.0939   ,33.6252,-37.45    ,33.6397,-37.8116   ,33.6417,-38.2336  ,33.6113,-38.6897  ,33.4078,-39.1153  ,33.1129,-38.7562  ,32.9845,-38.4449  ,32.8996,-38.1323   ,32.8443,-37.8174  ,32.8013,-37.4581  ,32.7685,-37.0666   ,32.7423,-36.669   ,32.7186,-36.2295  ,32.7132,-35.8364  ,32.7516,-35.4594  ,33.2089,37.042    ,1.48713    ,504,112575,49.4725,10.8162,117.113,0
2857,33.2124,-35.1312  ,33.1165,-35.5076   ,33.1062,-35.8786 ,33.1171,-36.2499  ,33.1422,-36.6475  ,33.1725,-36.9942  ,33.2062,-37.3423   ,33.2455,-37.7458  ,33.2788,-38.0819  ,33.3162,-38.4529    ,33.354 ,-38.8369  ,33.3829,-39.1747  ,33.2124,-35.1312  ,33.4672,-35.5056   ,33.4942,-35.8421  ,33.5161,-36.1668  ,33.5445,-36.5199  ,33.5727,-36.8392   ,33.6   ,-37.1722   ,33.6257,-37.5745  ,33.6388,-37.9264   ,33.6359,-38.3382  ,33.5972,-38.779   ,33.3829,-39.1747  ,33.1026,-38.8049  ,32.986 ,-38.4651  ,32.9078,-38.1272   ,32.8543,-37.8027  ,32.8008,-37.3965  ,32.7616,-37.0332   ,32.7311,-36.6601  ,32.7132,-36.2224  ,32.7177,-35.816   ,32.7739,-35.4251  ,33.204 ,37.0584   ,1.48409    ,507,113939,49.9648,10.2274,118.284,0
2858,33.1921,-35.1036  ,33.1331,-35.4956   ,33.1009,-35.9166 ,33.0981,-36.2973  ,33.1202,-36.68    ,33.1582,-37.0617  ,33.2052,-37.4333   ,33.2579,-37.7871  ,33.322 ,-38.1919  ,33.3908,-38.5991    ,33.4578,-38.9312  ,33.5673,-39.2936  ,33.1921,-35.1036  ,33.4619,-35.4295   ,33.4845,-35.8     ,33.4881,-36.1218  ,33.5072,-36.4409  ,33.5418,-36.7724   ,33.5819,-37.1156   ,33.6214,-37.4684  ,33.6645,-37.8997   ,33.7009,-38.3683  ,33.7172,-38.7673  ,33.5673,-39.2936  ,33.1743,-38.9896  ,33.0601,-38.7143  ,32.9608,-38.3678   ,32.8765,-37.9898  ,32.8119,-37.6295  ,32.7603,-37.2248   ,32.723 ,-36.7914  ,32.7055,-36.3455  ,32.723 ,-35.9078  ,32.817 ,-35.4522  ,33.2045,37.1177   ,1.47522    ,513,116324,52.0024,11.3528,123.355,0
2859,33.1342,-35.0857  ,33.1012,-35.53     ,33.0963,-35.8925 ,33.1047,-36.2841  ,33.1283,-36.6797  ,33.1638,-37.0701  ,33.2149,-37.5148   ,33.2659,-37.8795  ,33.33  ,-38.2847  ,33.3946,-38.6678    ,33.4442,-39.0339  ,33.4686,-39.4198  ,33.1342,-35.0857  ,33.4413,-35.4738   ,33.4754,-35.8034  ,33.4955,-36.1526  ,33.5224,-36.4998  ,33.5597,-36.8442   ,33.6104,-37.254    ,33.6543,-37.6209  ,33.6962,-38.0693   ,33.7189,-38.5229  ,33.705 ,-38.9589  ,33.4686,-39.4198  ,33.172 ,-39.0078  ,33.053 ,-38.7052  ,32.9451,-38.3872   ,32.8599,-38.0187  ,32.8035,-37.6507  ,32.7549,-37.1666   ,32.7245,-36.7284  ,32.709 ,-36.2837  ,32.7175,-35.855   ,32.7638,-35.4758  ,33.2173,37.2155   ,1.46189    ,535,119851,53.4807,11.0278,123.698,0
2860,33.1354,-35.1843  ,33.0935,-35.6479   ,33.0826,-36.0363 ,33.1045,-36.4246  ,33.1482,-36.8125  ,33.1843,-37.2008  ,33.22  ,-37.5891   ,33.2645,-37.977   ,33.3325,-38.3627  ,33.4092,-38.7467    ,33.5041,-39.1275  ,33.6072,-39.4863  ,33.1354,-35.1843  ,33.4256,-35.5942   ,33.4546,-35.9728  ,33.4846,-36.3527  ,33.5433,-36.7312  ,33.5826,-37.1107   ,33.6295,-37.4898   ,33.6616,-37.8698  ,33.7066,-38.2491   ,33.7365,-38.6292  ,33.769 ,-39.009   ,33.6072,-39.4863  ,33.2023,-39.0942  ,33.0465,-38.7115  ,32.934 ,-38.3218   ,32.8427,-37.9294  ,32.7983,-37.533   ,32.7685,-37.1358   ,32.7376,-36.7386  ,32.7067,-36.3414  ,32.7159,-35.9442  ,32.7725,-35.552   ,33.2314,37.3131   ,1.45713    ,554,123856,53.398 ,10.2074,129.355,0
2861,33.1165,-35.2219  ,33.094 ,-35.697    ,33.087 ,-36.0892 ,33.1135,-36.4817  ,33.1528,-36.874   ,33.1911,-37.2663  ,33.2255,-37.6589   ,33.2906,-38.1285  ,33.3537,-38.5189  ,33.4468,-38.906     ,33.5433,-39.2909  ,33.638 ,-39.6494  ,33.1165,-35.2219  ,33.4219,-35.6144   ,33.4611,-36.0004  ,33.4963,-36.387   ,33.5493,-36.7728  ,33.59  ,-37.1592   ,33.6339,-37.5454   ,33.6892,-38.0088  ,33.7244,-38.3955   ,33.7833,-38.7809  ,33.8158,-39.1678  ,33.638 ,-39.6494  ,33.2287,-39.2608  ,33.0725,-38.8767  ,32.9533,-38.4864   ,32.8624,-38.0924  ,32.8047,-37.6153  ,32.7746,-37.2166   ,32.7439,-36.818   ,32.7127,-36.4195  ,32.7162,-36.0207  ,32.7737,-35.6274  ,33.248 ,37.4284   ,1.45217    ,576,127645,54.9485,10.2051,131.941,0
2862,33.1228,-35.3035  ,33.1039,-35.774    ,33.0932,-36.1651 ,33.1284,-36.556   ,33.1616,-36.9475  ,33.2039,-37.3384  ,33.2342,-37.73     ,33.3009,-38.1979  ,33.3658,-38.5868  ,33.4536,-38.9732    ,33.5444,-39.3572  ,33.632 ,-39.6987  ,33.1228,-35.3035  ,33.4386,-35.693    ,33.474 ,-36.0781  ,33.5204,-36.4631  ,33.5617,-36.8485  ,33.6141,-37.2333   ,33.6461,-37.6192   ,33.6998,-38.0814  ,33.7299,-38.4675   ,33.7846,-38.8521  ,33.8148,-39.2382  ,33.632 ,-39.6987  ,33.2333,-39.3249  ,33.0934,-38.9392  ,32.9681,-38.5513   ,32.8779,-38.1587  ,32.8101,-37.6841  ,32.7797,-37.287    ,32.7496,-36.8898  ,32.7183,-36.4927  ,32.7168,-36.0953  ,32.775 ,-35.7037  ,33.2531,37.4718   ,1.45408    ,573,129059,54.513 ,10.2838,131.113,0
2863,33.1228,-35.3035  ,33.1038,-35.7756   ,33.0945,-36.1674 ,33.132 ,-36.5592  ,33.168 ,-36.9513  ,33.2073,-37.3432  ,33.2377,-37.7357   ,33.305 ,-38.2046  ,33.3739,-38.5941  ,33.4634,-38.981     ,33.5526,-39.367   ,33.638 ,-39.7245  ,33.1228,-35.3035  ,33.4389,-35.6943   ,33.4736,-36.0803  ,33.5272,-36.4657  ,33.5683,-36.852   ,33.6227,-37.2375   ,33.6529,-37.6244   ,33.7004,-38.088   ,33.736 ,-38.4746   ,33.7916,-38.86    ,33.8219,-39.2469  ,33.638 ,-39.7245  ,33.2438,-39.3334  ,33.1016,-38.9474  ,32.9764,-38.5585   ,32.8855,-38.165   ,32.8106,-37.69    ,32.7801,-37.292    ,32.7499,-36.8939  ,32.7186,-36.4959  ,32.7166,-36.0977  ,32.7746,-35.7051  ,33.2587,37.4842   ,1.45147    ,578,130133,54.8251,10.3616,131.941,0
2864,33.1226,-35.3035  ,33.1036,-35.7759   ,33.0932,-36.1681 ,33.1288,-36.5603  ,33.1681,-37.0315  ,33.2071,-37.4238  ,33.2392,-37.8166   ,33.3025,-38.2073  ,33.3896,-38.6747  ,33.4794,-39.0617    ,33.579 ,-39.4465  ,33.6824,-39.8124  ,33.1226,-35.3035  ,33.4391,-35.6942   ,33.4736,-36.0801  ,33.5209,-36.466   ,33.5681,-36.9297  ,33.6161,-37.3157   ,33.646 ,-37.7026   ,33.7007,-38.0882  ,33.7478,-38.5519   ,33.7974,-38.9378  ,33.8337,-39.3244  ,33.6824,-39.8124  ,33.2816,-39.4153  ,33.1254,-39.031   ,32.9954,-38.6423   ,32.8805,-38.1701  ,32.8171,-37.7735  ,32.7863,-37.3749   ,32.7563,-36.9762  ,32.7187,-36.4978  ,32.7165,-36.0988  ,32.7745,-35.7055  ,33.2625,37.5172   ,1.44759    ,583,131501,56.0149,10.2036,134.77 ,0
2865,33.0848,-35.2726  ,33.0954,-35.7225   ,33.0895,-36.1884 ,33.1275,-36.5787  ,33.1695,-37.0475  ,33.2082,-37.438   ,33.2411,-37.8288   ,33.3128,-38.2957  ,33.3824,-38.6837  ,33.4867,-39.1462    ,33.585 ,-39.5292  ,33.6824,-39.894   ,33.0848,-35.2726  ,33.417 ,-35.631    ,33.4672,-36.0898  ,33.5161,-36.4751  ,33.5687,-36.9379  ,33.6166,-37.3233   ,33.6465,-37.7098   ,33.707 ,-38.1721  ,33.7487,-38.5579   ,33.804 ,-39.0205  ,33.8401,-39.4066  ,33.6824,-39.894   ,33.289 ,-39.4991  ,33.1339,-39.118   ,32.9803,-38.6551   ,32.8959,-38.2636  ,32.8183,-37.7917  ,32.7879,-37.3962   ,32.7582,-37.0008  ,32.7209,-36.5263  ,32.714 ,-36.1306  ,32.7741,-35.6686  ,33.2636,37.5514   ,1.44811    ,595,133041,57.3733,10.2069,137.598,0
2866,33.1226,-35.3035  ,33.1037,-35.7769   ,33.0946,-36.1696 ,33.1378,-36.6407  ,33.1742,-37.0338  ,33.2139,-37.4266  ,33.2584,-37.8983   ,33.3153,-38.2898  ,33.3939,-38.6796  ,33.5043,-39.1446    ,33.6009,-39.5306  ,33.7011,-39.894   ,33.1226,-35.3035  ,33.4393,-35.6954   ,33.4732,-36.0821  ,33.5396,-36.5456  ,33.5804,-36.9327  ,33.6289,-37.3194   ,33.6672,-37.7845   ,33.7069,-38.1717  ,33.7613,-38.558    ,33.8201,-39.022   ,33.8651,-39.4089  ,33.7011,-39.894   ,33.2949,-39.4989  ,33.1507,-39.1122  ,32.9906,-38.6459   ,32.8991,-38.2514  ,32.8249,-37.8553  ,32.7827,-37.3768   ,32.75  ,-36.9778  ,32.7187,-36.5788  ,32.7164,-36.0998  ,32.7744,-35.7061  ,33.2734,37.5653   ,1.44317    ,601,134171,57.0303,10.4026,138.426,0
2867,33.1226,-35.3035  ,33.1031,-35.7711   ,33.0935,-36.1606 ,33.1396,-36.628   ,33.1719,-37.018   ,33.209 ,-37.4078  ,33.2548,-37.8755   ,33.3156,-38.2636  ,33.3949,-38.65    ,33.5016,-39.1113    ,33.6017,-39.4937  ,33.7073,-39.8436  ,33.1226,-35.3035  ,33.4374,-35.6869   ,33.4735,-36.0677  ,33.5363,-36.5246  ,33.5722,-36.9064  ,33.62  ,-37.2876   ,33.6616,-37.7459   ,33.7098,-38.127   ,33.7599,-38.508    ,33.8122,-38.9657  ,33.867 ,-39.3465  ,33.7073,-39.8436  ,33.2968,-39.4894  ,33.1537,-39.1032  ,32.994 ,-38.6379   ,32.8977,-38.245   ,32.824 ,-37.8497  ,32.786 ,-37.372    ,32.7561,-36.9738  ,32.7248,-36.5756  ,32.7166,-36.0975  ,32.7747,-35.7048  ,33.2724,37.5521   ,1.44387    ,596,134164,56.4501,10.3503,135.355,0
2868,33.1165,-35.385   ,33.0998,-35.851    ,33.0987,-36.2395 ,33.1396,-36.628   ,33.1869,-37.0945  ,33.2213,-37.4835  ,33.2699,-37.8717   ,33.3291,-38.2589  ,33.4088,-38.6444  ,33.5064,-39.1058    ,33.6071,-39.4849  ,33.7135,-39.8243  ,33.1165,-35.385   ,33.4367,-35.7659   ,33.482 ,-36.1454  ,33.5363,-36.5252  ,33.594 ,-36.9814  ,33.6387,-37.3618   ,33.6858,-37.7421   ,33.722 ,-38.1229  ,33.7778,-38.5027   ,33.8232,-38.9596  ,33.8725,-39.3397  ,33.7135,-39.8243  ,33.3003,-39.4822  ,33.1546,-39.0981  ,33.0049,-38.6323   ,32.9092,-38.2402  ,32.83  ,-37.8464  ,32.7919,-37.4495   ,32.7622,-37.0522  ,32.7248,-36.5754  ,32.71  ,-36.1779  ,32.7683,-35.786   ,33.2786,37.5776   ,1.43768    ,586,132099,55.2146,10.5736,132.527,0
2869,33.0659,-35.5792  ,33.0943,-35.9864   ,33.1295,-36.4576 ,33.1681,-36.8525  ,33.2127,-37.2472  ,33.2502,-37.6425  ,33.305 ,-38.0366   ,33.3776,-38.4294  ,33.4539,-38.8211  ,33.5455,-39.2108    ,33.6414,-39.5988  ,33.732 ,-39.9691  ,33.0659,-35.5792  ,33.4011,-35.8768   ,33.5009,-36.3367  ,33.5613,-36.7282  ,33.6217,-37.1197  ,33.6633,-37.5123   ,33.7116,-37.9046   ,33.765 ,-38.2965  ,33.81  ,-38.6889   ,33.8587,-39.0811  ,33.8892,-39.4744  ,33.732 ,-39.9691  ,33.3528,-39.5685  ,33.1969,-39.1849  ,33.0679,-38.7966   ,32.9599,-38.4054  ,32.8751,-38.0113  ,32.8173,-37.6148   ,32.7864,-37.2168  ,32.7564,-36.8189  ,32.7461,-36.4205  ,32.7815,-35.9473  ,33.3058,37.7227   ,1.42434    ,567,126095,54.5768,10.4504,133.012,0
2870,32.9684,-35.7831  ,33.0723,-36.2192   ,33.1279,-36.5869 ,33.1748,-36.9811  ,33.221 ,-37.3769  ,33.2696,-37.7626  ,33.3378,-38.1827   ,33.4207,-38.5705  ,33.5089,-38.9534  ,33.5863,-39.3459    ,33.6481,-39.7302  ,33.6826,-40.1194  ,32.9684,-35.7831  ,33.3788,-36.062    ,33.4922,-36.3732  ,33.5608,-36.7056  ,33.6117,-37.0496  ,33.6576,-37.4064   ,33.7116,-37.8337   ,33.7727,-38.2604  ,33.832 ,-38.7027   ,33.8724,-39.1664  ,33.875 ,-39.6258  ,33.6826,-40.1194  ,33.4066,-39.7275  ,33.2796,-39.4134  ,33.1615,-39.0932   ,33.0438,-38.7717  ,32.9424,-38.4167  ,32.8648,-37.9924   ,32.8147,-37.5731  ,32.7735,-37.1241  ,32.7467,-36.6726  ,32.7448,-36.264   ,33.3222,37.8591   ,1.4148     ,535,120075,53.9656,12.0911,124.77 ,0
2871,33.0367,-35.9199  ,33.0964,-36.3387   ,33.1362,-36.7263 ,33.1783,-37.1316  ,33.219 ,-37.4612  ,33.2858,-37.8979  ,33.3575,-38.2379   ,33.4459,-38.6208  ,33.5301,-39.0162  ,33.5962,-39.3632    ,33.6521,-39.7665  ,33.662 ,-40.1259  ,33.0367,-35.9199  ,33.3695,-36.176    ,33.4739,-36.4837  ,33.545 ,-36.8157  ,33.5969,-37.0965  ,33.6681,-37.494    ,33.7297,-37.8415   ,33.8009,-38.2639  ,33.8601,-38.7252   ,33.8879,-39.1542  ,33.8732,-39.6664  ,33.662 ,-40.1259  ,33.4192,-39.7541  ,33.2838,-39.456   ,33.177 ,-39.1924   ,33.0656,-38.8675  ,32.96  ,-38.5246  ,32.8825,-38.1819   ,32.824 ,-37.6959  ,32.7966,-37.3129  ,32.7853,-36.835   ,32.8095,-36.3826  ,33.3386,37.9867   ,1.40297    ,515,115257,52.2409,12.8063,119.355,0
2872,33.1444,-36.1709  ,33.16  ,-36.5381   ,33.1821,-36.9397 ,33.2092,-37.2997  ,33.2466,-37.6538  ,33.2963,-37.9915  ,33.3695,-38.3571   ,33.4495,-38.7063  ,33.525 ,-39.0574  ,33.5774,-39.3677    ,33.6211,-39.7284  ,33.6515,-40.0735  ,33.1444,-36.1709  ,33.4191,-36.4237   ,33.531 ,-36.7547  ,33.5937,-37.057   ,33.6448,-37.3642  ,33.6959,-37.6711   ,33.7592,-38.0327   ,33.8199,-38.4136  ,33.8641,-38.8256   ,33.8795,-39.1973  ,33.8585,-39.6279  ,33.6515,-40.0735  ,33.3733,-39.729   ,33.2598,-39.4336  ,33.166 ,-39.1873   ,33.0561,-38.8997  ,32.9574,-38.5803  ,32.8784,-38.2023   ,32.8343,-37.8271  ,32.8146,-37.4225  ,32.8259,-37.0057  ,32.896 ,-36.5471  ,33.3424,38.0557   ,1.40098    ,504,112367,48.361 ,11.9569,115.355,0
2873,33.1084,-36.0979  ,33.0937,-36.5146   ,33.1355,-36.8862 ,33.1836,-37.2277  ,33.2454,-37.6257  ,33.3009,-37.9596  ,33.3691,-38.3391   ,33.4427,-38.7113  ,33.5206,-39.0809  ,33.5807,-39.4045    ,33.6325,-39.778   ,33.6527,-40.1409  ,33.1084,-36.0979  ,33.4358,-36.4533   ,33.5203,-36.7956  ,33.573 ,-37.0995  ,33.634 ,-37.4465  ,33.6904,-37.7383   ,33.7595,-38.0825   ,33.8265,-38.4472  ,33.878 ,-38.8538   ,33.8973,-39.2417  ,33.878 ,-39.7006  ,33.6527,-40.1409  ,33.3755,-39.7514  ,33.2457,-39.459   ,33.1414,-39.2015   ,33.037 ,-38.8697  ,32.9587,-38.4883  ,32.8923,-38.071    ,32.8389,-37.6921  ,32.7772,-37.2415  ,32.7361,-36.8655  ,32.7456,-36.4783  ,33.3442,38.0853   ,1.39666    ,506,111791,50.1862,11.0106,117.355,0
2874,33.1427,-36.1046  ,33.1518,-36.4927   ,33.1727,-36.9155 ,33.2042,-37.284   ,33.251 ,-37.6355  ,33.3188,-38.0263  ,33.3808,-38.3557   ,33.4531,-38.7422  ,33.5249,-39.1311  ,33.5836,-39.4643    ,33.6419,-39.8446  ,33.6877,-40.206   ,33.1427,-36.1046  ,33.4097,-36.3828   ,33.512 ,-36.7402  ,33.5712,-37.0614  ,33.6254,-37.378   ,33.6915,-37.7436   ,33.7494,-38.0656   ,33.8139,-38.4628  ,33.8685,-38.8898   ,33.8964,-39.2825  ,33.8913,-39.7454  ,33.6877,-40.206   ,33.3771,-39.839   ,33.2524,-39.535   ,33.1608,-39.2616   ,33.0716,-38.9108  ,32.9917,-38.5359  ,32.9259,-38.1988   ,32.859 ,-37.7785  ,32.8245,-37.3858  ,32.8258,-36.9666  ,32.8898,-36.4905  ,33.3513,38.1109   ,1.40307    ,503,112635,50.8266,10.937 ,117.941,0
2875,33.1237,-36.2165  ,33.1483,-36.5863   ,33.1767,-36.9963 ,33.2128,-37.352   ,33.2626,-37.6906  ,33.3336,-38.0654  ,33.4088,-38.4358   ,33.4676,-38.7669  ,33.5273,-39.1646  ,33.5727,-39.501     ,33.614 ,-39.8721  ,33.6369,-40.2091  ,33.1237,-36.2165  ,33.4178,-36.4503   ,33.5263,-36.7989  ,33.586 ,-37.1139  ,33.64  ,-37.4222  ,33.7083,-37.7738   ,33.7797,-38.1385   ,33.8326,-38.4838  ,33.8745,-38.9242   ,33.8882,-39.317   ,33.8637,-39.7637  ,33.6369,-40.2091  ,33.3546,-39.8798  ,33.2431,-39.5741  ,33.1638,-39.2917   ,33.0841,-38.9374  ,33.0169,-38.6258  ,32.9375,-38.2516   ,32.8668,-37.8488  ,32.8256,-37.4736  ,32.8175,-37.0735  ,32.8722,-36.6138  ,33.3529,38.126    ,1.40698    ,505,113392,49.4281,11.1233,117.113,0
2876,33.0897,-36.1492  ,33.1288,-36.5846   ,33.1596,-36.9271 ,33.2039,-37.3426  ,33.2633,-37.7297  ,33.3346,-38.0888  ,33.4073,-38.4352   ,33.4852,-38.8352  ,33.5477,-39.1811  ,33.6151,-39.5949    ,33.6555,-39.9342  ,33.6635,-40.3159  ,33.0897,-36.1492  ,33.4248,-36.4987   ,33.5142,-36.8022  ,33.581 ,-37.1809  ,33.6441,-37.5414  ,33.7179,-37.88     ,33.7933,-38.2144   ,33.8645,-38.6173  ,33.9107,-38.9795   ,33.9456,-39.4452  ,33.9334,-39.8373  ,33.6635,-40.3159  ,33.3681,-39.9212  ,33.2668,-39.6276  ,33.164 ,-39.2653   ,33.0842,-38.9394  ,32.9976,-38.5412  ,32.9269,-38.1804   ,32.8606,-37.7934  ,32.8101,-37.369   ,32.7924,-36.9118  ,32.8204,-36.5423  ,33.3632,38.1887   ,1.40071    ,512,115519,51.6663,10.5502,120.77 ,0
2877,33.0681,-36.2187  ,33.1098,-36.6121   ,33.1599,-37.0625 ,33.2119,-37.4473  ,33.2749,-37.8079  ,33.355 ,-38.2095  ,33.4358,-38.609    ,33.507 ,-38.9533  ,33.5899,-39.3625  ,33.6639,-39.779     ,33.7149,-40.1275  ,33.7516,-40.5079  ,33.0681,-36.2187  ,33.3946,-36.4959   ,33.5145,-36.8779  ,33.5806,-37.2168  ,33.6431,-37.5462  ,33.7236,-37.918    ,33.8061,-38.2982   ,33.8725,-38.649   ,33.9355,-39.1046   ,33.9731,-39.5957  ,33.971 ,-40.0178  ,33.7516,-40.5079  ,33.4437,-40.1248  ,33.3352,-39.8433  ,33.2212,-39.5024   ,33.1175,-39.1424  ,33.0423,-38.8055  ,32.9633,-38.3872   ,32.8845,-37.9523  ,32.8242,-37.5527  ,32.79  ,-37.1158  ,32.8115,-36.6091  ,33.3892,38.3143   ,1.39029    ,530,119061,53.3155,11.2457,123.355,0
2878,33.1156,-36.3814  ,33.1347,-36.785    ,33.1848,-37.245  ,33.247 ,-37.6396  ,33.3209,-38.0169  ,33.3977,-38.3832  ,33.484 ,-38.8153   ,33.5589,-39.1898  ,33.6514,-39.6198  ,33.7228,-39.9866    ,33.7771,-40.4051  ,33.794 ,-40.7638  ,33.1156,-36.3814  ,33.4501,-36.6858   ,33.5523,-37.0888  ,33.6213,-37.4443  ,33.6971,-37.7902  ,33.778 ,-38.1316   ,33.8661,-38.551    ,33.9339,-38.9387  ,34.0064,-39.4135   ,34.0506,-39.8319  ,34.0435,-40.3126  ,33.794 ,-40.7638  ,33.5009,-40.3815  ,33.3732,-40.0197  ,33.2709,-39.7032   ,33.1578,-39.3173  ,33.0774,-38.9548  ,32.992 ,-38.5129   ,32.9194,-38.12    ,32.85  ,-37.7054  ,32.7996,-37.268   ,32.81  ,-36.7606  ,33.4302,38.5133   ,1.38398    ,549,121737,54.4866,10.8673,126.77 ,0
2879,33.0996,-36.5514  ,33.1399,-36.9886   ,33.1981,-37.3644 ,33.2824,-37.809   ,33.3571,-38.1866  ,33.4311,-38.5602  ,33.517 ,-38.9966   ,33.5937,-39.3723  ,33.6674,-39.7572  ,33.7317,-40.1465    ,33.7745,-40.5294  ,33.7997,-40.9257  ,33.0996,-36.5514  ,33.4653,-36.8718   ,33.5617,-37.1926  ,33.6569,-37.5855  ,33.7352,-37.9331  ,33.814 ,-38.2835   ,33.8997,-38.7132   ,33.9653,-39.1131  ,34.0205,-39.5458   ,34.0575,-39.9953  ,34.0564,-40.435   ,33.7997,-40.9257  ,33.482 ,-40.5003  ,33.3867,-40.1678  ,33.2906,-39.8392   ,33.1961,-39.5055  ,33.1094,-39.1552  ,33.0238,-38.7123   ,32.9539,-38.3152  ,32.883 ,-37.9057  ,32.8124,-37.4094  ,32.7988,-36.9856  ,33.4498,38.6694   ,1.38435    ,550,121654,54.3938,11.1054,126.184,0
2880,33.1624,-36.7281  ,33.1548,-37.1424   ,33.2194,-37.5348 ,33.2933,-37.8852  ,33.3808,-38.2967  ,33.4498,-38.657   ,33.5273,-39.0847   ,33.5974,-39.4508  ,33.6692,-39.8166  ,33.7308,-40.1907    ,33.7696,-40.6216  ,33.7679,-40.9645  ,33.1624,-36.7281  ,33.4845,-37.0813   ,33.5894,-37.4274  ,33.673 ,-37.7328  ,33.7696,-38.0941  ,33.8437,-38.4225   ,33.9227,-38.8298   ,33.9862,-39.2035  ,34.039 ,-39.6082   ,34.0691,-40.0438  ,34.0459,-40.5474  ,33.7679,-40.9645  ,33.4876,-40.5782  ,33.3749,-40.2116  ,33.2759,-39.9025   ,33.1847,-39.5763  ,33.1098,-39.2167  ,33.0334,-38.7704   ,32.9675,-38.3809  ,32.8877,-37.9211  ,32.827 ,-37.526   ,32.8148,-37.0991  ,33.4692,38.8065   ,1.38423    ,535,118410,52.6788,11.0412,122.77 ,0
